hook yball 1 0.06 -0.08499999999999999 -1 -1 0.06567108643555614 -0.2011885662173695 -1 -1
hook yball 1 0.06 -0.08499999999999999 -1 -1 0.06052892382460607 -0.20268904071466623 -1 -1
hook yball 1 0.06 -0.08499999999999999 -1 -1 0.06338077295767316 -0.2075844576480557 -1 -1
hook yball 1 0.06 -0.08499999999999999 -1 -1 0.06030804792475637 -0.20586242150527026 -1 -1
hook yball 1 0.06 -0.08499999999999999 -1 -1 0.06283088326440274 -0.2008894253884529 -1 -1
hook yball 1 0.06 -0.08499999999999999 -1 -1 0.0648547853551738 -0.20096607741058722 -1 -1
hook yball 1 0.06 -0.08499999999999999 -1 -1 0.05913222114548592 -0.20620008464327746 -1 -1
hook yball 1 0.06 -0.08499999999999999 -1 -1 0.06093970817479715 -0.20087933604460298 -1 -1
hook yball 1 0.06 -0.08499999999999999 -1 -1 0.0649769426277495 -0.21492780552841173 -1 -1
hook yball 1 0.06 -0.08499999999999999 -1 -1 0.05668926898824682 -0.21937695546147742 -1 -1
hook yball 1 0.06 -0.08499999999999999 -1 -1 0.059481978114181086 -0.20309415723492788 -1 -1
hook yball 1 0.06 -0.08499999999999999 -1 -1 0.05952720279807295 -0.20108097232348382 -1 -1
hook yball 1 0.06 -0.08499999999999999 -1 -1 0.06189483986246945 -0.2029994405076652 -1 -1
hook yball 1 0.06 -0.08499999999999999 -1 -1 0.0738052688756003 -0.2063904538566997 -1 -1
hook yball 1 0.06 -0.08499999999999999 -1 -1 0.05950326650245432 -0.20375222271388796 -1 -1
hook yball 1 0.06 -0.08499999999999999 -1 -1 0.058314161041169744 -0.22478800009448854 -1 -1
hook yball 1 0.06 -0.08499999999999999 -1 -1 0.06656404846926577 -0.2143811059869229 -1 -1
hook yball 1 0.06 -0.08499999999999999 -1 -1 0.0615696677785557 -0.2120495298571103 -1 -1
hook yball 1 0.06 -0.08499999999999999 -1 -1 0.06405776560291154 -0.2054485758133542 -1 -1
hook yball 1 0.06 -0.08499999999999999 -1 -1 0.0625979982202285 -0.21247466257569952 -1 -1
hook yball 1 0.06 -0.08499999999999999 -1 -1 0.08258644536278069 -0.21115768140245797 -1 -1
hook yball 1 0.06 -0.08499999999999999 -1 -1 0.056544147665889256 -0.20109972601726958 -1 -1
hook yball 1 0.06 -0.08499999999999999 -1 -1 0.06259051214500658 -0.20077929078976958 -1 -1
hook yball 1 0.06 -0.08499999999999999 -1 -1 0.0735940318508534 -0.20235209750204589 -1 -1
hook yball 1 0.06 -0.08499999999999999 -1 -1 0.061798522763936665 -0.21353099189612623 -1 -1
hook yball 1 0.06 -0.08499999999999999 -1 -1 0.052210221523427615 -0.2009140091187701 -1 -1
hook yball 1 0.06 -0.08499999999999999 -1 -1 0.05858984670134751 -0.20503910152349109 -1 -1
hook yball 1 0.06 -0.08499999999999999 -1 -1 0.06165647430855296 -0.20575390980975883 -1 -1
hook yball 1 0.06 -0.08499999999999999 -1 -1 0.05512528613766055 -0.20149765168159456 -1 -1
hook yball 1 0.06 -0.08499999999999999 -1 -1 0.059294109018560234 -0.20930421588560674 -1 -1
hook yball 1 0.06 -0.08499999999999999 -1 -1 0.05950802374143798 -0.20254722588621005 -1 -1
hook yball 1 0.06 -0.08499999999999999 -1 -1 0.036814287093758856 -0.19645135890528528 -1 -1
hook yball 1 0.06 -0.08499999999999999 -1 -1 0.055702236780352354 -0.20135605761524908 -1 -1
hook yball 1 0.06 -0.08499999999999999 -1 -1 0.03328593593724506 -0.21405102462310704 -1 -1
hook yball 1 0.06 -0.08499999999999999 -1 -1 0.0623415800814598 -0.20456002357686617 -1 -1
hook yball 1 0.06 -0.08499999999999999 -1 -1 0.07571393656501749 -0.2153025983915904 -1 -1
hook yball 1 0.06 -0.08499999999999999 -1 -1 0.04952297909846017 -0.211999760987247 -1 -1
hook yball 1 0.06 -0.08499999999999999 -1 -1 0.056193863389433 -0.20175520329826507 -1 -1
hook yball 1 0.06 -0.08499999999999999 -1 -1 0.07323827946581984 -0.21168146666698703 -1 -1
hook yball 1 0.06 -0.08499999999999999 -1 -1 0.037174562014426614 -0.20504538543008208 -1 -1
hook yball 1 0.06 -0.08499999999999999 -1 -1 0.03953524316547112 -0.2095369261193963 -1 -1
hook yball 1 0.06 -0.08499999999999999 -1 -1 0.052387427914340264 -0.20829309707174684 -1 -1
hook yball 1 0.06 -0.08499999999999999 -1 -1 0.06379181719871707 -0.20125545211053225 -1 -1
hook yball 1 0.06 -0.08499999999999999 -1 -1 0.07345669107162422 -0.2191507979257231 -1 -1
hook yball 1 0.06 -0.08499999999999999 -1 -1 0.06478667222443191 -0.21644875556358315 -1 -1
hook yball 1 0.06 -0.08499999999999999 -1 -1 0.07139571150194138 -0.21140796935437856 -1 -1
hook yball 1 0.06 -0.08499999999999999 -1 -1 0.06053791045253152 -0.20095635500805942 -1 -1
hook yball 1 0.06 -0.08499999999999999 -1 -1 0.060046380850886864 -0.2008998047425623 -1 -1
hook yball 1 0.06 -0.08499999999999999 -1 -1 0.07689043390265927 -0.21545046756924935 -1 -1
hook yball 1 0.06 -0.08499999999999999 -1 -1 0.061164445900332584 -0.20098715061749223 -1 -1
