stick bball 2 0.06 0.05 -1 -1 0.05965043039905547 0.15699779803354624 -1 -1
stick bball 2 0.06 0.05 -1 -1 0.058972921560588795 0.1572415744385865 -1 -1
stick bball 2 0.06 0.05 -1 -1 0.061814537592010964 0.1571095845236842 -1 -1
stick bball 2 0.06 0.05 -1 -1 0.057992382106919135 0.16136012429681768 -1 -1
stick bball 2 0.06 0.05 -1 -1 0.0558148404471363 0.16356421219153613 -1 -1
stick bball 2 0.06 0.05 -1 -1 0.060817750643407005 0.15703556719553083 -1 -1
stick bball 2 0.06 0.05 -1 -1 0.06141317750788587 0.15836107287584514 -1 -1
stick bball 2 0.06 0.05 -1 -1 0.06208906737028361 0.15707851063143868 -1 -1
stick bball 2 0.06 0.05 -1 -1 0.05760597936635991 0.16353802975816104 -1 -1
stick bball 2 0.06 0.05 -1 -1 0.06168084024653338 0.16176883700119005 -1 -1
stick bball 2 0.06 0.05 -1 -1 0.057647205663052745 0.16362722353477657 -1 -1
stick bball 2 0.06 0.05 -1 -1 0.06013881875250962 0.1580071423560349 -1 -1
stick bball 2 0.06 0.05 -1 -1 0.060620238377390764 0.1575081388481405 -1 -1
stick bball 2 0.06 0.05 -1 -1 0.059743887765547996 0.157118405114937 -1 -1
stick bball 2 0.06 0.05 -1 -1 0.06102532415651857 0.1571045858198851 -1 -1
stick bball 2 0.06 0.05 -1 -1 0.05785055621142473 0.15710193092755695 -1 -1
stick bball 2 0.06 0.05 -1 -1 0.06150731327238108 0.15701414402333447 -1 -1
stick bball 2 0.06 0.05 -1 -1 0.05775031306770071 0.15707668445757547 -1 -1
stick bball 2 0.06 0.05 -1 -1 0.05976457786301271 0.16153321043391128 -1 -1
stick bball 2 0.06 0.05 -1 -1 0.060802766552318054 0.1570931907994155 -1 -1
stick bball 2 0.06 0.05 -1 -1 0.05946496898737038 0.1592430495546067 -1 -1
stick bball 2 0.06 0.05 -1 -1 0.06415461062395252 0.16721070446596703 -1 -1
stick bball 2 0.06 0.05 -1 -1 0.058741039873022455 0.16364787972949404 -1 -1
stick bball 2 0.06 0.05 -1 -1 0.059791258453093785 0.1570417652527133 -1 -1
stick bball 2 0.06 0.05 -1 -1 0.060307008343322276 0.1570795666410488 -1 -1
stick bball 2 0.06 0.05 -1 -1 0.057008350544016435 0.159903157461355 -1 -1
stick bball 2 0.06 0.05 -1 -1 0.06100109297122181 0.15701051859409038 -1 -1
stick bball 2 0.06 0.05 -1 -1 0.05772081131408988 0.157124526648146 -1 -1
stick bball 2 0.06 0.05 -1 -1 0.06385405531313276 0.158769759521578 -1 -1
stick bball 2 0.06 0.05 -1 -1 0.0578235806601666 0.15714856690159013 -1 -1
stick bball 2 0.06 0.05 -1 -1 0.05956550654656909 0.15705456407285234 -1 -1
stick bball 2 0.06 0.05 -1 -1 0.061156579115292826 0.15760024249177856 -1 -1
stick bball 2 0.06 0.05 -1 -1 0.061828788144420645 0.15887060208924672 -1 -1
stick bball 2 0.06 0.05 -1 -1 0.06086803470364666 0.1644867828810061 -1 -1
stick bball 2 0.06 0.05 -1 -1 0.060152089884521615 0.15719210310110396 -1 -1
stick bball 2 0.06 0.05 -1 -1 0.06117135571401913 0.16112903660071812 -1 -1
stick bball 2 0.06 0.05 -1 -1 0.05955613196779781 0.1569972405740409 -1 -1
stick bball 2 0.06 0.05 -1 -1 0.05878302281837972 0.162848886114403 -1 -1
stick bball 2 0.06 0.05 -1 -1 0.057993504335448594 0.1705492988176264 -1 -1
stick bball 2 0.06 0.05 -1 -1 0.05613241295554331 0.166334030718003 -1 -1
stick bball 2 0.06 0.05 -1 -1 0.058258734595920555 0.15702722094716176 -1 -1
stick bball 2 0.06 0.05 -1 -1 0.05932735683519203 0.15835416037747804 -1 -1
stick bball 2 0.06 0.05 -1 -1 0.062254987296820094 0.15707593681800563 -1 -1
stick bball 2 0.06 0.05 -1 -1 0.06013807800266946 0.1570054874433035 -1 -1
stick bball 2 0.06 0.05 -1 -1 0.061306407854786506 0.15720759292956477 -1 -1
stick bball 2 0.06 0.05 -1 -1 0.060835723751191235 0.15888945903162252 -1 -1
stick bball 2 0.06 0.05 -1 -1 0.059978518415801235 0.15713259244884473 -1 -1
stick bball 2 0.06 0.05 -1 -1 0.06048165127482033 0.16564682056078633 -1 -1
stick bball 2 0.06 0.05 -1 -1 0.05852624838245184 0.15711993252181006 -1 -1
stick bball 2 0.06 0.05 -1 -1 0.05769811759257181 0.15706249366807323 -1 -1
stick bball 2 0.06 0.05 -1 -1 0.05819660050417329 0.1571496006694019 -1 -1
stick bball 2 0.06 0.05 -1 -1 0.06011029129054957 0.1571615640409788 -1 -1
stick bball 2 0.06 0.05 -1 -1 0.0604338717462824 0.15847485136552464 -1 -1
stick bball 2 0.06 0.05 -1 -1 0.059958399641040286 0.15723453152807282 -1 -1
stick bball 2 0.06 0.05 -1 -1 0.05888569967004693 0.1615456479595714 -1 -1
stick bball 2 0.06 0.05 -1 -1 0.05768107107505794 0.1612329440362802 -1 -1
stick bball 2 0.06 0.05 -1 -1 0.05911067534133566 0.1570945130705506 -1 -1
stick bball 2 0.06 0.05 -1 -1 0.06014195851634013 0.1588289291179895 -1 -1
stick bball 2 0.06 0.05 -1 -1 0.05995306089801917 0.15771154952216043 -1 -1
stick bball 2 0.06 0.05 -1 -1 0.05824800882382121 0.16485559021922758 -1 -1
stick bball 2 0.06 0.05 -1 -1 0.05759801706164491 0.15716027782727215 -1 -1
stick bball 2 0.06 0.05 -1 -1 0.05816872674572292 0.16518545922255806 -1 -1
stick bball 2 0.06 0.05 -1 -1 0.05895356555030852 0.1570940866661285 -1 -1
stick bball 2 0.06 0.05 -1 -1 0.06047972599295975 0.15717553610008472 -1 -1
stick bball 2 0.06 0.05 -1 -1 0.0582818402934339 0.16466875562004127 -1 -1
stick bball 2 0.06 0.05 -1 -1 0.06004877468864334 0.15710032818237032 -1 -1
stick bball 2 0.06 0.05 -1 -1 0.05730350711106674 0.16319738562149602 -1 -1
stick bball 2 0.06 0.05 -1 -1 0.05721289395502109 0.16189383725478176 -1 -1
stick bball 2 0.06 0.05 -1 -1 0.06436339990054595 0.16547711630755882 -1 -1
stick bball 2 0.06 0.05 -1 -1 0.06562441860959412 0.16436914862445087 -1 -1
stick bball 2 0.06 0.05 -1 -1 0.06213308260110186 0.1608673574671324 -1 -1
stick bball 2 0.06 0.05 -1 -1 0.060953200923165814 0.16204839642199434 -1 -1
stick bball 2 0.06 0.05 -1 -1 0.05704969343108321 0.1594394283435945 -1 -1
stick bball 2 0.06 0.05 -1 -1 0.05993184389228681 0.1575288543034305 -1 -1
stick bball 2 0.06 0.05 -1 -1 0.056870224262796275 0.1584714878337908 -1 -1
stick bball 2 0.06 0.05 -1 -1 0.060425268553982614 0.1571956415375647 -1 -1
stick bball 2 0.06 0.05 -1 -1 0.05169875936327609 0.16279675559332352 -1 -1
stick bball 2 0.06 0.05 -1 -1 0.056345166135983886 0.15743837118287957 -1 -1
stick bball 2 0.06 0.05 -1 -1 0.05957966843013653 0.15710340867637865 -1 -1
stick bball 2 0.06 0.05 -1 -1 0.06364020206042427 0.16282626581575468 -1 -1
stick bball 2 0.06 0.05 -1 -1 0.06376171901415167 0.15882268345193779 -1 -1
stick bball 2 0.06 0.05 -1 -1 0.062404494321705424 0.15941945303721633 -1 -1
stick bball 2 0.06 0.05 -1 -1 0.053347830579785135 0.16365429690256286 -1 -1
stick bball 2 0.06 0.05 -1 -1 0.0577312955728551 0.15714544445483572 -1 -1
stick bball 2 0.06 0.05 -1 -1 0.05975982411569285 0.1579271803106475 -1 -1
stick bball 2 0.06 0.05 -1 -1 0.05850937579432712 0.15840442070092606 -1 -1
stick bball 2 0.06 0.05 -1 -1 0.059896167940915984 0.16127582795246778 -1 -1
stick bball 2 0.06 0.05 -1 -1 0.05611454294682148 0.16221875103703223 -1 -1
stick bball 2 0.06 0.05 -1 -1 0.06033238671426608 0.16270622226205553 -1 -1
stick bball 2 0.06 0.05 -1 -1 0.059927563815174764 0.16000410642020182 -1 -1
stick bball 2 0.06 0.05 -1 -1 0.06024425813517774 0.15707607324344092 -1 -1
stick bball 2 0.06 0.05 -1 -1 0.06180259772128315 0.15927577272752724 -1 -1
stick bball 2 0.06 0.05 -1 -1 0.058363712658855496 0.16207428928598636 -1 -1
stick bball 2 0.06 0.05 -1 -1 0.06146316845693459 0.1572124829175658 -1 -1
stick bball 2 0.06 0.05 -1 -1 0.061241361024188756 0.16093708202220955 -1 -1
stick bball 2 0.06 0.05 -1 -1 0.05823029805223546 0.16162604105554584 -1 -1
stick bball 2 0.06 0.05 -1 -1 0.056317132214799094 0.1570151149790876 -1 -1
stick bball 2 0.06 0.05 -1 -1 0.05648487568154748 0.1685264596975551 -1 -1
stick bball 2 0.06 0.05 -1 -1 0.06162707010511253 0.15713438042619934 -1 -1
stick bball 2 0.06 0.05 -1 -1 0.05970107782617657 0.1571939074800064 -1 -1
