stick yball 2 0.06 0.060000000000000005 -1 -1 -0.03819151872048493 0.36636454826998993 -1 -1
stick yball 2 0.06 0.060000000000000005 -1 -1 0.03599554300980893 0.16144446772344936 -1 -1
stick yball 2 0.06 0.060000000000000005 -1 -1 0.05295430725998554 0.16134826711894398 -1 -1
stick yball 2 0.06 0.060000000000000005 -1 -1 0.04664697952520141 0.17203033834320472 -1 -1
stick yball 2 0.06 0.060000000000000005 -1 -1 0.0698709441913434 0.16089512763884664 -1 -1
stick yball 2 0.06 0.060000000000000005 -1 -1 0.03605129461612895 0.162543084212973 -1 -1
stick yball 2 0.06 0.060000000000000005 -1 -1 0.20498545675670715 0.1610664449602427 -1 -1
stick yball 2 0.06 0.060000000000000005 -1 -1 0.13174569405277994 0.16105925448954203 -1 -1
stick yball 2 0.06 0.060000000000000005 -1 -1 0.23122601490638173 0.27716900606147354 -1 -1
stick yball 2 0.06 0.060000000000000005 -1 -1 0.0635236466624176 0.1614565811665227 -1 -1
stick yball 2 0.06 0.060000000000000005 -1 -1 0.04522305925533005 0.1611949972401738 -1 -1
stick yball 2 0.06 0.060000000000000005 -1 -1 0.07537149190877095 0.21117361787046862 -1 -1
stick yball 2 0.06 0.060000000000000005 -1 -1 0.08704175831522633 0.16885431585084554 -1 -1
stick yball 2 0.06 0.060000000000000005 -1 -1 0.05582674929498131 0.16095093051262593 -1 -1
stick yball 2 0.06 0.060000000000000005 -1 -1 0.0678756345664495 0.16661669007755084 -1 -1
stick yball 2 0.06 0.060000000000000005 -1 -1 -0.03682923115611849 0.22460824336897992 -1 -1
stick yball 2 0.06 0.060000000000000005 -1 -1 0.05806450394496118 0.16874433600087574 -1 -1
stick yball 2 0.06 0.060000000000000005 -1 -1 0.005232170396024491 0.21735813525257347 -1 -1
stick yball 2 0.06 0.060000000000000005 -1 -1 -0.06433187944618253 0.34073471661728516 -1 -1
stick yball 2 0.06 0.060000000000000005 -1 -1 0.07486565313613591 0.16766639889009702 -1 -1
stick yball 2 0.06 0.060000000000000005 -1 -1 0.021407112895487773 0.2487617416352611 -1 -1
stick yball 2 0.06 0.060000000000000005 -1 -1 0.2874224329090086 0.1611209805410702 -1 -1
stick yball 2 0.06 0.060000000000000005 -1 -1 -0.25463860555416074 0.10542661931484346 -1 -1
stick yball 2 0.06 0.060000000000000005 -1 -1 0.07455507540425513 0.1630727208992041 -1 -1
stick yball 2 0.06 0.060000000000000005 -1 -1 0.14491046793125414 0.3782984569884263 -1 -1
stick yball 2 0.06 0.060000000000000005 -1 -1 0.04586887319122633 0.16186707710449033 -1 -1
stick yball 2 0.06 0.060000000000000005 -1 -1 0.04655919663824589 0.16145058423236458 -1 -1
stick yball 2 0.06 0.060000000000000005 -1 -1 0.08271499451817176 0.1762986383395511 -1 -1
stick yball 2 0.06 0.060000000000000005 -1 -1 0.02387569734641034 0.20575884951731344 -1 -1
stick yball 2 0.06 0.060000000000000005 -1 -1 0.08736711305189258 0.1748223557462321 -1 -1
stick yball 2 0.06 0.060000000000000005 -1 -1 0.047702991814975754 0.16150007438254887 -1 -1
stick yball 2 0.06 0.060000000000000005 -1 -1 0.052672626000432175 0.16132590646322892 -1 -1
stick yball 2 0.06 0.060000000000000005 -1 -1 0.08499024482577125 0.16175647703905124 -1 -1
stick yball 2 0.06 0.060000000000000005 -1 -1 0.07083565521484093 0.1613133645370749 -1 -1
stick yball 2 0.06 0.060000000000000005 -1 -1 -0.02662799741219347 0.2175825445584307 -1 -1
stick yball 2 0.06 0.060000000000000005 -1 -1 0.05076178370402743 0.16499657031299322 -1 -1
stick yball 2 0.06 0.060000000000000005 -1 -1 -0.44697441613794203 0.1472964624433971 -1 -1
stick yball 2 0.06 0.060000000000000005 -1 -1 0.034156792620757936 0.16123003397419966 -1 -1
stick yball 2 0.06 0.060000000000000005 -1 -1 0.11850097624859243 0.1839192585705471 -1 -1
stick yball 2 0.06 0.060000000000000005 -1 -1 0.04721624742235669 0.16170680803110715 -1 -1
