stick yball 2 0.06 0.060000000000000005 -1 -1 0.010194815153106222 0.3418799891123242 -1 -1
stick yball 2 0.06 0.060000000000000005 -1 -1 -0.1364933217489662 0.1818237874619711 -1 -1
stick yball 2 0.06 0.060000000000000005 -1 -1 -0.00722048253675605 0.19703562572217062 -1 -1
stick yball 2 0.06 0.060000000000000005 -1 -1 0.029442926039751547 0.17317570497925838 -1 -1
stick yball 2 0.06 0.060000000000000005 -1 -1 0.060516559937128823 0.17483643742275043 -1 -1
stick yball 2 0.06 0.060000000000000005 -1 -1 0.04011337457113073 0.1645392474480885 -1 -1
stick yball 2 0.06 0.060000000000000005 -1 -1 -0.026368083683548864 0.17642526472598813 -1 -1
stick yball 2 0.06 0.060000000000000005 -1 -1 0.033781886430235115 0.19130122088283327 -1 -1
stick yball 2 0.06 0.060000000000000005 -1 -1 0.19026627350804592 0.3381206850323909 -1 -1
stick yball 2 0.06 0.060000000000000005 -1 -1 0.0325006153935051 0.19441049048324832 -1 -1
stick yball 2 0.06 0.060000000000000005 -1 -1 0.005791829607633724 0.20184267359159144 -1 -1
stick yball 2 0.06 0.060000000000000005 -1 -1 0.021883971101095627 0.17901782447892753 -1 -1
stick yball 2 0.06 0.060000000000000005 -1 -1 0.09204473584835153 0.2541444646405737 -1 -1
stick yball 2 0.06 0.060000000000000005 -1 -1 0.05454409982390602 0.17749781823580213 -1 -1
stick yball 2 0.06 0.060000000000000005 -1 -1 0.05841628620826232 0.19878256423061813 -1 -1
stick yball 2 0.06 0.060000000000000005 -1 -1 0.008470085499878635 0.16464059292659816 -1 -1
stick yball 2 0.06 0.060000000000000005 -1 -1 -0.012043892915856504 0.1409697925171607 -1 -1
stick yball 2 0.06 0.060000000000000005 -1 -1 0.027087975194036974 0.27909043084017215 -1 -1
stick yball 2 0.06 0.060000000000000005 -1 -1 0.09670996002511761 0.2011034575124083 -1 -1
stick yball 2 0.06 0.060000000000000005 -1 -1 0.04183803066845466 0.17545304034141002 -1 -1
stick yball 2 0.06 0.060000000000000005 -1 -1 0.03070935663782469 0.19019803260745027 -1 -1
stick yball 2 0.06 0.060000000000000005 -1 -1 -0.009664332212021025 0.16915683325849468 -1 -1
stick yball 2 0.06 0.060000000000000005 -1 -1 -0.002829533360854498 0.22093129551774235 -1 -1
stick yball 2 0.06 0.060000000000000005 -1 -1 0.046335696310170364 0.1613617225077647 -1 -1
stick yball 2 0.06 0.060000000000000005 -1 -1 -0.006146532439487766 0.1517143489427411 -1 -1
stick yball 2 0.06 0.060000000000000005 -1 -1 0.16863532491593103 0.26576987489603787 -1 -1
stick yball 2 0.06 0.060000000000000005 -1 -1 0.08525236283712186 0.20838046392190426 -1 -1
stick yball 2 0.06 0.060000000000000005 -1 -1 0.046174902307654336 0.16136015316926622 -1 -1
stick yball 2 0.06 0.060000000000000005 -1 -1 -0.023724677950586612 0.19178380461580186 -1 -1
stick yball 2 0.06 0.060000000000000005 -1 -1 -0.03894008243685193 0.41769752801850907 -1 -1
stick yball 2 0.06 0.060000000000000005 -1 -1 0.022833943484353 0.16356601112319683 -1 -1
stick yball 2 0.06 0.060000000000000005 -1 -1 0.020941527498600985 0.1796654091447507 -1 -1
stick yball 2 0.06 0.060000000000000005 -1 -1 -0.04166634631203909 0.44126391154678485 -1 -1
stick yball 2 0.06 0.060000000000000005 -1 -1 0.009610315585058666 0.16063056320520147 -1 -1
stick yball 2 0.06 0.060000000000000005 -1 -1 -0.007363549216788043 0.2038598162136039 -1 -1
stick yball 2 0.06 0.060000000000000005 -1 -1 0.04222163668476557 0.2863431469827757 -1 -1
stick yball 2 0.06 0.060000000000000005 -1 -1 0.02299319742703674 0.2000812049780478 -1 -1
stick yball 2 0.06 0.060000000000000005 -1 -1 0.012850269840768222 0.1620740724252947 -1 -1
stick yball 2 0.06 0.060000000000000005 -1 -1 0.003307619186717056 0.19091849137822303 -1 -1
stick yball 2 0.06 0.060000000000000005 -1 -1 0.07059405990941388 0.22026946054837004 -1 -1
