stick yball 2 0.06 0.060000000000000005 -1 -1 0.04802158733758421 0.19107305399649632 -1 -1
stick yball 2 0.06 0.060000000000000005 -1 -1 -0.3123696035072986 0.1290788887077791 -1 -1
stick yball 2 0.06 0.060000000000000005 -1 -1 0.013500298511792595 0.16047313053336265 -1 -1
stick yball 2 0.06 0.060000000000000005 -1 -1 0.040332171044367385 0.26348808595674944 -1 -1
stick yball 2 0.06 0.060000000000000005 -1 -1 0.05551577934627844 0.16418994948438384 -1 -1
stick yball 2 0.06 0.060000000000000005 -1 -1 0.02887938592500369 0.16127894873431636 -1 -1
stick yball 2 0.06 0.060000000000000005 -1 -1 0.05654506740289173 0.16455110153143668 -1 -1
stick yball 2 0.06 0.060000000000000005 -1 -1 0.022397349838673124 0.18271232057509668 -1 -1
stick yball 2 0.06 0.060000000000000005 -1 -1 0.04546667632365155 0.19082326593590404 -1 -1
stick yball 2 0.06 0.060000000000000005 -1 -1 0.01874595302136346 0.20256184900347174 -1 -1
stick yball 2 0.06 0.060000000000000005 -1 -1 -0.006617426679646507 0.21359256270557514 -1 -1
stick yball 2 0.06 0.060000000000000005 -1 -1 -0.008849025556904894 0.14222174762711517 -1 -1
stick yball 2 0.06 0.060000000000000005 -1 -1 0.027247687345656028 0.21057868021398563 -1 -1
stick yball 2 0.06 0.060000000000000005 -1 -1 0.053314812506288334 0.1615876164315512 -1 -1
stick yball 2 0.06 0.060000000000000005 -1 -1 -0.00021155834234473292 0.15328518000417046 -1 -1
stick yball 2 0.06 0.060000000000000005 -1 -1 0.15494540951406824 0.2148495827668653 -1 -1
stick yball 2 0.06 0.060000000000000005 -1 -1 0.22699480582206516 0.37438041328904326 -1 -1
stick yball 2 0.06 0.060000000000000005 -1 -1 0.06383947105158562 0.19329339428674816 -1 -1
stick yball 2 0.06 0.060000000000000005 -1 -1 -0.04498317713106917 0.1602306272258753 -1 -1
stick yball 2 0.06 0.060000000000000005 -1 -1 -0.0941652078530833 0.17412155362600618 -1 -1
stick yball 2 0.06 0.060000000000000005 -1 -1 0.051023547232024444 0.16159705246530384 -1 -1
stick yball 2 0.06 0.060000000000000005 -1 -1 -0.009036400181293872 0.1729461751216313 -1 -1
stick yball 2 0.06 0.060000000000000005 -1 -1 0.08166969456189703 0.16771933722854218 -1 -1
stick yball 2 0.06 0.060000000000000005 -1 -1 0.07931622239217238 0.21657141172166997 -1 -1
stick yball 2 0.06 0.060000000000000005 -1 -1 0.012277744401374432 0.21081330103125975 -1 -1
stick yball 2 0.06 0.060000000000000005 -1 -1 0.0017241498471493649 0.2328603601693558 -1 -1
stick yball 2 0.06 0.060000000000000005 -1 -1 -4.7608449841511624e-05 0.23654207418397255 -1 -1
stick yball 2 0.06 0.060000000000000005 -1 -1 0.08529846077383646 0.17727118356097932 -1 -1
stick yball 2 0.06 0.060000000000000005 -1 -1 0.0670695543376053 0.16111856476474953 -1 -1
stick yball 2 0.06 0.060000000000000005 -1 -1 0.030682650523661786 0.18750372469020338 -1 -1
stick yball 2 0.06 0.060000000000000005 -1 -1 -0.00319694650310311 0.14993404383728523 -1 -1
stick yball 2 0.06 0.060000000000000005 -1 -1 0.0065989362331384145 0.1914683529000222 -1 -1
stick yball 2 0.06 0.060000000000000005 -1 -1 0.09891643297431361 0.29439569318446224 -1 -1
stick yball 2 0.06 0.060000000000000005 -1 -1 -0.05634933237684812 0.13618479441580283 -1 -1
stick yball 2 0.06 0.060000000000000005 -1 -1 0.029764448755686446 0.1618284782062444 -1 -1
stick yball 2 0.06 0.060000000000000005 -1 -1 0.07454037158595744 0.16140010738765445 -1 -1
stick yball 2 0.06 0.060000000000000005 -1 -1 0.07348651156116318 0.18334878693572082 -1 -1
stick yball 2 0.06 0.060000000000000005 -1 -1 0.0007622753341254829 0.15608463702545206 -1 -1
stick yball 2 0.06 0.060000000000000005 -1 -1 0.07986726912629752 0.1773570844481079 -1 -1
stick yball 2 0.06 0.060000000000000005 -1 -1 0.0153698925155881 0.1612569595561595 -1 -1
