stick yball 2 0.06 0.060000000000000005 -1 -1 0.060003934535502984 0.16156809240991546 -1 -1
stick yball 2 0.06 0.060000000000000005 -1 -1 0.06000151214346493 0.16141172990548655 -1 -1
stick yball 2 0.06 0.060000000000000005 -1 -1 0.06000009321715314 0.1611435260659204 -1 -1
stick yball 2 0.06 0.060000000000000005 -1 -1 0.06000449163204248 0.1615555070020719 -1 -1
stick yball 2 0.06 0.060000000000000005 -1 -1 0.06000289404164612 0.16155504709669555 -1 -1
stick yball 2 0.06 0.060000000000000005 -1 -1 0.06000598120542028 0.16157653658331544 -1 -1
stick yball 2 0.06 0.060000000000000005 -1 -1 0.06000493966260965 0.1615895269401361 -1 -1
stick yball 2 0.06 0.060000000000000005 -1 -1 0.06000891897278283 0.1616294032142448 -1 -1
stick yball 2 0.06 0.060000000000000005 -1 -1 0.06000339146033671 0.1616266885276361 -1 -1
stick yball 2 0.06 0.060000000000000005 -1 -1 0.06000276323955649 0.1615669134887638 -1 -1
stick yball 2 0.06 0.060000000000000005 -1 -1 0.0600017174478689 0.161289414958204 -1 -1
stick yball 2 0.06 0.060000000000000005 -1 -1 0.059999466138002236 0.16118006137670582 -1 -1
stick yball 2 0.06 0.060000000000000005 -1 -1 0.06000337173693321 0.16155760938966895 -1 -1
stick yball 2 0.06 0.060000000000000005 -1 -1 0.06000513968551686 0.16159022918822352 -1 -1
stick yball 2 0.06 0.060000000000000005 -1 -1 0.060001937609790834 0.1615573069702352 -1 -1
stick yball 2 0.06 0.060000000000000005 -1 -1 0.0600004689693859 0.1614769201402806 -1 -1
stick yball 2 0.06 0.060000000000000005 -1 -1 0.06000037477910066 0.16125366442357913 -1 -1
stick yball 2 0.06 0.060000000000000005 -1 -1 0.06000209680117181 0.1615938548366671 -1 -1
stick yball 2 0.06 0.060000000000000005 -1 -1 0.06000528481256355 0.1617446912580666 -1 -1
stick yball 2 0.06 0.060000000000000005 -1 -1 0.060000732332374886 0.16131340024061835 -1 -1
stick yball 2 0.06 0.060000000000000005 -1 -1 0.059999715006453756 0.16119744503287517 -1 -1
stick yball 2 0.06 0.060000000000000005 -1 -1 0.06000097684605543 0.16132605208410475 -1 -1
stick yball 2 0.06 0.060000000000000005 -1 -1 0.06000027525792897 0.16115131872868452 -1 -1
stick yball 2 0.06 0.060000000000000005 -1 -1 0.06001276397267893 0.1616046430469159 -1 -1
stick yball 2 0.06 0.060000000000000005 -1 -1 0.06000334614122309 0.16162209541490777 -1 -1
stick yball 2 0.06 0.060000000000000005 -1 -1 0.06000031733087396 0.16125181729701313 -1 -1
stick yball 2 0.06 0.060000000000000005 -1 -1 0.06000180855919378 0.16160256529704012 -1 -1
stick yball 2 0.06 0.060000000000000005 -1 -1 0.060002357660844025 0.16129480336890703 -1 -1
stick yball 2 0.06 0.060000000000000005 -1 -1 0.06000537939032714 0.16158638986843998 -1 -1
stick yball 2 0.06 0.060000000000000005 -1 -1 0.06000084556569612 0.1612681793750546 -1 -1
stick yball 2 0.06 0.060000000000000005 -1 -1 0.060002767896087474 0.16160305248934995 -1 -1
stick yball 2 0.06 0.060000000000000005 -1 -1 0.06000250442772707 0.16157977697090287 -1 -1
stick yball 2 0.06 0.060000000000000005 -1 -1 0.06000715381851288 0.16175998296968622 -1 -1
stick yball 2 0.06 0.060000000000000005 -1 -1 0.060002349630977676 0.16154998674682197 -1 -1
stick yball 2 0.06 0.060000000000000005 -1 -1 0.0600040407686606 0.16170915523683627 -1 -1
stick yball 2 0.06 0.060000000000000005 -1 -1 0.060001045796088344 0.16138155406337587 -1 -1
stick yball 2 0.06 0.060000000000000005 -1 -1 0.06000493542830238 0.16158946895679988 -1 -1
stick yball 2 0.06 0.060000000000000005 -1 -1 0.06000827425833195 0.16174055082662184 -1 -1
stick yball 2 0.06 0.060000000000000005 -1 -1 0.06000446572388288 0.16155329558068596 -1 -1
stick yball 2 0.06 0.060000000000000005 -1 -1 0.06000346523210451 0.161570703171709 -1 -1
