stick yball 2 0.06 0.060000000000000005 -1 -1 -0.014935477548754197 0.2103488945406617 -1 -1
stick yball 2 0.06 0.060000000000000005 -1 -1 0.02761722709070243 0.17353646665871827 -1 -1
stick yball 2 0.06 0.060000000000000005 -1 -1 0.04654170899031524 0.16320077751143752 -1 -1
stick yball 2 0.06 0.060000000000000005 -1 -1 0.14284396899569193 0.18820114660344509 -1 -1
stick yball 2 0.06 0.060000000000000005 -1 -1 0.04243774351744263 0.16170334423804403 -1 -1
stick yball 2 0.06 0.060000000000000005 -1 -1 -0.005505783377118049 0.200833038254568 -1 -1
stick yball 2 0.06 0.060000000000000005 -1 -1 0.04037330082087087 0.16144413262965027 -1 -1
stick yball 2 0.06 0.060000000000000005 -1 -1 0.01552094309804217 0.22746604704000178 -1 -1
stick yball 2 0.06 0.060000000000000005 -1 -1 0.013994030768781491 0.19561973993673423 -1 -1
stick yball 2 0.06 0.060000000000000005 -1 -1 0.07273236671471522 0.16146341687193413 -1 -1
stick yball 2 0.06 0.060000000000000005 -1 -1 0.0965599547657477 0.17965088596618609 -1 -1
stick yball 2 0.06 0.060000000000000005 -1 -1 0.1396850488566421 0.1805768835554762 -1 -1
stick yball 2 0.06 0.060000000000000005 -1 -1 0.0398183219211634 0.16142835059309169 -1 -1
stick yball 2 0.06 0.060000000000000005 -1 -1 0.06012823118055171 0.16112974827119278 -1 -1
stick yball 2 0.06 0.060000000000000005 -1 -1 0.02647473590727318 0.16147240101334537 -1 -1
stick yball 2 0.06 0.060000000000000005 -1 -1 -0.17939636744734155 0.29088630176690483 -1 -1
stick yball 2 0.06 0.060000000000000005 -1 -1 0.0062356375854927685 0.18184521568135814 -1 -1
stick yball 2 0.06 0.060000000000000005 -1 -1 0.02264415812419713 0.2619979338886808 -1 -1
stick yball 2 0.06 0.060000000000000005 -1 -1 -0.4497573712178509 0.1562643102169063 -1 -1
stick yball 2 0.06 0.060000000000000005 -1 -1 0.01692075474819653 0.1943861404013181 -1 -1
stick yball 2 0.06 0.060000000000000005 -1 -1 0.10074142450279172 0.16172373589889946 -1 -1
stick yball 2 0.06 0.060000000000000005 -1 -1 -0.10340056136319131 0.11107328338103746 -1 -1
stick yball 2 0.06 0.060000000000000005 -1 -1 0.005215331186768272 0.18026235113042488 -1 -1
stick yball 2 0.06 0.060000000000000005 -1 -1 0.023949523399160143 0.1718950075892994 -1 -1
stick yball 2 0.06 0.060000000000000005 -1 -1 0.09324772561010716 0.16148983142771972 -1 -1
stick yball 2 0.06 0.060000000000000005 -1 -1 0.05188787865534878 0.22319360917157224 -1 -1
stick yball 2 0.06 0.060000000000000005 -1 -1 0.034002282470266265 0.21051844168871098 -1 -1
stick yball 2 0.06 0.060000000000000005 -1 -1 0.04354824751023552 0.16185694646445317 -1 -1
stick yball 2 0.06 0.060000000000000005 -1 -1 0.04501003611840417 0.16229109340799866 -1 -1
stick yball 2 0.06 0.060000000000000005 -1 -1 0.03956600944923613 0.16135620091124803 -1 -1
stick yball 2 0.06 0.060000000000000005 -1 -1 0.013008075913514395 0.25021566411255924 -1 -1
stick yball 2 0.06 0.060000000000000005 -1 -1 0.15177069626964848 0.16142854002106943 -1 -1
stick yball 2 0.06 0.060000000000000005 -1 -1 0.0426157309836112 0.16157055188868483 -1 -1
stick yball 2 0.06 0.060000000000000005 -1 -1 -0.1968518942897187 0.03215769337875704 -1 -1
stick yball 2 0.06 0.060000000000000005 -1 -1 -0.010746677947228323 0.18306303113934658 -1 -1
stick yball 2 0.06 0.060000000000000005 -1 -1 0.06581393840862204 0.17618871455770646 -1 -1
stick yball 2 0.06 0.060000000000000005 -1 -1 0.028643258603455762 0.1631938397336809 -1 -1
stick yball 2 0.06 0.060000000000000005 -1 -1 0.03552493610348945 0.17267804894417235 -1 -1
stick yball 2 0.06 0.060000000000000005 -1 -1 0.05216967439263896 0.1614265591158873 -1 -1
stick yball 2 0.06 0.060000000000000005 -1 -1 0.0986607789600952 0.2717914482396138 -1 -1
