stick yball 2 0.06 0.060000000000000005 -1 -1 0.06000210294150975 0.16159276595729463 -1 -1
stick yball 2 0.06 0.060000000000000005 -1 -1 0.06000301358056704 0.16161654840533965 -1 -1
stick yball 2 0.06 0.060000000000000005 -1 -1 0.06000373069592497 0.1615704118749783 -1 -1
stick yball 2 0.06 0.060000000000000005 -1 -1 0.060002856262044754 0.16156215615906386 -1 -1
stick yball 2 0.06 0.060000000000000005 -1 -1 0.06000510855546219 0.1617407831986384 -1 -1
stick yball 2 0.06 0.060000000000000005 -1 -1 0.06000462582714833 0.16155393391020703 -1 -1
stick yball 2 0.06 0.060000000000000005 -1 -1 0.06000164484771526 0.1615790675474892 -1 -1
stick yball 2 0.06 0.060000000000000005 -1 -1 0.06000593489902852 0.1617561021810032 -1 -1
stick yball 2 0.06 0.060000000000000005 -1 -1 0.06000205966281608 0.16159330655549814 -1 -1
stick yball 2 0.06 0.060000000000000005 -1 -1 0.0600035911003337 0.16159921502625008 -1 -1
stick yball 2 0.06 0.060000000000000005 -1 -1 0.060002240313571785 0.1612935258049474 -1 -1
stick yball 2 0.06 0.060000000000000005 -1 -1 0.06000025725400792 0.1611423427340488 -1 -1
stick yball 2 0.06 0.060000000000000005 -1 -1 0.0600030377490232 0.16162363877391314 -1 -1
stick yball 2 0.06 0.060000000000000005 -1 -1 0.06000295096138387 0.16144416049557705 -1 -1
stick yball 2 0.06 0.060000000000000005 -1 -1 0.06000033921190597 0.1611553311081703 -1 -1
