stick yball 2 0.06 0.060000000000000005 -1 -1 0.005402854855443044 0.15776173050259146 -1 -1
stick yball 2 0.06 0.060000000000000005 -1 -1 0.06474938283140368 0.16297182763535645 -1 -1
stick yball 2 0.06 0.060000000000000005 -1 -1 0.12252102179266841 0.1615654384808371 -1 -1
stick yball 2 0.06 0.060000000000000005 -1 -1 0.06509106588583162 0.16142351383168108 -1 -1
stick yball 2 0.06 0.060000000000000005 -1 -1 0.04316558193111219 0.22217028517901424 -1 -1
stick yball 2 0.06 0.060000000000000005 -1 -1 0.10438092224558536 0.16113817465545682 -1 -1
stick yball 2 0.06 0.060000000000000005 -1 -1 0.03971812966366279 0.2033423782304893 -1 -1
stick yball 2 0.06 0.060000000000000005 -1 -1 0.002789755480933927 0.16473919427954942 -1 -1
stick yball 2 0.06 0.060000000000000005 -1 -1 0.08090574665230735 0.16276863790679139 -1 -1
stick yball 2 0.06 0.060000000000000005 -1 -1 0.1548590758731965 0.21488723944426416 -1 -1
stick yball 2 0.06 0.060000000000000005 -1 -1 0.12289094191289872 0.22462853382383638 -1 -1
stick yball 2 0.06 0.060000000000000005 -1 -1 0.003921141784700995 0.1592590230160467 -1 -1
stick yball 2 0.06 0.060000000000000005 -1 -1 -0.010255756723138413 0.27940612005914545 -1 -1
stick yball 2 0.06 0.060000000000000005 -1 -1 0.05270420307183447 0.22183298266425763 -1 -1
stick yball 2 0.06 0.060000000000000005 -1 -1 0.13673803329431014 0.21802627413912168 -1 -1
stick yball 2 0.06 0.060000000000000005 -1 -1 0.08559528050914428 0.18033080283405334 -1 -1
stick yball 2 0.06 0.060000000000000005 -1 -1 0.0179922773558345 0.16100370043814144 -1 -1
stick yball 2 0.06 0.060000000000000005 -1 -1 -0.31532723361830417 0.2270126767291897 -1 -1
stick yball 2 0.06 0.060000000000000005 -1 -1 0.0789032023838296 0.16861617756752315 -1 -1
stick yball 2 0.06 0.060000000000000005 -1 -1 0.1024928825775615 0.16737710149489116 -1 -1
stick yball 2 0.06 0.060000000000000005 -1 -1 0.021577533122089085 0.16155064374657316 -1 -1
stick yball 2 0.06 0.060000000000000005 -1 -1 0.05451669773882531 0.2175167344144227 -1 -1
stick yball 2 0.06 0.060000000000000005 -1 -1 0.14634659803286287 0.20450082588732252 -1 -1
stick yball 2 0.06 0.060000000000000005 -1 -1 0.09265111085333101 0.16089020700811818 -1 -1
stick yball 2 0.06 0.060000000000000005 -1 -1 -0.015335867833102326 0.09774415400885283 -1 -1
stick yball 2 0.06 0.060000000000000005 -1 -1 0.12369490995210884 0.1787877421089924 -1 -1
stick yball 2 0.06 0.060000000000000005 -1 -1 0.0489466192175272 0.1614650026659551 -1 -1
stick yball 2 0.06 0.060000000000000005 -1 -1 0.06007519376232511 0.19237277814542822 -1 -1
stick yball 2 0.06 0.060000000000000005 -1 -1 0.01681865975498105 0.1910672209673194 -1 -1
stick yball 2 0.06 0.060000000000000005 -1 -1 -0.01896163500097768 0.17786441942032327 -1 -1
stick yball 2 0.06 0.060000000000000005 -1 -1 0.0144457531650748 0.16063599178318677 -1 -1
stick yball 2 0.06 0.060000000000000005 -1 -1 0.11627286056012008 0.17031457698561034 -1 -1
stick yball 2 0.06 0.060000000000000005 -1 -1 -0.016629880733316678 0.1449004117267378 -1 -1
stick yball 2 0.06 0.060000000000000005 -1 -1 -0.27758608887110553 0.25383349925077603 -1 -1
stick yball 2 0.06 0.060000000000000005 -1 -1 0.053094150204598414 0.20732570802683212 -1 -1
stick yball 2 0.06 0.060000000000000005 -1 -1 0.0759045808618818 0.16135143157935733 -1 -1
stick yball 2 0.06 0.060000000000000005 -1 -1 0.19681695046055786 0.16130297146438516 -1 -1
stick yball 2 0.06 0.060000000000000005 -1 -1 0.04542755715671666 0.161240764187917 -1 -1
stick yball 2 0.06 0.060000000000000005 -1 -1 0.06408785217850314 0.16132266154452904 -1 -1
stick yball 2 0.06 0.060000000000000005 -1 -1 -0.026979856701779412 0.18706957705027927 -1 -1
