stick yball 2 0.06 0.060000000000000005 -1 -1 0.06000389748143999 0.16156855532130765 -1 -1
stick yball 2 0.06 0.060000000000000005 -1 -1 0.06000479475516326 0.16158645979612749 -1 -1
stick yball 2 0.06 0.060000000000000005 -1 -1 0.0599991586803861 0.16121779898509347 -1 -1
stick yball 2 0.06 0.060000000000000005 -1 -1 0.060007717142642296 0.1617526175651666 -1 -1
stick yball 2 0.06 0.060000000000000005 -1 -1 0.06000342916357382 0.16145731141344283 -1 -1
stick yball 2 0.06 0.060000000000000005 -1 -1 0.06000320222780631 0.16161809658192922 -1 -1
stick yball 2 0.06 0.060000000000000005 -1 -1 0.06000009614614037 0.1611434223507729 -1 -1
stick yball 2 0.06 0.060000000000000005 -1 -1 0.060002531627947546 0.1615685207193941 -1 -1
stick yball 2 0.06 0.060000000000000005 -1 -1 0.060000014894685066 0.16115532232868998 -1 -1
stick yball 2 0.06 0.060000000000000005 -1 -1 0.06000480095008266 0.1615866792056469 -1 -1
stick yball 2 0.06 0.060000000000000005 -1 -1 0.06000097120045252 0.16127219197958065 -1 -1
stick yball 2 0.06 0.060000000000000005 -1 -1 0.06000332835041193 0.16159636749666692 -1 -1
stick yball 2 0.06 0.060000000000000005 -1 -1 0.060005079743474306 0.16174010879991035 -1 -1
stick yball 2 0.06 0.060000000000000005 -1 -1 0.06000025753513949 0.1611441070623243 -1 -1
stick yball 2 0.06 0.060000000000000005 -1 -1 0.06000432725660699 0.16172104185883748 -1 -1
stick yball 2 0.06 0.060000000000000005 -1 -1 0.06000301328398549 0.16161653491108852 -1 -1
stick yball 2 0.06 0.060000000000000005 -1 -1 0.0600030122666646 0.16162349657679237 -1 -1
stick yball 2 0.06 0.060000000000000005 -1 -1 0.06000046597293592 0.16147767222310924 -1 -1
stick yball 2 0.06 0.060000000000000005 -1 -1 0.060003993766873924 0.16156691780736507 -1 -1
stick yball 2 0.06 0.060000000000000005 -1 -1 0.060003286873274525 0.16159254298241027 -1 -1
