stick yball 2 0.06 0.060000000000000005 -1 -1 0.060191681667615425 0.16114882888861284 -1 -1
stick yball 2 0.06 0.060000000000000005 -1 -1 0.07619417156246855 0.1701517754762916 -1 -1
stick yball 2 0.06 0.060000000000000005 -1 -1 0.05137282540860303 0.17737551406913565 -1 -1
stick yball 2 0.06 0.060000000000000005 -1 -1 0.06226054904361335 0.1621142283355552 -1 -1
stick yball 2 0.06 0.060000000000000005 -1 -1 0.06478924636644957 0.16423160030569292 -1 -1
stick yball 2 0.06 0.060000000000000005 -1 -1 0.06284254347395196 0.16238929724727458 -1 -1
stick yball 2 0.06 0.060000000000000005 -1 -1 0.06025486681459742 0.17489343200086502 -1 -1
stick yball 2 0.06 0.060000000000000005 -1 -1 0.03634053891760946 0.1650325884181276 -1 -1
stick yball 2 0.06 0.060000000000000005 -1 -1 0.06132207372599569 0.1673150756889916 -1 -1
stick yball 2 0.06 0.060000000000000005 -1 -1 0.044355077594375895 0.16591431469652587 -1 -1
stick yball 2 0.06 0.060000000000000005 -1 -1 0.06086419957405293 0.16909161135090459 -1 -1
stick yball 2 0.06 0.060000000000000005 -1 -1 0.052472401739765216 0.1734379543970666 -1 -1
stick yball 2 0.06 0.060000000000000005 -1 -1 0.03883307271824785 0.1686671827024282 -1 -1
stick yball 2 0.06 0.060000000000000005 -1 -1 0.06844966656511235 0.17228141854243714 -1 -1
stick yball 2 0.06 0.060000000000000005 -1 -1 0.06193306537565648 0.17215947077966645 -1 -1
stick yball 2 0.06 0.060000000000000005 -1 -1 0.058491806442943356 0.1634426648188143 -1 -1
stick yball 2 0.06 0.060000000000000005 -1 -1 0.04534570050643527 0.16138431645077136 -1 -1
stick yball 2 0.06 0.060000000000000005 -1 -1 0.059096542365410766 0.17285041619001978 -1 -1
stick yball 2 0.06 0.060000000000000005 -1 -1 0.061479446454803466 0.16169734891868662 -1 -1
stick yball 2 0.06 0.060000000000000005 -1 -1 0.061410386104728334 0.16220832697459353 -1 -1
stick yball 2 0.06 0.060000000000000005 -1 -1 0.04578941357919949 0.16161018838549102 -1 -1
stick yball 2 0.06 0.060000000000000005 -1 -1 0.0694934909855132 0.16506001511690888 -1 -1
stick yball 2 0.06 0.060000000000000005 -1 -1 0.05696987279669005 0.16129940735836754 -1 -1
stick yball 2 0.06 0.060000000000000005 -1 -1 0.06183579300038012 0.16133572809020447 -1 -1
stick yball 2 0.06 0.060000000000000005 -1 -1 0.05223482185554868 0.1748375779363738 -1 -1
stick yball 2 0.06 0.060000000000000005 -1 -1 0.06149438836105153 0.16508605349577885 -1 -1
stick yball 2 0.06 0.060000000000000005 -1 -1 0.060291514545287084 0.1617377729352275 -1 -1
stick yball 2 0.06 0.060000000000000005 -1 -1 0.060579102832387016 0.1678702223268386 -1 -1
stick yball 2 0.06 0.060000000000000005 -1 -1 0.0649433580839081 0.1647585124549463 -1 -1
stick yball 2 0.06 0.060000000000000005 -1 -1 0.06310717601140498 0.1727591704218708 -1 -1
stick yball 2 0.06 0.060000000000000005 -1 -1 0.04630874425490626 0.17331478159860908 -1 -1
stick yball 2 0.06 0.060000000000000005 -1 -1 0.06486883085123563 0.17550742813274434 -1 -1
stick yball 2 0.06 0.060000000000000005 -1 -1 0.06385967137796607 0.16866510033778356 -1 -1
stick yball 2 0.06 0.060000000000000005 -1 -1 0.06634822538664503 0.16133324569033977 -1 -1
stick yball 2 0.06 0.060000000000000005 -1 -1 0.05832958866966587 0.16184765045446214 -1 -1
stick yball 2 0.06 0.060000000000000005 -1 -1 0.058760995433802435 0.16081024627542875 -1 -1
stick yball 2 0.06 0.060000000000000005 -1 -1 0.06455834516814864 0.1731604582803445 -1 -1
stick yball 2 0.06 0.060000000000000005 -1 -1 0.05310826072281799 0.18281699060298265 -1 -1
stick yball 2 0.06 0.060000000000000005 -1 -1 0.05349694543540267 0.16577233813901454 -1 -1
stick yball 2 0.06 0.060000000000000005 -1 -1 0.05533947518849156 0.1660989904181055 -1 -1
stick yball 2 0.06 0.060000000000000005 -1 -1 0.05314318612874221 0.16714234582770732 -1 -1
stick yball 2 0.06 0.060000000000000005 -1 -1 0.06289178036712957 0.1613938569092524 -1 -1
stick yball 2 0.06 0.060000000000000005 -1 -1 0.057266309662094415 0.16700284794713963 -1 -1
stick yball 2 0.06 0.060000000000000005 -1 -1 0.08422228965157016 0.18400670327826038 -1 -1
stick yball 2 0.06 0.060000000000000005 -1 -1 0.07909257401541392 0.17043352508211407 -1 -1
stick yball 2 0.06 0.060000000000000005 -1 -1 0.04626953657144918 0.16213692740532654 -1 -1
stick yball 2 0.06 0.060000000000000005 -1 -1 0.06643420852875262 0.16413503789807082 -1 -1
stick yball 2 0.06 0.060000000000000005 -1 -1 0.055739660124643306 0.16489090588627378 -1 -1
stick yball 2 0.06 0.060000000000000005 -1 -1 0.0581574074063275 0.16136595425247602 -1 -1
stick yball 2 0.06 0.060000000000000005 -1 -1 0.05624134544427763 0.16145571148884125 -1 -1
