stick yball 2 0.06 0.060000000000000005 -1 -1 -0.003511644901672026 0.20750409086902732 -1 -1
stick yball 2 0.06 0.060000000000000005 -1 -1 0.02658613383675142 0.1615091679165852 -1 -1
stick yball 2 0.06 0.060000000000000005 -1 -1 0.055647382693028644 0.161126711291666 -1 -1
stick yball 2 0.06 0.060000000000000005 -1 -1 0.028346250099075293 0.1983740964134005 -1 -1
stick yball 2 0.06 0.060000000000000005 -1 -1 0.11445097795020145 0.17810633630749745 -1 -1
stick yball 2 0.06 0.060000000000000005 -1 -1 0.11905686220164247 0.19217326679146626 -1 -1
stick yball 2 0.06 0.060000000000000005 -1 -1 0.06734773667616951 0.1613547747009924 -1 -1
stick yball 2 0.06 0.060000000000000005 -1 -1 0.10270149263217196 0.18562932446577846 -1 -1
stick yball 2 0.06 0.060000000000000005 -1 -1 -0.01057541334216124 0.1715142799592239 -1 -1
stick yball 2 0.06 0.060000000000000005 -1 -1 0.03445119846663438 0.18846453044869538 -1 -1
stick yball 2 0.06 0.060000000000000005 -1 -1 0.00019528251576628736 0.15353423754649437 -1 -1
stick yball 2 0.06 0.060000000000000005 -1 -1 -0.421907921947505 0.18727356945170057 -1 -1
stick yball 2 0.06 0.060000000000000005 -1 -1 -0.058778111515100206 0.17804421143605648 -1 -1
stick yball 2 0.06 0.060000000000000005 -1 -1 0.03945972844419717 0.163594298514366 -1 -1
stick yball 2 0.06 0.060000000000000005 -1 -1 0.016756661916980626 0.16098025038269836 -1 -1
stick yball 2 0.06 0.060000000000000005 -1 -1 0.05072791610736707 0.16132896188872678 -1 -1
stick yball 2 0.06 0.060000000000000005 -1 -1 0.07900368885835729 0.16289066937175747 -1 -1
stick yball 2 0.06 0.060000000000000005 -1 -1 0.035345117513912595 0.16120398363628147 -1 -1
stick yball 2 0.06 0.060000000000000005 -1 -1 0.12311747502133336 0.24938146947865525 -1 -1
stick yball 2 0.06 0.060000000000000005 -1 -1 0.055003589950308136 0.1697767119170238 -1 -1
stick yball 2 0.06 0.060000000000000005 -1 -1 0.022159277505608393 0.16427766600189175 -1 -1
stick yball 2 0.06 0.060000000000000005 -1 -1 0.06477104403103776 0.23481392051715902 -1 -1
stick yball 2 0.06 0.060000000000000005 -1 -1 0.03546984316225625 0.19816089963946443 -1 -1
stick yball 2 0.06 0.060000000000000005 -1 -1 0.07110122126290598 0.219528341938704 -1 -1
stick yball 2 0.06 0.060000000000000005 -1 -1 0.03344269435347659 0.18258664646612233 -1 -1
stick yball 2 0.06 0.060000000000000005 -1 -1 0.3591686055334791 0.5080101884081553 -1 -1
stick yball 2 0.06 0.060000000000000005 -1 -1 0.02243218521874726 0.24377107521879846 -1 -1
stick yball 2 0.06 0.060000000000000005 -1 -1 -0.346497072477889 0.3624795852084466 -1 -1
stick yball 2 0.06 0.060000000000000005 -1 -1 0.049225225324228475 0.16113017835842705 -1 -1
stick yball 2 0.06 0.060000000000000005 -1 -1 0.045401089777210524 0.16161789006191174 -1 -1
stick yball 2 0.06 0.060000000000000005 -1 -1 0.01157327502417445 0.18575965282345758 -1 -1
stick yball 2 0.06 0.060000000000000005 -1 -1 0.05928971569372498 0.22708355674165567 -1 -1
stick yball 2 0.06 0.060000000000000005 -1 -1 0.0337551944270866 0.16138502750251174 -1 -1
stick yball 2 0.06 0.060000000000000005 -1 -1 0.06765745913408482 0.16122600574592033 -1 -1
stick yball 2 0.06 0.060000000000000005 -1 -1 0.042363539194123404 0.21911879762636707 -1 -1
stick yball 2 0.06 0.060000000000000005 -1 -1 0.020250718418509513 0.16963784460061884 -1 -1
stick yball 2 0.06 0.060000000000000005 -1 -1 0.157434086483751 0.3826823721358743 -1 -1
stick yball 2 0.06 0.060000000000000005 -1 -1 0.07411890751090901 0.1663422993144395 -1 -1
stick yball 2 0.06 0.060000000000000005 -1 -1 0.1551270871248977 0.3082364899962594 -1 -1
stick yball 2 0.06 0.060000000000000005 -1 -1 0.2508890034982034 0.3836654566921743 -1 -1
