stick yball 2 0.06 0.060000000000000005 -1 -1 0.06000836359746511 0.16165899201413692 -1 -1
stick yball 2 0.06 0.060000000000000005 -1 -1 0.06000325786675125 0.16161946850337844 -1 -1
stick yball 2 0.06 0.060000000000000005 -1 -1 0.06000326794005694 0.1616013202101852 -1 -1
stick yball 2 0.06 0.060000000000000005 -1 -1 0.060008316037179106 0.16166091003265812 -1 -1
stick yball 2 0.06 0.060000000000000005 -1 -1 0.06000605218948855 0.1617575618840785 -1 -1
stick yball 2 0.06 0.060000000000000005 -1 -1 0.06000237999278393 0.16129501966668358 -1 -1
stick yball 2 0.06 0.060000000000000005 -1 -1 0.06000576174952802 0.16175366477478845 -1 -1
stick yball 2 0.06 0.060000000000000005 -1 -1 0.06000027514283704 0.1611512702081773 -1 -1
stick yball 2 0.06 0.060000000000000005 -1 -1 0.06000032027851422 0.16116352864560915 -1 -1
stick yball 2 0.06 0.060000000000000005 -1 -1 0.06000206490349517 0.16143252669200062 -1 -1
stick yball 2 0.06 0.060000000000000005 -1 -1 0.060003302795196015 0.16162323636291884 -1 -1
stick yball 2 0.06 0.060000000000000005 -1 -1 0.06000035864462418 0.16125314985833455 -1 -1
stick yball 2 0.06 0.060000000000000005 -1 -1 0.06000124131930886 0.16127916070234868 -1 -1
stick yball 2 0.06 0.060000000000000005 -1 -1 0.06000304131758761 0.16162365108147198 -1 -1
stick yball 2 0.06 0.060000000000000005 -1 -1 0.06000160748911974 0.16153202077021958 -1 -1
stick yball 2 0.06 0.060000000000000005 -1 -1 0.060004415413207855 0.16172335114305333 -1 -1
stick yball 2 0.06 0.060000000000000005 -1 -1 0.06000472094675764 0.16173127233372525 -1 -1
stick yball 2 0.06 0.060000000000000005 -1 -1 0.060003551605100534 0.1616501073637949 -1 -1
stick yball 2 0.06 0.060000000000000005 -1 -1 0.059999744774280966 0.16123415279146677 -1 -1
stick yball 2 0.06 0.060000000000000005 -1 -1 0.06000490968220888 0.16158909888050974 -1 -1
stick yball 2 0.06 0.060000000000000005 -1 -1 0.060008288905865084 0.1616616925470337 -1 -1
stick yball 2 0.06 0.060000000000000005 -1 -1 0.060005424431836124 0.1617475694223973 -1 -1
stick yball 2 0.06 0.060000000000000005 -1 -1 0.0600035560559249 0.16160030466889902 -1 -1
stick yball 2 0.06 0.060000000000000005 -1 -1 0.06000900132521601 0.1616230655837309 -1 -1
stick yball 2 0.06 0.060000000000000005 -1 -1 0.06000263697223474 0.16157855933219026 -1 -1
stick yball 2 0.06 0.060000000000000005 -1 -1 0.06000669188817957 0.16176144512466908 -1 -1
stick yball 2 0.06 0.060000000000000005 -1 -1 0.060000294288319544 0.1611546674164888 -1 -1
stick yball 2 0.06 0.060000000000000005 -1 -1 0.06000021564690536 0.16134464639120286 -1 -1
stick yball 2 0.06 0.060000000000000005 -1 -1 0.060001427604916405 0.1612835330973339 -1 -1
stick yball 2 0.06 0.060000000000000005 -1 -1 0.060005895039889276 0.1615743099655782 -1 -1
stick yball 2 0.06 0.060000000000000005 -1 -1 0.060000315737686605 0.16116492494185108 -1 -1
stick yball 2 0.06 0.060000000000000005 -1 -1 0.06000469964142395 0.16156789075913988 -1 -1
stick yball 2 0.06 0.060000000000000005 -1 -1 0.06000100981384521 0.16139452599369855 -1 -1
stick yball 2 0.06 0.060000000000000005 -1 -1 0.060001407055937796 0.16131108964105767 -1 -1
stick yball 2 0.06 0.060000000000000005 -1 -1 0.060002775384328785 0.16156515918810602 -1 -1
stick yball 2 0.06 0.060000000000000005 -1 -1 0.060000240411317955 0.16117740617383028 -1 -1
stick yball 2 0.06 0.060000000000000005 -1 -1 0.06000586108020856 0.1617550761729581 -1 -1
stick yball 2 0.06 0.060000000000000005 -1 -1 0.06000288088722142 0.16160959555299642 -1 -1
stick yball 2 0.06 0.060000000000000005 -1 -1 0.06000029973720221 0.16115516515114187 -1 -1
stick yball 2 0.06 0.060000000000000005 -1 -1 0.06000030069023269 0.16115530596469307 -1 -1
stick yball 2 0.06 0.060000000000000005 -1 -1 0.06000052369177853 0.16125920005682703 -1 -1
stick yball 2 0.06 0.060000000000000005 -1 -1 0.06000234140002132 0.16145600642422403 -1 -1
stick yball 2 0.06 0.060000000000000005 -1 -1 0.06000882080147626 0.1616734693032338 -1 -1
stick yball 2 0.06 0.060000000000000005 -1 -1 0.060008547744633156 0.16171925314688507 -1 -1
stick yball 2 0.06 0.060000000000000005 -1 -1 0.06000177728117662 0.1615329421421774 -1 -1
stick yball 2 0.06 0.060000000000000005 -1 -1 0.060000326249021206 0.16116343718873516 -1 -1
stick yball 2 0.06 0.060000000000000005 -1 -1 0.06000229733977588 0.16145406102942067 -1 -1
stick yball 2 0.06 0.060000000000000005 -1 -1 0.06000051249717903 0.1614836952603985 -1 -1
stick yball 2 0.06 0.060000000000000005 -1 -1 0.060004081588537476 0.16156065145106968 -1 -1
stick yball 2 0.06 0.060000000000000005 -1 -1 0.06000296547636507 0.16155756178471734 -1 -1
stick yball 2 0.06 0.060000000000000005 -1 -1 0.06000360339107274 0.16165211185888656 -1 -1
stick yball 2 0.06 0.060000000000000005 -1 -1 0.06000252000198008 0.16157984558895536 -1 -1
stick yball 2 0.06 0.060000000000000005 -1 -1 0.05999979303344592 0.16120075170538467 -1 -1
stick yball 2 0.06 0.060000000000000005 -1 -1 0.06000179235510353 0.1616065781327548 -1 -1
stick yball 2 0.06 0.060000000000000005 -1 -1 0.060002483693580674 0.16129599270651834 -1 -1
stick yball 2 0.06 0.060000000000000005 -1 -1 0.06000049406244097 0.16148073798224796 -1 -1
stick yball 2 0.06 0.060000000000000005 -1 -1 0.06000224779481868 0.16158338861025484 -1 -1
stick yball 2 0.06 0.060000000000000005 -1 -1 0.06000514478861943 0.16159019353316434 -1 -1
stick yball 2 0.06 0.060000000000000005 -1 -1 0.06000267432474851 0.16155116469294936 -1 -1
stick yball 2 0.06 0.060000000000000005 -1 -1 0.0600033153216243 0.16160216212214695 -1 -1
