stick yball 2 0.06 0.060000000000000005 -1 -1 0.17522936111405277 0.2980928978464528 -1 -1
stick yball 2 0.06 0.060000000000000005 -1 -1 0.04337699816286753 0.1614106064890469 -1 -1
stick yball 2 0.06 0.060000000000000005 -1 -1 0.12108758712866657 0.1889487551995045 -1 -1
stick yball 2 0.06 0.060000000000000005 -1 -1 -0.034465188208767504 0.19320466325233254 -1 -1
stick yball 2 0.06 0.060000000000000005 -1 -1 0.04495221106769457 0.1613742648645491 -1 -1
stick yball 2 0.06 0.060000000000000005 -1 -1 0.06242457497509069 0.16137598079350077 -1 -1
stick yball 2 0.06 0.060000000000000005 -1 -1 0.033192101839447805 0.16472361369258778 -1 -1
stick yball 2 0.06 0.060000000000000005 -1 -1 0.059683734516423836 0.16138662049029692 -1 -1
stick yball 2 0.06 0.060000000000000005 -1 -1 0.057771326509915046 0.16141618429745377 -1 -1
stick yball 2 0.06 0.060000000000000005 -1 -1 0.06221633084652625 0.16154008158337424 -1 -1
stick yball 2 0.06 0.060000000000000005 -1 -1 0.0711227059991752 0.1616142524590918 -1 -1
stick yball 2 0.06 0.060000000000000005 -1 -1 0.10729302739570745 0.406534367938441 -1 -1
stick yball 2 0.06 0.060000000000000005 -1 -1 0.12034964962964796 0.22998474040836375 -1 -1
stick yball 2 0.06 0.060000000000000005 -1 -1 0.06549847814554371 0.1614207378302633 -1 -1
stick yball 2 0.06 0.060000000000000005 -1 -1 0.06143485848612676 0.16138604743618692 -1 -1
stick yball 2 0.06 0.060000000000000005 -1 -1 0.161578392384667 0.16167743618344657 -1 -1
stick yball 2 0.06 0.060000000000000005 -1 -1 0.004722718302808002 0.16045154676222598 -1 -1
stick yball 2 0.06 0.060000000000000005 -1 -1 0.06741606350807962 0.1936849296904184 -1 -1
stick yball 2 0.06 0.060000000000000005 -1 -1 -0.002475956725873962 0.1544478858432879 -1 -1
stick yball 2 0.06 0.060000000000000005 -1 -1 0.07465792774778131 0.24979345599853955 -1 -1
stick yball 2 0.06 0.060000000000000005 -1 -1 -0.17915988046973877 -0.07766757157869554 -1 -1
stick yball 2 0.06 0.060000000000000005 -1 -1 0.07168317532565197 0.18585726033351346 -1 -1
stick yball 2 0.06 0.060000000000000005 -1 -1 0.3984897767292911 0.5076051219768305 -1 -1
stick yball 2 0.06 0.060000000000000005 -1 -1 0.03329760503605063 0.16155484245099586 -1 -1
stick yball 2 0.06 0.060000000000000005 -1 -1 0.07447245739947335 0.16099910650405072 -1 -1
stick yball 2 0.06 0.060000000000000005 -1 -1 0.0366935984471815 0.19104590358688647 -1 -1
stick yball 2 0.06 0.060000000000000005 -1 -1 0.046949830273402306 0.16140882706524412 -1 -1
stick yball 2 0.06 0.060000000000000005 -1 -1 0.03816321089437825 0.2304489912515946 -1 -1
stick yball 2 0.06 0.060000000000000005 -1 -1 0.06521521442993294 0.20249019306613414 -1 -1
stick yball 2 0.06 0.060000000000000005 -1 -1 -0.07450705127808019 0.20178094668429633 -1 -1
stick yball 2 0.06 0.060000000000000005 -1 -1 0.06637257760265218 0.16148570645603638 -1 -1
stick yball 2 0.06 0.060000000000000005 -1 -1 0.06702744543209503 0.24022304138932893 -1 -1
stick yball 2 0.06 0.060000000000000005 -1 -1 0.057734521545073615 0.16143603964594597 -1 -1
stick yball 2 0.06 0.060000000000000005 -1 -1 -0.22095278176112554 0.4105021991066655 -1 -1
stick yball 2 0.06 0.060000000000000005 -1 -1 0.05950238055339274 0.17579260450374992 -1 -1
stick yball 2 0.06 0.060000000000000005 -1 -1 0.0004271746675960468 0.08704472622844558 -1 -1
stick yball 2 0.06 0.060000000000000005 -1 -1 0.03322371105824443 0.17453376659308018 -1 -1
stick yball 2 0.06 0.060000000000000005 -1 -1 0.0032421482804167712 0.162488461366871 -1 -1
stick yball 2 0.06 0.060000000000000005 -1 -1 0.030583088244003485 0.17109121580680633 -1 -1
stick yball 2 0.06 0.060000000000000005 -1 -1 0.05953644445248528 0.16138481050244802 -1 -1
