4.385386215899879 0.0005641179264218969 0.2 0.39
4.3761274316674745 0.001 0.2 0.52
4.8961266175133975 1e-12 0.2 0.33
5.0 0.0005493874369659998 0.0001 3.19
2.347253850180909 0.001 0.0001 0.76
5.0 1e-12 0.0001 0.17
4.389163805106946 0.0005523539309788227 0.05500000186484552 0.24
2.987312865911016 0.001 0.0001 2.06
4.447022439474648 0.0005049811069443357 0.11331761477372955 0.23
4.326257958883082 0.0001267623898109573 0.18181807597534339 0.30
2.1869192585885764 2.182088552602371e-05 0.11841917037895489 8.04
1.7386257990335878 0.0009278485986775828 0.012385043237490768 4.27
4.589508971575563 0.000707558087766175 0.19891060726457552 0.50
1.8240344402678408 0.0005189692279898771 0.15512941323543897 6.41
4.479940310782557 0.0005520335414396828 0.12559600354111983 0.25
1.6739518153426867 0.0004750787739521217 0.09312551314973815 8.10
0.7989999854329326 0.0003175894489960104 0.12125915079298581 22.23
4.166632946151414 0.0009551404018533085 0.07015271741696855 0.46
0.6464942723936443 0.0005864577759892212 0.08831990877820221 30.28
