3.2327302232530712 0.00013330701309047485 0.04447238981629288 1.24
3.23273018581359 0.00013330702437253813 0.044472391100218965 2.68
3.2327301834722277 0.0001333070231582603 0.04447239127913572 0.38
3.2327301613334773 0.0001333069080135378 0.04447240012583843 3.62
3.2327301841634823 0.00013330704197975332 0.04447238998400048 15.62
3.23273017231545 0.00013330705163888278 0.044472390534826566 0.97
3.2327300957749427 0.00013330706540031092 0.044472389006078555 0.49
3.23273020387107 0.00013330707533521868 0.04447237871887146 2.56
3.232726959522153 0.00013330786330996157 0.044472448927396685 7.29
1.8016522643000292 0.00038401453419595707 0.03793375727824444 1597.89
3.611275212248848 0.0003540867715318328 0.17716144028773584 0.84
0.3531231645074528 0.0006012857459301336 0.10349084923542798 6925.85
3.7314114848691147 0.0003506954991803499 0.03594336354225241 0.86
3.232733508065195 0.00013330617082141065 0.04447234053535038 0.45
1.3577570889131712 0.00010359134439386715 0.1489044890747044 11912.79
4.67633851326558 0.00042594545478443966 0.024169913249028438 0.96
2.578547393717705 0.00025481468019425684 0.19874079663987065 1.67
1.1253167308558425 0.00047102898750943714 0.1889765526106945 86.88
2.527767106592695 0.0009802924768642514 0.08056808829548333 1.72
1.1115884304120152 0.0005828125795391849 0.02113182203890475 4642.42
