3.570069105153055 0.00030757459789861985 0.017584338297741725 0.95
3.5574255316567407 0.0003500522608479735 0.023962693721563226 0.29
2.168471967625646 0.0006739413068731203 0.1432973408450198 3.03
4.755139555746613 0.00036605812635170503 0.07246643210763089 0.73
4.74043379471908 0.00033628959307688413 0.05530264296908021 0.44
4.717962221689512 0.0002972932814700156 0.03212139609886374 0.67
4.847237915249938 0.00048063086706022484 0.1403638610717236 0.72
1.4531521273249268 1e-12 0.0981996919782416 12.45
4.874315533335905 0.0004950254496606855 0.14998677778541897 0.67
0.9659414541268333 0.00017396343311000876 0.1917966421986276 107.70
2.374763835690128 0.0009293851591797056 0.09461715962850499 1.12
4.548027501421885 0.0005412064085834682 0.025508891088949524 0.95
4.730240524732545 0.0003177870425259532 0.04440546748900948 0.58
4.887699365585076 0.0005008341795452245 0.1533423257700768 0.82
1.875125190246651 0.00030062096022806604 0.15156216800075703 4.71
1.3066615519516496 4.0105336602489225e-05 0.11828499499486604 9.59
3.2643017870910684 0.0004401417364346659 0.0482736493042091 5.48
0.5812695964541404 0.0006563884399312406 0.03267319251438199 135.24
3.4726411227989096 8.878043328124877e-05 0.0010721071748768423 0.95
