rake bball 1 0.03 -0.145 -1 -1 0.03190927077538627 -0.2532777466954092 -1 -1
rake bball 1 0.03 -0.145 -1 -1 0.031603821496258205 -0.2532058793283738 -1 -1
rake bball 1 0.03 -0.145 -1 -1 0.031968714160162934 -0.2532937988724772 -1 -1
rake bball 1 0.03 -0.145 -1 -1 0.005809783516755175 -0.23850006526116732 -1 -1
rake bball 1 0.03 -0.145 -1 -1 0.0022621464598238674 -0.23475059825123773 -1 -1
rake bball 1 0.03 -0.145 -1 -1 0.03210695320831679 -0.25639685657215866 -1 -1
rake bball 1 0.03 -0.145 -1 -1 0.03201302749771966 -0.2532813786725768 -1 -1
rake bball 1 0.03 -0.145 -1 -1 0.032218006789276527 -0.2533561362528555 -1 -1
rake bball 1 0.03 -0.145 -1 -1 9.040918055116233e-05 -0.2316393019080917 -1 -1
rake bball 1 0.03 -0.145 -1 -1 0.032133361104385 -0.2534895652467015 -1 -1
rake bball 1 0.03 -0.145 -1 -1 0.0014973444566063593 -0.23356852892685612 -1 -1
rake bball 1 0.03 -0.145 -1 -1 -0.00107330796082462 -0.22963642247530414 -1 -1
rake bball 1 0.03 -0.145 -1 -1 -0.0018460004074742232 -0.22937668097074812 -1 -1
rake bball 1 0.03 -0.145 -1 -1 -0.0006349471854773423 -0.23041245083644843 -1 -1
rake bball 1 0.03 -0.145 -1 -1 0.031951452446533496 -0.25344019595962103 -1 -1
rake bball 1 0.03 -0.145 -1 -1 0.0320774797231957 -0.25340104673445396 -1 -1
rake bball 1 0.03 -0.145 -1 -1 0.0007169624386254205 -0.23254890619877955 -1 -1
rake bball 1 0.03 -0.145 -1 -1 0.0026894167892282475 -0.23513081770992023 -1 -1
rake bball 1 0.03 -0.145 -1 -1 2.5237393917772346e-05 -0.2317404292452092 -1 -1
rake bball 1 0.03 -0.145 -1 -1 0.003842110567905334 -0.2374313998486473 -1 -1
rake bball 1 0.03 -0.145 -1 -1 -0.003675838185096726 -0.2298794369991973 -1 -1
rake bball 1 0.03 -0.145 -1 -1 -0.0019566372924031067 -0.23013715388194406 -1 -1
rake bball 1 0.03 -0.145 -1 -1 0.003535048545781577 -0.23639643692191434 -1 -1
rake bball 1 0.03 -0.145 -1 -1 -0.001178188689223098 -0.22954659398004826 -1 -1
rake bball 1 0.03 -0.145 -1 -1 0.03206641385195543 -0.25336626738283563 -1 -1
rake bball 1 0.03 -0.145 -1 -1 0.03196177446476152 -0.2578910374221599 -1 -1
rake bball 1 0.03 -0.145 -1 -1 0.03211766909546953 -0.2533471141908675 -1 -1
rake bball 1 0.03 -0.145 -1 -1 0.000511965234762536 -0.23238597803686645 -1 -1
rake bball 1 0.03 -0.145 -1 -1 0.0022504373515162567 -0.23459814304594023 -1 -1
rake bball 1 0.03 -0.145 -1 -1 0.03180058349584069 -0.2532651183985155 -1 -1
rake bball 1 0.03 -0.145 -1 -1 -0.001529659122465015 -0.22891583486340072 -1 -1
rake bball 1 0.03 -0.145 -1 -1 0.001180850431241262 -0.2332472091587501 -1 -1
rake bball 1 0.03 -0.145 -1 -1 -0.0039996168084815925 -0.23006194389325738 -1 -1
rake bball 1 0.03 -0.145 -1 -1 0.002534192668343614 -0.23514149498338557 -1 -1
rake bball 1 0.03 -0.145 -1 -1 -0.00023257736738832856 -0.23111421268461155 -1 -1
rake bball 1 0.03 -0.145 -1 -1 0.03182368772433327 -0.2533479555121321 -1 -1
rake bball 1 0.03 -0.145 -1 -1 0.03139423895288 -0.2586754826967777 -1 -1
rake bball 1 0.03 -0.145 -1 -1 0.002164376145179274 -0.23478851544470955 -1 -1
rake bball 1 0.03 -0.145 -1 -1 0.03216424129285382 -0.2533970565619811 -1 -1
rake bball 1 0.03 -0.145 -1 -1 0.03191536254451714 -0.2533171491198174 -1 -1
rake bball 1 0.03 -0.145 -1 -1 -0.0034089456669754528 -0.2253455091108024 -1 -1
rake bball 1 0.03 -0.145 -1 -1 -0.0025367584479926574 -0.2296772327493784 -1 -1
rake bball 1 0.03 -0.145 -1 -1 0.0033972654613336206 -0.23732875959416536 -1 -1
rake bball 1 0.03 -0.145 -1 -1 0.0005635868304939642 -0.2355267792384624 -1 -1
rake bball 1 0.03 -0.145 -1 -1 -0.0028771691319434954 -0.22627643002206269 -1 -1
rake bball 1 0.03 -0.145 -1 -1 -0.003306822906567414 -0.23010409066966203 -1 -1
rake bball 1 0.03 -0.145 -1 -1 0.002374211463896589 -0.2347856999451778 -1 -1
rake bball 1 0.03 -0.145 -1 -1 0.0016965415529850492 -0.2340391316230203 -1 -1
rake bball 1 0.03 -0.145 -1 -1 0.0012117317161825436 -0.233177349620701 -1 -1
rake bball 1 0.03 -0.145 -1 -1 0.03228284519690818 -0.25344328674010885 -1 -1
rake bball 1 0.03 -0.145 -1 -1 0.031871770745836574 -0.25323672217571086 -1 -1
rake bball 1 0.03 -0.145 -1 -1 0.03200886457527296 -0.2533658891677839 -1 -1
rake bball 1 0.03 -0.145 -1 -1 0.031995607436392605 -0.2534564572998264 -1 -1
rake bball 1 0.03 -0.145 -1 -1 -3.294470113962188e-05 -0.2319486882073084 -1 -1
rake bball 1 0.03 -0.145 -1 -1 -0.0015920429854615456 -0.2289339255327376 -1 -1
rake bball 1 0.03 -0.145 -1 -1 0.03195527415366619 -0.2532870733390035 -1 -1
rake bball 1 0.03 -0.145 -1 -1 0.03184602544351205 -0.25331044771907923 -1 -1
rake bball 1 0.03 -0.145 -1 -1 0.0005636490181766657 -0.23251410619245275 -1 -1
rake bball 1 0.03 -0.145 -1 -1 -0.0012573309381815679 -0.22966020278335017 -1 -1
rake bball 1 0.03 -0.145 -1 -1 0.03218639923760609 -0.25350674801441575 -1 -1
rake bball 1 0.03 -0.145 -1 -1 -0.0025889599300090178 -0.22954210483259604 -1 -1
rake bball 1 0.03 -0.145 -1 -1 -0.0015114948593005827 -0.22934311660231402 -1 -1
rake bball 1 0.03 -0.145 -1 -1 -2.7678701085778623e-05 -0.23140863427000358 -1 -1
rake bball 1 0.03 -0.145 -1 -1 -0.0012670725190093105 -0.22933507563567831 -1 -1
rake bball 1 0.03 -0.145 -1 -1 0.032107669270272754 -0.2533697988146512 -1 -1
rake bball 1 0.03 -0.145 -1 -1 0.0003567184854552849 -0.23232353727248117 -1 -1
rake bball 1 0.03 -0.145 -1 -1 -0.003100654106558995 -0.22753649914919377 -1 -1
rake bball 1 0.03 -0.145 -1 -1 0.03215538177248589 -0.2533607191554545 -1 -1
rake bball 1 0.03 -0.145 -1 -1 0.0016729890078008335 -0.2340810378947488 -1 -1
rake bball 1 0.03 -0.145 -1 -1 0.0014290075793195074 -0.23373869644585457 -1 -1
rake bball 1 0.03 -0.145 -1 -1 0.005756382881837343 -0.24170995852863544 -1 -1
rake bball 1 0.03 -0.145 -1 -1 0.005415197336027687 -0.23796988120608528 -1 -1
rake bball 1 0.03 -0.145 -1 -1 0.032099173545942265 -0.25770991513362085 -1 -1
rake bball 1 0.03 -0.145 -1 -1 0.031808490822841 -0.2533820985919757 -1 -1
rake bball 1 0.03 -0.145 -1 -1 0.032070380905776304 -0.2533676813531235 -1 -1
rake bball 1 0.03 -0.145 -1 -1 -0.0002646307336454825 -0.23332078444030857 -1 -1
rake bball 1 0.03 -0.145 -1 -1 0.03393986283181454 -0.2585123609170674 -1 -1
rake bball 1 0.03 -0.145 -1 -1 0.006350371899186235 -0.24219186145925056 -1 -1
rake bball 1 0.03 -0.145 -1 -1 0.0005332603537209657 -0.23237886828921192 -1 -1
rake bball 1 0.03 -0.145 -1 -1 -6.532922248999471e-05 -0.23150030077887856 -1 -1
rake bball 1 0.03 -0.145 -1 -1 0.0006368939390171297 -0.23289869123663112 -1 -1
rake bball 1 0.03 -0.145 -1 -1 0.03204575165928971 -0.2534126697250509 -1 -1
rake bball 1 0.03 -0.145 -1 -1 0.03210472871345836 -0.2534027826043059 -1 -1
rake bball 1 0.03 -0.145 -1 -1 0.0015553555817417388 -0.23379387276816618 -1 -1
rake bball 1 0.03 -0.145 -1 -1 0.002023148201516548 -0.2344060606919461 -1 -1
rake bball 1 0.03 -0.145 -1 -1 0.03212987644588124 -0.2533596117364561 -1 -1
rake bball 1 0.03 -0.145 -1 -1 -0.0012942613739692459 -0.22935289062342548 -1 -1
rake bball 1 0.03 -0.145 -1 -1 0.006951725773327029 -0.24068211766453432 -1 -1
rake bball 1 0.03 -0.145 -1 -1 0.03204617144972208 -0.25335012967097503 -1 -1
rake bball 1 0.03 -0.145 -1 -1 0.0009546243362003647 -0.2329597039435909 -1 -1
rake bball 1 0.03 -0.145 -1 -1 -0.0027302979396522575 -0.22820611756178608 -1 -1
rake bball 1 0.03 -0.145 -1 -1 0.03210254582527335 -0.25332785730350355 -1 -1
rake bball 1 0.03 -0.145 -1 -1 0.031171846266095933 -0.2591005589192971 -1 -1
rake bball 1 0.03 -0.145 -1 -1 -0.0005390353578546812 -0.23064178701822324 -1 -1
rake bball 1 0.03 -0.145 -1 -1 -0.005769494516684529 -0.22466281832174598 -1 -1
rake bball 1 0.03 -0.145 -1 -1 -0.0017144962545254721 -0.2293325101153226 -1 -1
rake bball 1 0.03 -0.145 -1 -1 0.03170096809969944 -0.2532584690316216 -1 -1
rake bball 1 0.03 -0.145 -1 -1 0.03194867141680474 -0.253356750491297 -1 -1
rake bball 1 0.03 -0.145 -1 -1 0.0004778597998818823 -0.23204360965066514 -1 -1
rake bball 1 0.03 -0.145 -1 -1 0.0031733572973463246 -0.23595673912659387 -1 -1
