0.621097458270555
1.112442445887842
1.376664906754156
0.11352728951437474
0.6335328811822971
0.6189739594596474
0.17271231941351714
0.19333409349987063
0.5458137542662053
0.7826125593439301
1.4069475340437594
0.22400143298060993
0.16662602916354408
0.1240047630887152
0.1385395125482197
0.20604057688043398
0.29508406448654434
0.2072785704050592
1.3319089668516126
1.6916258013199053
0.7221161359151422
0.33655010198587715
0.02676523774876781
0.1719192018459084
0.21852433540448846
0.2867645940378212
0.9783462633866001
0.1012848078072241
0.40014992458874765
0.5030322662853898
0.09387999304281236
0.15184543662730376
0.23939781226414958
0.6042028842478415
1.1220181139078735
0.25679856912348115
0.5092654332180817
0.1518663637061382
0.2159137636805365
0.2527696314736398
