0.13638131251105323
2.9283320730124522
1.4828728189198759
0.10993642046092716
0.3080663637024136
0.7718899157801692
0.12103561182732739
0.08092003795937402
0.40937346878387304
0.8989783741019283
0.982551807159244
0.2926196388794505
0.3886914537414393
0.5723771263726484
0.11548015351400194
0.2939950953434629
0.2561819609017893
1.3476737025720578
0.624049908143461
0.03707894778258691
0.5673686175436258
0.19591878457713885
0.007960554373781972
0.2753902596671521
0.3463910721199245
0.16762424659379632
0.5848548054276101
0.26444571056724164
0.4769177179861917
0.10689735911746584
0.06793488435930908
0.14943728493470765
0.4807458257944903
0.1853633229126706
0.3354270811643625
0.6137439267730807
1.4135018455021253
0.3657918726140682
0.040475332900777344
0.25897820809139904
0.13912356787985491
0.22146329131209608
1.0333567182059327
0.8680670501712324
0.3714902245148094
0.29544735397138866
0.10729457381104168
0.15989296290299992
0.04915430010590033
0.5709113767594479
0.5312818167918969
0.4118412046003681
1.0056690333879206
1.2879631792517232
0.08043665208680145
0.13680485495203554
0.7865084550006247
1.0861478955561872
0.2591498501451134
0.39513994920684326
0.07358913594113209
0.6170362686608115
0.06942799604038269
0.07236461234811081
0.6999520405579671
0.5309262089023986
1.022633086889516
0.715444975795135
0.5928137472649038
0.16158973207548533
0.17242286661962614
0.30704871486921126
0.2406708742839889
0.5933912259279754
0.8979637740955854
0.28036628039184935
0.649439541299953
0.21285268408403007
0.046040135592876785
0.16547972575296824
0.2605583556199639
2.57035514300945
0.06664499200039017
0.5023983417643236
0.4841417545117197
0.21986010266817319
0.17879298230265928
0.1791523690066776
0.14011701410230215
0.5848368636670007
0.4649864347842766
0.21972974795478428
0.1370702828789162
0.6244422271624319
0.19854590829319144
0.37105794057296904
0.3766479321427031
0.6521964411512989
1.4268348679422271
3.31310031843897
0.19526297818624372
0.45221493202002155
0.06147700700163247
0.20192439021534367
0.23761423735840648
0.5186052624974697
1.0867991778957418
0.09586274739738695
0.6757464644184206
0.23053422560589598
0.13304984100051592
0.11405878582091178
0.8084564692496949
0.20294326738123375
0.2683944869734384
0.19295943551714909
0.321274358561067
0.2555633671558958
0.04490288504973337
0.20413261518552245
0.5756837542098009
0.5871678241342323
0.8717703447429167
0.10466200427205177
0.2990239961877974
0.14724332058240797
0.15197433371056673
0.3621461485794999
0.38703383348956577
0.7753952242731484
1.6514451732331559
0.5234447781562579
0.2973070627457477
0.5172432943571772
0.056874301102048636
0.13394552266473164
0.23893974749937108
0.45102778927855586
0.6124525024443025
0.5536292156685848
0.3502769582255485
0.12751592266911982
0.06877851434842855
0.19912673584875723
0.684144163808942
0.5277478863597711
1.3587405275750697
0.4385026270085349
0.5227987023233855
0.15679209580893871
0.10628441361345792
0.5680544815740806
0.34056323661170834
1.1195252696269946
0.9427465475888939
0.7989940493673862
0.2787851273129648
0.11510915851634135
0.14481615070207013
0.09447896907767034
0.21005051830105004
1.1945025623451644
0.9142338862219069
0.34546012406836335
0.299906039830871
0.2830302881589696
0.14303648614003459
0.2278462557635479
0.14978884580904755
0.7189386972469429
1.0960219329694612
0.9842590305952663
0.10311149822214483
0.19297761799925806
0.06640228090104353
0.401919029100654
0.43479628916135904
0.5171346394295941
0.45844876212507696
0.1493991428141515
0.737493823240843
2.1828182591568086
0.22784396224353476
0.4212362716098794
0.08355584462758059
0.24251365731580526
1.5041923278489455
0.8840255632784941
0.4269080771281898
0.42277359573626583
0.15394275959100573
0.20983240832870428
0.2458179001022769
0.21732585946739413
1.4957577916131
0.4200378208348907
0.4437861983433417
0.05822133710514697
0.09226826857734284
0.09217174162462105
0.15643802454146238
0.4011206462400559
1.0858391381620676
0.6262673776150405
0.21472636172672785
0.017627706612039093
0.11645546310865187
0.2940500063361073
0.3442754004302052
0.5858782601749027
0.8252298962124648
0.3624305154711516
0.3583360863026344
0.39452945704588716
0.24928167392016654
0.25564548938759785
0.8193768446805036
0.4422692552859049
1.1471810756318854
0.8676338681848224
1.0511898294737516
0.2784829567973264
0.12002674626973983
1.074591405616793
0.6085995172370746
0.13871427946392523
1.098866612652428
0.48343234182267614
0.1449999978456335
0.1304868909956587
0.07911420229909649
0.23884422836570418
0.4873544610205204
0.4508477516606796
0.4416643098815211
0.246316850830015
0.8252976881346441
0.3460398468033429
0.07909522529284471
0.09236243603497496
0.6353251336275398
0.6148072350339872
0.8307813639524902
0.57945734022975
0.23424537220536756
0.2110020242824081
0.06529508659654709
0.13780326242643096
0.18810782317472774
0.9411930068976838
1.5131723121369827
0.13803227614107608
1.292012120402429
0.17606830242386784
0.09214607290046603
1.1628103519975912
0.20406132106679192
0.6807632716331546
1.0417845559236913
0.3840208416488958
0.3029343151382581
0.12692981648407303
0.051570065218883354
0.17601691550437965
0.4303399021090689
0.712826651396234
1.0424329268379329
0.5266529754820797
0.42549802253595953
0.6263575438319677
0.05665859594635929
0.2943771606939726
0.17213600248938551
1.0371490513118826
1.0491616119686418
0.42981112790023035
0.3676660642930988
0.3525325988043846
0.11576948480982766
0.19581061138038303
0.4109431936717971
0.7107977833413893
1.4473397307194078
0.3280384642775137
0.2627937789599726
0.25799967460256873
0.13770410046505804
0.0672964066399749
0.674615691234546
0.5548049924114373
1.3022753986745559
0.11056893708864995
0.6006431997021019
0.38253252905782004
0.09350466658663012
0.25092041623366207
0.5259908896356643
0.6898391759621589
0.4849153670339653
0.1744309308975352
1.6438243068988565
0.2599326158668715
0.023921990364278875
0.7380452578496846
0.504462042227313
1.3123735236333598
1.1538919576280238
0.15394146783601062
0.6291327566069963
0.2832011332110474
0.20253423012200322
0.2204200262234976
0.9267691444436597
0.8116230257827397
0.991373103073697
0.8274004313561418
0.1116261874875108
0.35128525988632164
0.20450998174253843
0.10065531985961516
0.07827350353522702
0.7068183151432159
0.7121735936377332
0.28858621670566914
0.4697447507888871
0.35250778870777233
0.113977722336782
0.39832709369859876
1.0434478103490068
0.3262645642488138
0.7296625301163053
0.07102379653452942
0.3287198781746077
0.04084334520567325
0.08103437634372655
0.22825174889696576
0.3587166680040811
0.6175720184839627
0.7246308182627279
0.09623242074300986
0.6706878238527556
0.15049206129481763
0.23149915368071694
0.13182216163038377
1.1564517950645536
2.5484106617262596
0.5063313345077844
0.36306018818684693
0.15482285381270744
0.2500166084158328
0.07577769680517452
0.23683353603266993
0.30173985050178814
0.6508097781797875
1.3799578817194484
1.0034075718464655
0.5050067685623542
0.15538968365913802
0.04089145008488054
0.557277477826909
0.05797347059819841
0.9304951705195952
0.8032279784627874
0.19984479678374295
0.266989516044411
1.693394266646708
0.06005226267533814
0.9805181747431801
0.218687823348658
0.9243775686346278
0.4508625920965464
0.5143242215392387
0.17525444680182833
0.31318777631564865
0.1703401035301665
0.11661551891887095
0.8046126268396829
1.0168014456974368
1.1608680618872598
0.10527912193230876
0.9211624384248379
1.031236686878292
0.1506774233564089
0.6286603294078833
0.5003429621947126
0.06427121086754735
1.4625408423374078
0.047136335340367985
0.5095498330135091
0.33244440193955277
0.28441057378180684
0.10473142042202183
0.08063877425469586
0.3461860332257463
0.6033894107949703
0.1756609616697768
0.03488558097663358
0.07308013639418223
0.2061008707434419
0.22634578419843931
0.3761270860778112
0.3249386687846363
0.2141068233122052
0.22409451798301475
0.7358736406233486
0.5852989797269159
0.17617965981823075
0.1311168379305114
0.8596906823089658
0.539358162863746
1.0005203656435444
0.18405674792415216
0.28882803342312907
0.4068084589555464
0.23734447804725783
0.1913311243219406
0.40431208404267716
0.4602715386794046
0.8500430442555863
0.10639532735965895
0.530561805827566
0.18983611464611966
0.06715652446925915
0.11110753716885807
0.48166718064358505
0.7011337616632825
2.077264045369639
1.0371004554291094
0.09570030019408857
0.18633778416468014
0.10938427500555448
0.14491896683605973
0.22014463358795366
0.36779967848126205
0.8620767262867304
0.5662285074714415
0.23037616980066866
0.3153985155975044
0.22656328551961125
0.36036664915616917
0.020146613567196936
0.6666480571014793
1.246836360045522
0.6450243865428811
0.8417073574019572
0.1233783539360902
0.13847110150760356
0.2529657613326352
0.8977800213635527
0.3816384549298114
0.8983976103972185
0.2233919916454546
0.41489129563844696
0.1565931872915547
0.08365860803937131
0.35521816941896
0.5842086417255388
0.40175909575241325
1.2939855338693729
0.1982779532884728
0.2063663074909312
1.2378999708077694
0.20906590930045982
0.14758813221900613
0.6463163243493197
0.5549558986003058
1.6656911958941139
0.1785041693647182
0.16396377582303745
0.09094761844814114
0.08081839353767019
0.23130269984695495
0.491540899153186
0.5212990763623443
0.590736272217942
0.2560523800548664
0.5422198595049272
0.2539207007750094
0.06725865432643702
0.25108004733250416
