stick yball 3 0.045000000000000005 0.03 -1 -1 0.05946299581936011 0.019584045860061336 -1 -1
stick yball 3 0.045000000000000005 0.03 -1 -1 0.33525610007855283 1.089281440800865 -1 -1
stick yball 3 0.045000000000000005 0.03 -1 -1 -0.3132257398562979 1.3955011853527335 -1 -1
stick yball 3 0.045000000000000005 0.03 -1 -1 -0.867177822432406 0.4768049691434703 -1 -1
stick yball 3 0.045000000000000005 0.03 -1 -1 -0.32195916260463964 0.5567654182505504 -1 -1
stick yball 3 0.045000000000000005 0.03 -1 -1 0.05219005657084464 0.06437508984407736 -1 -1
stick yball 3 0.045000000000000005 0.03 -1 -1 0.0928384277478357 0.04178175593777186 -1 -1
stick yball 3 0.045000000000000005 0.03 -1 -1 0.580251843929485 0.9214322465716458 -1 -1
stick yball 3 0.045000000000000005 0.03 -1 -1 0.04571495659268348 0.041043324798661275 -1 -1
stick yball 3 0.045000000000000005 0.03 -1 -1 0.9535375152139997 0.8201241887990075 -1 -1
stick yball 3 0.045000000000000005 0.03 -1 -1 0.03582059051403179 0.5410193004950041 -1 -1
stick yball 3 0.045000000000000005 0.03 -1 -1 0.05430490971243324 0.03776998818410556 -1 -1
stick yball 3 0.045000000000000005 0.03 -1 -1 -0.39269678062139396 0.191748550709652 -1 -1
stick yball 3 0.045000000000000005 0.03 -1 -1 0.05213709217085167 0.0382369788637018 -1 -1
stick yball 3 0.045000000000000005 0.03 -1 -1 -0.9993466229903801 0.9201148327444792 -1 -1
stick yball 3 0.045000000000000005 0.03 -1 -1 -0.5757858024679406 0.2803750547396194 -1 -1
stick yball 3 0.045000000000000005 0.03 -1 -1 0.06351479125881423 0.032680109970571754 -1 -1
stick yball 3 0.045000000000000005 0.03 -1 -1 -0.6778595632683942 0.49053424009616514 -1 -1
stick yball 3 0.045000000000000005 0.03 -1 -1 0.16102586003065217 0.04865209962646987 -1 -1
stick yball 3 0.045000000000000005 0.03 -1 -1 0.12217628870647954 0.04044539841162286 -1 -1
stick yball 3 0.045000000000000005 0.03 -1 -1 -0.6335613639709583 0.5350217714089862 -1 -1
stick yball 3 0.045000000000000005 0.03 -1 -1 0.147515935850853 0.04111230132754762 -1 -1
stick yball 3 0.045000000000000005 0.03 -1 -1 0.011409617089392693 0.03418704133350398 -1 -1
stick yball 3 0.045000000000000005 0.03 -1 -1 -0.4622818125155776 0.3885319440968932 -1 -1
stick yball 3 0.045000000000000005 0.03 -1 -1 -0.4477506336645015 0.9019714278284374 -1 -1
stick yball 3 0.045000000000000005 0.03 -1 -1 0.07716425285601716 0.5527073722208516 -1 -1
stick yball 3 0.045000000000000005 0.03 -1 -1 -0.18174158557481862 0.8567092724976426 -1 -1
stick yball 3 0.045000000000000005 0.03 -1 -1 0.33833977203269067 0.7532569309759005 -1 -1
stick yball 3 0.045000000000000005 0.03 -1 -1 -0.8369447550736269 0.09543141833091337 -1 -1
stick yball 3 0.045000000000000005 0.03 -1 -1 -0.6829492799548001 0.8217779984548962 -1 -1
stick yball 3 0.045000000000000005 0.03 -1 -1 0.05713282575504121 0.04466049252548861 -1 -1
stick yball 3 0.045000000000000005 0.03 -1 -1 -0.03173041743297608 1.1817868860325047 -1 -1
stick yball 3 0.045000000000000005 0.03 -1 -1 -0.25500375223669347 0.2060092931461095 -1 -1
stick yball 3 0.045000000000000005 0.03 -1 -1 0.04271088100327693 0.046894730267288305 -1 -1
stick yball 3 0.045000000000000005 0.03 -1 -1 -0.9044098572001821 0.3830927602400361 -1 -1
stick yball 3 0.045000000000000005 0.03 -1 -1 0.1737695518428991 0.8150321470172114 -1 -1
stick yball 3 0.045000000000000005 0.03 -1 -1 -0.08919859135491048 -0.04738316118180346 -1 -1
stick yball 3 0.045000000000000005 0.03 -1 -1 -0.253551999724945 0.6704621651656025 -1 -1
stick yball 3 0.045000000000000005 0.03 -1 -1 0.029630713112212822 0.06457030455939163 -1 -1
stick yball 3 0.045000000000000005 0.03 -1 -1 0.5804550567650523 1.3839730019851681 -1 -1
