stick yball 3 0.045000000000000005 0.03 -1 -1 0.005218352095938692 0.04362901278010318 -1 -1
stick yball 3 0.045000000000000005 0.03 -1 -1 -0.5272732337334982 0.6511954380671015 -1 -1
stick yball 3 0.045000000000000005 0.03 -1 -1 -0.11365360187237573 0.8883501133960146 -1 -1
stick yball 3 0.045000000000000005 0.03 -1 -1 0.30990142739580834 0.874826574647472 -1 -1
stick yball 3 0.045000000000000005 0.03 -1 -1 0.0416571847555498 0.03904497089302652 -1 -1
stick yball 3 0.045000000000000005 0.03 -1 -1 0.05093494768226241 0.03991407687962741 -1 -1
stick yball 3 0.045000000000000005 0.03 -1 -1 -0.3661295560978248 0.3208795537492557 -1 -1
stick yball 3 0.045000000000000005 0.03 -1 -1 -0.8043480086524099 0.47096278280397436 -1 -1
stick yball 3 0.045000000000000005 0.03 -1 -1 0.0885167443461332 -0.0127767173307611 -1 -1
stick yball 3 0.045000000000000005 0.03 -1 -1 0.2604899048712956 1.0827140094144871 -1 -1
stick yball 3 0.045000000000000005 0.03 -1 -1 0.04621380155094303 0.0393013364969488 -1 -1
stick yball 3 0.045000000000000005 0.03 -1 -1 -0.5249012679863653 0.9730251581632171 -1 -1
stick yball 3 0.045000000000000005 0.03 -1 -1 0.04697593632462268 0.03808731150524874 -1 -1
stick yball 3 0.045000000000000005 0.03 -1 -1 -0.5498554923990341 0.8268055448782985 -1 -1
stick yball 3 0.045000000000000005 0.03 -1 -1 -0.46355332579863157 1.089179507136978 -1 -1
stick yball 3 0.045000000000000005 0.03 -1 -1 -0.5029719967970663 0.16841067590162573 -1 -1
stick yball 3 0.045000000000000005 0.03 -1 -1 0.061135950669995366 0.04019443729209044 -1 -1
stick yball 3 0.045000000000000005 0.03 -1 -1 0.08148652713146419 0.006684174620831526 -1 -1
stick yball 3 0.045000000000000005 0.03 -1 -1 0.013583847633499667 0.21613903892666442 -1 -1
stick yball 3 0.045000000000000005 0.03 -1 -1 0.6156562191379168 0.5741857660905099 -1 -1
stick yball 3 0.045000000000000005 0.03 -1 -1 -0.4305961847360535 0.15708543193047725 -1 -1
stick yball 3 0.045000000000000005 0.03 -1 -1 0.04614590911255286 0.04078524519600318 -1 -1
stick yball 3 0.045000000000000005 0.03 -1 -1 0.9686535023576247 0.6506110010447121 -1 -1
stick yball 3 0.045000000000000005 0.03 -1 -1 0.045564353643318324 0.0600699525491402 -1 -1
stick yball 3 0.045000000000000005 0.03 -1 -1 0.03423712996305511 0.04197659194237191 -1 -1
stick yball 3 0.045000000000000005 0.03 -1 -1 -0.9213335358855231 0.7821069890431167 -1 -1
stick yball 3 0.045000000000000005 0.03 -1 -1 0.12813515168634257 0.15666272154548172 -1 -1
stick yball 3 0.045000000000000005 0.03 -1 -1 0.05386748733040804 0.038669239047488056 -1 -1
stick yball 3 0.045000000000000005 0.03 -1 -1 0.314748984977752 0.7776116343096097 -1 -1
stick yball 3 0.045000000000000005 0.03 -1 -1 0.28216549854296774 0.706999810689303 -1 -1
stick yball 3 0.045000000000000005 0.03 -1 -1 0.0119045084251156 -0.012721762558482157 -1 -1
stick yball 3 0.045000000000000005 0.03 -1 -1 -0.22129512199090978 0.21989667347001388 -1 -1
stick yball 3 0.045000000000000005 0.03 -1 -1 -0.7196258042745958 0.9190975435177832 -1 -1
stick yball 3 0.045000000000000005 0.03 -1 -1 -0.3816293652224528 0.4305218428750594 -1 -1
stick yball 3 0.045000000000000005 0.03 -1 -1 0.02893783413619613 0.010759113853507203 -1 -1
stick yball 3 0.045000000000000005 0.03 -1 -1 0.08748784373490745 0.007215019717497494 -1 -1
stick yball 3 0.045000000000000005 0.03 -1 -1 0.058857164670134 0.02820338637394491 -1 -1
stick yball 3 0.045000000000000005 0.03 -1 -1 -0.036310981327220215 0.4698455262244945 -1 -1
stick yball 3 0.045000000000000005 0.03 -1 -1 -0.12695471958480792 1.124745812562758 -1 -1
stick yball 3 0.045000000000000005 0.03 -1 -1 0.6703589123772297 0.8035554108694344 -1 -1
