stick yball 3 0.045000000000000005 0.03 -1 -1 0.05017512081613479 0.04162158216106108 -1 -1
stick yball 3 0.045000000000000005 0.03 -1 -1 0.05031033272436422 0.0416043678644425 -1 -1
stick yball 3 0.045000000000000005 0.03 -1 -1 0.1444024540481273 0.031303247738922235 -1 -1
stick yball 3 0.045000000000000005 0.03 -1 -1 0.052167278564453246 0.04135770360657399 -1 -1
stick yball 3 0.045000000000000005 0.03 -1 -1 0.054127544029832136 0.041023206717533185 -1 -1
stick yball 3 0.045000000000000005 0.03 -1 -1 0.14518558855070265 0.04094549916736602 -1 -1
stick yball 3 0.045000000000000005 0.03 -1 -1 0.05023451248257992 0.041368217419403504 -1 -1
stick yball 3 0.045000000000000005 0.03 -1 -1 0.052802100798473466 0.04138283050947858 -1 -1
stick yball 3 0.045000000000000005 0.03 -1 -1 0.05033803160315992 0.041027372450036764 -1 -1
stick yball 3 0.045000000000000005 0.03 -1 -1 0.14397387795276026 0.030718445090146557 -1 -1
stick yball 3 0.045000000000000005 0.03 -1 -1 0.14630557579769315 0.03067156730408828 -1 -1
stick yball 3 0.045000000000000005 0.03 -1 -1 0.14539800037048867 0.03061223491886448 -1 -1
stick yball 3 0.045000000000000005 0.03 -1 -1 0.05000083165903399 0.04092404349650544 -1 -1
stick yball 3 0.045000000000000005 0.03 -1 -1 0.0500837998612187 0.04149170997412242 -1 -1
stick yball 3 0.045000000000000005 0.03 -1 -1 0.0502413522969577 0.04139455932775734 -1 -1
stick yball 3 0.045000000000000005 0.03 -1 -1 0.051685938935445506 0.039302755247770195 -1 -1
stick yball 3 0.045000000000000005 0.03 -1 -1 0.04949754275408547 0.041282582350142975 -1 -1
stick yball 3 0.045000000000000005 0.03 -1 -1 0.05001579954648751 0.041357751981157334 -1 -1
stick yball 3 0.045000000000000005 0.03 -1 -1 0.1452928559106403 0.0307609341593658 -1 -1
stick yball 3 0.045000000000000005 0.03 -1 -1 0.05005781720617005 0.04152999872175511 -1 -1
stick yball 3 0.045000000000000005 0.03 -1 -1 0.05595158846276473 0.04103153779261186 -1 -1
stick yball 3 0.045000000000000005 0.03 -1 -1 0.14530658206254887 0.030664341690967496 -1 -1
stick yball 3 0.045000000000000005 0.03 -1 -1 0.1450743763764027 0.030588371642885956 -1 -1
stick yball 3 0.045000000000000005 0.03 -1 -1 0.05030358410591825 0.04095853433817529 -1 -1
stick yball 3 0.045000000000000005 0.03 -1 -1 0.14583686703612925 0.030685204594962174 -1 -1
stick yball 3 0.045000000000000005 0.03 -1 -1 0.14512217448214115 0.03067669678239358 -1 -1
stick yball 3 0.045000000000000005 0.03 -1 -1 0.05024459834214757 0.04136321349402466 -1 -1
stick yball 3 0.045000000000000005 0.03 -1 -1 0.09125256249810247 0.04075436250353101 -1 -1
stick yball 3 0.045000000000000005 0.03 -1 -1 0.14387320995752337 0.030722982608285675 -1 -1
stick yball 3 0.045000000000000005 0.03 -1 -1 0.04973305465225629 0.041525592645197694 -1 -1
stick yball 3 0.045000000000000005 0.03 -1 -1 0.1449529316840073 0.030667069774399886 -1 -1
stick yball 3 0.045000000000000005 0.03 -1 -1 0.1474395712666956 0.030716229780100968 -1 -1
stick yball 3 0.045000000000000005 0.03 -1 -1 0.05381357348634379 0.04122732364640405 -1 -1
stick yball 3 0.045000000000000005 0.03 -1 -1 0.05033722741623252 0.04134499127455817 -1 -1
stick yball 3 0.045000000000000005 0.03 -1 -1 0.05482271892620661 0.0409258150863019 -1 -1
stick yball 3 0.045000000000000005 0.03 -1 -1 0.053825565418745544 0.04115923075894023 -1 -1
stick yball 3 0.045000000000000005 0.03 -1 -1 0.04948406058890637 0.041446974712926604 -1 -1
stick yball 3 0.045000000000000005 0.03 -1 -1 0.050118413333807225 0.04146642669135166 -1 -1
stick yball 3 0.045000000000000005 0.03 -1 -1 0.050121622275450084 0.04156513615206756 -1 -1
stick yball 3 0.045000000000000005 0.03 -1 -1 0.14562094736086273 0.03066837254428696 -1 -1
