stick yball 3 0.045000000000000005 0.03 -1 -1 0.13894504107407765 0.11929720247565337 -1 -1
stick yball 3 0.045000000000000005 0.03 -1 -1 -0.21357310241766636 0.7918179469277106 -1 -1
stick yball 3 0.045000000000000005 0.03 -1 -1 -0.5610661696360474 0.5358258876146367 -1 -1
stick yball 3 0.045000000000000005 0.03 -1 -1 0.04678798827431353 0.024740901090510248 -1 -1
stick yball 3 0.045000000000000005 0.03 -1 -1 -0.05683239355151886 0.753079665437004 -1 -1
stick yball 3 0.045000000000000005 0.03 -1 -1 0.14054969041423457 1.0949546145254216 -1 -1
stick yball 3 0.045000000000000005 0.03 -1 -1 0.7007397032554044 -0.5826303959175488 -1 -1
stick yball 3 0.045000000000000005 0.03 -1 -1 0.1590578313600367 0.6927611727600649 -1 -1
stick yball 3 0.045000000000000005 0.03 -1 -1 -0.36503220170373396 0.8183329198273144 -1 -1
stick yball 3 0.045000000000000005 0.03 -1 -1 0.05734199415195472 0.8310528343308605 -1 -1
stick yball 3 0.045000000000000005 0.03 -1 -1 0.08760798874188991 -0.0336449533272427 -1 -1
stick yball 3 0.045000000000000005 0.03 -1 -1 0.05086575411812936 0.03910557392803293 -1 -1
stick yball 3 0.045000000000000005 0.03 -1 -1 0.21500336592549754 0.628695432441501 -1 -1
stick yball 3 0.045000000000000005 0.03 -1 -1 0.7129977976486301 0.46552997739082835 -1 -1
stick yball 3 0.045000000000000005 0.03 -1 -1 0.19565680495575807 0.8462766910667259 -1 -1
stick yball 3 0.045000000000000005 0.03 -1 -1 0.05081427605113487 0.039945815276183315 -1 -1
stick yball 3 0.045000000000000005 0.03 -1 -1 0.03224848303922733 0.26755081311718 -1 -1
stick yball 3 0.045000000000000005 0.03 -1 -1 0.33836100832046717 1.1818132617931847 -1 -1
stick yball 3 0.045000000000000005 0.03 -1 -1 0.047927097365820584 0.04087778661815451 -1 -1
stick yball 3 0.045000000000000005 0.03 -1 -1 0.06879192937890186 0.04208562233979242 -1 -1
stick yball 3 0.045000000000000005 0.03 -1 -1 0.5212469320368399 0.8622849105106871 -1 -1
stick yball 3 0.045000000000000005 0.03 -1 -1 0.06899884033110056 -0.15450230699921436 -1 -1
stick yball 3 0.045000000000000005 0.03 -1 -1 0.23360744966793412 0.8678513732288646 -1 -1
stick yball 3 0.045000000000000005 0.03 -1 -1 0.06264062942235477 0.04044948990955083 -1 -1
stick yball 3 0.045000000000000005 0.03 -1 -1 0.14048287397935663 0.5477947138896274 -1 -1
stick yball 3 0.045000000000000005 0.03 -1 -1 0.6467720047825458 0.9656600565271309 -1 -1
stick yball 3 0.045000000000000005 0.03 -1 -1 -0.025809552510283537 0.6960483694665768 -1 -1
stick yball 3 0.045000000000000005 0.03 -1 -1 -0.2656881715816153 0.8576157213095883 -1 -1
stick yball 3 0.045000000000000005 0.03 -1 -1 0.6280946397837789 0.018124434788705228 -1 -1
stick yball 3 0.045000000000000005 0.03 -1 -1 0.3665076891232805 0.6865424719280439 -1 -1
stick yball 3 0.045000000000000005 0.03 -1 -1 0.01083460614587434 0.050936439291084545 -1 -1
stick yball 3 0.045000000000000005 0.03 -1 -1 0.04396964421212511 0.03810621751413458 -1 -1
stick yball 3 0.045000000000000005 0.03 -1 -1 0.7411631640106356 0.7803050759498876 -1 -1
stick yball 3 0.045000000000000005 0.03 -1 -1 0.04971368037593066 0.03830666527607473 -1 -1
stick yball 3 0.045000000000000005 0.03 -1 -1 -0.27086819383105837 0.9405090246964952 -1 -1
stick yball 3 0.045000000000000005 0.03 -1 -1 -0.16135225442634904 0.9530083636495043 -1 -1
stick yball 3 0.045000000000000005 0.03 -1 -1 0.4598479115519394 0.964346266177153 -1 -1
stick yball 3 0.045000000000000005 0.03 -1 -1 -0.17604172917580224 0.7425409522521003 -1 -1
stick yball 3 0.045000000000000005 0.03 -1 -1 0.04332102811636948 0.035694040845872695 -1 -1
stick yball 3 0.045000000000000005 0.03 -1 -1 -0.3948819311390138 0.5959128472395205 -1 -1
