stick yball 3 0.045000000000000005 0.03 -1 -1 0.1452027119094755 0.030611548959454924 -1 -1
stick yball 3 0.045000000000000005 0.03 -1 -1 0.05012235722087713 0.041523196082012825 -1 -1
stick yball 3 0.045000000000000005 0.03 -1 -1 0.14338661661153973 0.030735201896832747 -1 -1
stick yball 3 0.045000000000000005 0.03 -1 -1 0.05837677447092144 0.04129580053884417 -1 -1
stick yball 3 0.045000000000000005 0.03 -1 -1 0.14506858148452031 0.030815929438253325 -1 -1
stick yball 3 0.045000000000000005 0.03 -1 -1 0.1453893996687246 0.0306911445570014 -1 -1
stick yball 3 0.045000000000000005 0.03 -1 -1 0.1463207015167511 0.030672141635964142 -1 -1
stick yball 3 0.045000000000000005 0.03 -1 -1 0.14644087213689588 0.030674220123446772 -1 -1
stick yball 3 0.045000000000000005 0.03 -1 -1 0.0500453201559623 0.04138667559583281 -1 -1
stick yball 3 0.045000000000000005 0.03 -1 -1 0.04989055918314865 0.04157969139218585 -1 -1
stick yball 3 0.045000000000000005 0.03 -1 -1 0.14617003574391235 0.030628786018981217 -1 -1
stick yball 3 0.045000000000000005 0.03 -1 -1 0.1460935205454663 0.030797576087428863 -1 -1
stick yball 3 0.045000000000000005 0.03 -1 -1 0.05038259409841872 0.04160128267805586 -1 -1
stick yball 3 0.045000000000000005 0.03 -1 -1 0.1456996707927158 0.030657840385590784 -1 -1
stick yball 3 0.045000000000000005 0.03 -1 -1 0.050219005507407544 0.04137058135651139 -1 -1
stick yball 3 0.045000000000000005 0.03 -1 -1 0.04995221900952612 0.041287116357156754 -1 -1
stick yball 3 0.045000000000000005 0.03 -1 -1 0.146692707043953 0.03059250719173976 -1 -1
stick yball 3 0.045000000000000005 0.03 -1 -1 0.14008784967162818 0.040899198402378045 -1 -1
stick yball 3 0.045000000000000005 0.03 -1 -1 0.04935402134266411 0.04145272814906996 -1 -1
stick yball 3 0.045000000000000005 0.03 -1 -1 0.14586488562724456 0.03062414922891759 -1 -1
stick yball 3 0.045000000000000005 0.03 -1 -1 0.05012945801990142 0.04121479143401856 -1 -1
stick yball 3 0.045000000000000005 0.03 -1 -1 0.14624826004240704 0.030699728533283097 -1 -1
stick yball 3 0.045000000000000005 0.03 -1 -1 0.050243511133612966 0.04148753121968847 -1 -1
stick yball 3 0.045000000000000005 0.03 -1 -1 0.14665441456500547 0.030641174909055928 -1 -1
stick yball 3 0.045000000000000005 0.03 -1 -1 0.0497011511719052 0.04144879124433729 -1 -1
stick yball 3 0.045000000000000005 0.03 -1 -1 0.14518278338267138 0.030605246197774372 -1 -1
stick yball 3 0.045000000000000005 0.03 -1 -1 0.05018267480637086 0.04137425474432629 -1 -1
stick yball 3 0.045000000000000005 0.03 -1 -1 0.050200333364850636 0.041519301688146 -1 -1
stick yball 3 0.045000000000000005 0.03 -1 -1 0.049539241409927576 0.041385502880367506 -1 -1
stick yball 3 0.045000000000000005 0.03 -1 -1 0.14531228873486038 0.03062445435054128 -1 -1
stick yball 3 0.045000000000000005 0.03 -1 -1 0.1449154349138858 0.030669278613408735 -1 -1
stick yball 3 0.045000000000000005 0.03 -1 -1 0.0501406057001125 0.04159924407842613 -1 -1
stick yball 3 0.045000000000000005 0.03 -1 -1 0.14465563120042857 0.030672017680545966 -1 -1
stick yball 3 0.045000000000000005 0.03 -1 -1 0.14529840855204754 0.031181785016549977 -1 -1
stick yball 3 0.045000000000000005 0.03 -1 -1 0.04987186988949513 0.041356342209647214 -1 -1
stick yball 3 0.045000000000000005 0.03 -1 -1 0.05017958722106514 0.041111209326579745 -1 -1
stick yball 3 0.045000000000000005 0.03 -1 -1 0.14449852465166646 0.03067555389655979 -1 -1
stick yball 3 0.045000000000000005 0.03 -1 -1 0.14515418896638801 0.03137635623990141 -1 -1
stick yball 3 0.045000000000000005 0.03 -1 -1 0.05014325585798734 0.04145347891709758 -1 -1
stick yball 3 0.045000000000000005 0.03 -1 -1 0.14563103281601228 0.030620899896410946 -1 -1
stick yball 3 0.045000000000000005 0.03 -1 -1 0.05029170584031455 0.04105987002006422 -1 -1
stick yball 3 0.045000000000000005 0.03 -1 -1 0.050237636331088756 0.04127142454603663 -1 -1
stick yball 3 0.045000000000000005 0.03 -1 -1 0.049792809001827115 0.041392939957613 -1 -1
stick yball 3 0.045000000000000005 0.03 -1 -1 0.14524399162901203 0.030791133313606892 -1 -1
stick yball 3 0.045000000000000005 0.03 -1 -1 0.1432059733326011 0.030736207708851666 -1 -1
stick yball 3 0.045000000000000005 0.03 -1 -1 0.1471650204829476 0.04078675318390317 -1 -1
stick yball 3 0.045000000000000005 0.03 -1 -1 0.14629040509736677 0.03062335632465628 -1 -1
stick yball 3 0.045000000000000005 0.03 -1 -1 0.050246358934445914 0.04145734233763476 -1 -1
stick yball 3 0.045000000000000005 0.03 -1 -1 0.050219457612727766 0.04136787190360152 -1 -1
stick yball 3 0.045000000000000005 0.03 -1 -1 0.14600248107094915 0.03070888247233608 -1 -1
stick yball 3 0.045000000000000005 0.03 -1 -1 0.05000609598215534 0.04133756897334529 -1 -1
stick yball 3 0.045000000000000005 0.03 -1 -1 0.14590882860076276 0.04066784981369477 -1 -1
stick yball 3 0.045000000000000005 0.03 -1 -1 0.14555704872704067 0.030690880596941816 -1 -1
stick yball 3 0.045000000000000005 0.03 -1 -1 0.05024847637238959 0.04138979943394018 -1 -1
stick yball 3 0.045000000000000005 0.03 -1 -1 0.14617763854648244 0.030628986708517644 -1 -1
stick yball 3 0.045000000000000005 0.03 -1 -1 0.04996323442003776 0.04148902292896372 -1 -1
stick yball 3 0.045000000000000005 0.03 -1 -1 0.14706903645729674 0.030623819047941255 -1 -1
stick yball 3 0.045000000000000005 0.03 -1 -1 0.14455299101875232 0.030674401228710943 -1 -1
stick yball 3 0.045000000000000005 0.03 -1 -1 0.04943076701888199 0.041490293064524834 -1 -1
stick yball 3 0.045000000000000005 0.03 -1 -1 0.050121807955768836 0.04089341717718424 -1 -1
