stick yball 3 0.045000000000000005 0.03 -1 -1 0.12985190681212821 0.9471367775899466 -1 -1
stick yball 3 0.045000000000000005 0.03 -1 -1 -0.099823352500333 1.1243775876554587 -1 -1
stick yball 3 0.045000000000000005 0.03 -1 -1 -0.13957329619702866 -0.00978671758064691 -1 -1
stick yball 3 0.045000000000000005 0.03 -1 -1 0.7692780696546797 0.07494324169438282 -1 -1
stick yball 3 0.045000000000000005 0.03 -1 -1 0.047762305917492386 0.03529753279638866 -1 -1
stick yball 3 0.045000000000000005 0.03 -1 -1 0.05101011684389156 0.039929894778593045 -1 -1
stick yball 3 0.045000000000000005 0.03 -1 -1 -0.27649492329895337 1.2063981605093361 -1 -1
stick yball 3 0.045000000000000005 0.03 -1 -1 -0.03321836400576327 0.5707346314422405 -1 -1
stick yball 3 0.045000000000000005 0.03 -1 -1 0.217652017673784 0.8142832395163192 -1 -1
stick yball 3 0.045000000000000005 0.03 -1 -1 -0.3614537698095224 0.664350862931279 -1 -1
stick yball 3 0.045000000000000005 0.03 -1 -1 -0.5547933500575333 0.8551399115456806 -1 -1
stick yball 3 0.045000000000000005 0.03 -1 -1 0.06706925862072109 0.059087365030105254 -1 -1
stick yball 3 0.045000000000000005 0.03 -1 -1 0.6098705717609306 0.9095314754361935 -1 -1
stick yball 3 0.045000000000000005 0.03 -1 -1 0.13574721130371833 0.09320801616559794 -1 -1
stick yball 3 0.045000000000000005 0.03 -1 -1 0.07315764492601415 0.03512546986564972 -1 -1
stick yball 3 0.045000000000000005 0.03 -1 -1 0.2735185903369079 0.47047758505220705 -1 -1
stick yball 3 0.045000000000000005 0.03 -1 -1 -0.21265839651652665 0.8190970600871686 -1 -1
stick yball 3 0.045000000000000005 0.03 -1 -1 -0.17535955336596257 -0.10463758797652496 -1 -1
stick yball 3 0.045000000000000005 0.03 -1 -1 0.03718183985497703 0.11306760383325057 -1 -1
stick yball 3 0.045000000000000005 0.03 -1 -1 -0.010425484818471784 0.8691316479397602 -1 -1
stick yball 3 0.045000000000000005 0.03 -1 -1 0.058619456271195115 0.0324054405901048 -1 -1
stick yball 3 0.045000000000000005 0.03 -1 -1 0.029921348224187776 1.268714198124996 -1 -1
stick yball 3 0.045000000000000005 0.03 -1 -1 0.06856508810635197 -0.026071956021515522 -1 -1
stick yball 3 0.045000000000000005 0.03 -1 -1 0.08023613213250784 0.045687082368104925 -1 -1
stick yball 3 0.045000000000000005 0.03 -1 -1 0.12136428332817684 0.04322776229584029 -1 -1
stick yball 3 0.045000000000000005 0.03 -1 -1 0.907866651427454 0.4167670309476172 -1 -1
stick yball 3 0.045000000000000005 0.03 -1 -1 -0.24727512137079774 0.6084987174223623 -1 -1
stick yball 3 0.045000000000000005 0.03 -1 -1 -0.9973927484068922 1.0846577396788533 -1 -1
stick yball 3 0.045000000000000005 0.03 -1 -1 0.04541223473099704 0.041893116925105035 -1 -1
stick yball 3 0.045000000000000005 0.03 -1 -1 0.40677799439448525 0.8279677747809248 -1 -1
stick yball 3 0.045000000000000005 0.03 -1 -1 0.05795756917927983 0.033442490863395825 -1 -1
stick yball 3 0.045000000000000005 0.03 -1 -1 0.6130796108563136 0.6195422181783568 -1 -1
stick yball 3 0.045000000000000005 0.03 -1 -1 0.08851737879519052 0.05567049276633408 -1 -1
stick yball 3 0.045000000000000005 0.03 -1 -1 -0.22378835923646642 0.46199614623172647 -1 -1
stick yball 3 0.045000000000000005 0.03 -1 -1 -0.6152615871244639 0.949910482146039 -1 -1
stick yball 3 0.045000000000000005 0.03 -1 -1 0.7874323166949015 0.5628791467611441 -1 -1
stick yball 3 0.045000000000000005 0.03 -1 -1 -0.8044496465857237 0.8008423144139878 -1 -1
stick yball 3 0.045000000000000005 0.03 -1 -1 -0.6702217038289261 0.8026898499691753 -1 -1
stick yball 3 0.045000000000000005 0.03 -1 -1 -0.9160410697844089 0.024450201063997444 -1 -1
stick yball 3 0.045000000000000005 0.03 -1 -1 -0.25955517313268284 0.7858595490713906 -1 -1
