stick yball 3 0.045000000000000005 0.03 -1 -1 0.04995712466435221 0.0414943268112596 -1 -1
stick yball 3 0.045000000000000005 0.03 -1 -1 0.04948679111397457 0.0415501333476023 -1 -1
stick yball 3 0.045000000000000005 0.03 -1 -1 0.049328659138399546 0.040994294379679885 -1 -1
stick yball 3 0.045000000000000005 0.03 -1 -1 0.14524323831344618 0.030892398277469705 -1 -1
stick yball 3 0.045000000000000005 0.03 -1 -1 0.14507952690420212 0.030799668781712523 -1 -1
stick yball 3 0.045000000000000005 0.03 -1 -1 0.05007754255085696 0.041608022955402196 -1 -1
stick yball 3 0.045000000000000005 0.03 -1 -1 0.05020710216181033 0.041573195293978724 -1 -1
stick yball 3 0.045000000000000005 0.03 -1 -1 0.1463644984210626 0.030667667274434138 -1 -1
stick yball 3 0.045000000000000005 0.03 -1 -1 0.1424055195677452 0.04111750531490606 -1 -1
stick yball 3 0.045000000000000005 0.03 -1 -1 0.05285947395039796 0.04137521909851053 -1 -1
stick yball 3 0.045000000000000005 0.03 -1 -1 0.05046226036125538 0.041360679387671545 -1 -1
stick yball 3 0.045000000000000005 0.03 -1 -1 0.04976662481718248 0.04139586757218231 -1 -1
stick yball 3 0.045000000000000005 0.03 -1 -1 0.14499807794723 0.031036840064471327 -1 -1
stick yball 3 0.045000000000000005 0.03 -1 -1 0.14637785392426586 0.030819549971529116 -1 -1
stick yball 3 0.045000000000000005 0.03 -1 -1 0.05719965575078912 0.04089599695339681 -1 -1
stick yball 3 0.045000000000000005 0.03 -1 -1 0.05055698538139216 0.041436756258252584 -1 -1
stick yball 3 0.045000000000000005 0.03 -1 -1 0.05003587159644578 0.04152272249482687 -1 -1
stick yball 3 0.045000000000000005 0.03 -1 -1 0.14675752782098403 0.030633632760638425 -1 -1
stick yball 3 0.045000000000000005 0.03 -1 -1 0.048969220998204416 0.0414015913491938 -1 -1
stick yball 3 0.045000000000000005 0.03 -1 -1 0.12402506562535758 0.04152891466874269 -1 -1
