stick yball 3 0.045000000000000005 0.03 -1 -1 0.05386782996800833 0.03977556149472506 -1 -1
stick yball 3 0.045000000000000005 0.03 -1 -1 -0.31514052451519897 -0.029506606993038576 -1 -1
stick yball 3 0.045000000000000005 0.03 -1 -1 0.07371575771980386 0.08995168538444664 -1 -1
stick yball 3 0.045000000000000005 0.03 -1 -1 0.12533644836991992 0.040994534117749164 -1 -1
stick yball 3 0.045000000000000005 0.03 -1 -1 0.051071459173232754 0.03714330825590823 -1 -1
stick yball 3 0.045000000000000005 0.03 -1 -1 -0.4631686829456575 0.5157561488295483 -1 -1
stick yball 3 0.045000000000000005 0.03 -1 -1 0.42522408113957216 0.6162693209229538 -1 -1
stick yball 3 0.045000000000000005 0.03 -1 -1 0.08229475822187686 0.13085369971169813 -1 -1
stick yball 3 0.045000000000000005 0.03 -1 -1 -0.9332503328748121 0.0043643630575829805 -1 -1
stick yball 3 0.045000000000000005 0.03 -1 -1 0.07952989583995154 0.06663285881080101 -1 -1
stick yball 3 0.045000000000000005 0.03 -1 -1 -0.11968514497138277 -0.009136916488432064 -1 -1
stick yball 3 0.045000000000000005 0.03 -1 -1 -0.5371966917990914 0.8225571020441573 -1 -1
stick yball 3 0.045000000000000005 0.03 -1 -1 0.04567355514847292 0.0410803878396894 -1 -1
stick yball 3 0.045000000000000005 0.03 -1 -1 0.04957044858762207 0.040711859686529905 -1 -1
stick yball 3 0.045000000000000005 0.03 -1 -1 -0.9771711477340083 0.6946235071408848 -1 -1
stick yball 3 0.045000000000000005 0.03 -1 -1 0.03808608118294071 0.020582448582280782 -1 -1
stick yball 3 0.045000000000000005 0.03 -1 -1 0.05963285714621686 0.04292530816953939 -1 -1
stick yball 3 0.045000000000000005 0.03 -1 -1 -0.011339343190303547 0.22352640842869093 -1 -1
stick yball 3 0.045000000000000005 0.03 -1 -1 -0.5011989965689354 0.9078180564143664 -1 -1
stick yball 3 0.045000000000000005 0.03 -1 -1 -0.019728993298156618 0.5088979702038066 -1 -1
stick yball 3 0.045000000000000005 0.03 -1 -1 0.11102482983539635 0.71297680796956 -1 -1
stick yball 3 0.045000000000000005 0.03 -1 -1 0.053612617463288846 0.03404603082468889 -1 -1
stick yball 3 0.045000000000000005 0.03 -1 -1 0.038773978561936324 0.02836778484376341 -1 -1
stick yball 3 0.045000000000000005 0.03 -1 -1 -0.8059654916386465 0.9578961536006154 -1 -1
stick yball 3 0.045000000000000005 0.03 -1 -1 -0.023570094040658976 0.13848894531002665 -1 -1
stick yball 3 0.045000000000000005 0.03 -1 -1 0.0498319344056484 0.037381933076334 -1 -1
stick yball 3 0.045000000000000005 0.03 -1 -1 0.514561057208998 0.2623961047223696 -1 -1
stick yball 3 0.045000000000000005 0.03 -1 -1 -0.025905687392736222 0.03579328151777626 -1 -1
stick yball 3 0.045000000000000005 0.03 -1 -1 0.4553248017348082 0.8269736587088755 -1 -1
stick yball 3 0.045000000000000005 0.03 -1 -1 0.03936715598042315 -0.009882683509341107 -1 -1
stick yball 3 0.045000000000000005 0.03 -1 -1 0.47375658516285113 0.30935287093470565 -1 -1
stick yball 3 0.045000000000000005 0.03 -1 -1 -0.964603745853276 0.3930475161155225 -1 -1
stick yball 3 0.045000000000000005 0.03 -1 -1 0.05068601238391337 0.04424848798832973 -1 -1
stick yball 3 0.045000000000000005 0.03 -1 -1 0.05910487296842353 0.041367384477771385 -1 -1
stick yball 3 0.045000000000000005 0.03 -1 -1 -0.5720769680192168 0.48331831654867674 -1 -1
stick yball 3 0.045000000000000005 0.03 -1 -1 0.043804575464259206 0.007569205631516925 -1 -1
stick yball 3 0.045000000000000005 0.03 -1 -1 0.19391005818300772 0.041159125332506756 -1 -1
stick yball 3 0.045000000000000005 0.03 -1 -1 -0.440780807236353 0.6312931347872842 -1 -1
stick yball 3 0.045000000000000005 0.03 -1 -1 -0.4969014281719033 0.870784207410395 -1 -1
stick yball 3 0.045000000000000005 0.03 -1 -1 0.048455138109268096 0.025315017507478745 -1 -1
