stick yball 3 0.045000000000000005 0.03 -1 -1 -0.6465432389975545 0.6548020416194398 -1 -1
stick yball 3 0.045000000000000005 0.03 -1 -1 -0.33291677823360466 0.9559082240021036 -1 -1
stick yball 3 0.045000000000000005 0.03 -1 -1 -0.12193547895918269 0.689305499439942 -1 -1
stick yball 3 0.045000000000000005 0.03 -1 -1 0.49704555805163864 0.434541854593473 -1 -1
stick yball 3 0.045000000000000005 0.03 -1 -1 -0.015182593117368515 0.41765262152649946 -1 -1
stick yball 3 0.045000000000000005 0.03 -1 -1 0.9036621958423058 0.5697367222065004 -1 -1
stick yball 3 0.045000000000000005 0.03 -1 -1 0.022109188307869957 0.9550993035867993 -1 -1
stick yball 3 0.045000000000000005 0.03 -1 -1 0.04881882047843605 -0.010064480192003247 -1 -1
stick yball 3 0.045000000000000005 0.03 -1 -1 0.5819500301297968 0.9408551080414926 -1 -1
stick yball 3 0.045000000000000005 0.03 -1 -1 0.1668008475547144 0.5663083532633426 -1 -1
stick yball 3 0.045000000000000005 0.03 -1 -1 -0.3950130736487135 -0.04015218265380281 -1 -1
stick yball 3 0.045000000000000005 0.03 -1 -1 -0.6196125380071313 0.5461718329554138 -1 -1
stick yball 3 0.045000000000000005 0.03 -1 -1 0.09265187713044082 0.024117008749694836 -1 -1
stick yball 3 0.045000000000000005 0.03 -1 -1 0.7685205960547093 0.15203334183179654 -1 -1
stick yball 3 0.045000000000000005 0.03 -1 -1 -0.1299317106783258 0.46688311374231867 -1 -1
stick yball 3 0.045000000000000005 0.03 -1 -1 -0.7170461436675044 0.9565395521507825 -1 -1
stick yball 3 0.045000000000000005 0.03 -1 -1 0.09318939377557203 0.8231329900426411 -1 -1
stick yball 3 0.045000000000000005 0.03 -1 -1 0.3597829427439253 0.7830108040098339 -1 -1
stick yball 3 0.045000000000000005 0.03 -1 -1 -0.21140607021226118 1.0009618303532735 -1 -1
stick yball 3 0.045000000000000005 0.03 -1 -1 0.029390250369073036 0.021733652483720473 -1 -1
stick yball 3 0.045000000000000005 0.03 -1 -1 0.05520748273590101 0.0413552812042019 -1 -1
stick yball 3 0.045000000000000005 0.03 -1 -1 -0.2774654471212177 -0.08196171868395591 -1 -1
stick yball 3 0.045000000000000005 0.03 -1 -1 0.31719036274540646 0.9454252492876233 -1 -1
stick yball 3 0.045000000000000005 0.03 -1 -1 -0.5736132926939528 0.3789870178655505 -1 -1
stick yball 3 0.045000000000000005 0.03 -1 -1 -0.025787015188300205 0.40148757258357765 -1 -1
stick yball 3 0.045000000000000005 0.03 -1 -1 -0.6700894717671966 0.47749459490075624 -1 -1
stick yball 3 0.045000000000000005 0.03 -1 -1 -0.6551481059403326 0.6824380460834358 -1 -1
stick yball 3 0.045000000000000005 0.03 -1 -1 0.08877550388899257 0.015224808858915733 -1 -1
stick yball 3 0.045000000000000005 0.03 -1 -1 0.06165848886502261 0.04279071770168964 -1 -1
stick yball 3 0.045000000000000005 0.03 -1 -1 0.5414447412069907 1.073692578721657 -1 -1
stick yball 3 0.045000000000000005 0.03 -1 -1 0.10092811345157297 0.6979397182828969 -1 -1
stick yball 3 0.045000000000000005 0.03 -1 -1 0.040762788172719805 0.05396170373306283 -1 -1
stick yball 3 0.045000000000000005 0.03 -1 -1 0.6977097607341204 0.5657359673535574 -1 -1
stick yball 3 0.045000000000000005 0.03 -1 -1 0.10211692142716024 0.04208168681189047 -1 -1
stick yball 3 0.045000000000000005 0.03 -1 -1 0.059805841198592245 0.0592290335447124 -1 -1
stick yball 3 0.045000000000000005 0.03 -1 -1 -0.2236380875994259 0.7040166655122108 -1 -1
stick yball 3 0.045000000000000005 0.03 -1 -1 0.2440940405867413 0.7285679461703027 -1 -1
stick yball 3 0.045000000000000005 0.03 -1 -1 0.06168218321534278 0.040797482200498655 -1 -1
stick yball 3 0.045000000000000005 0.03 -1 -1 0.7937037477289417 1.07102608263947 -1 -1
stick yball 3 0.045000000000000005 0.03 -1 -1 -0.2166384992754804 -0.05443638561517956 -1 -1
