stick yball 3 0.045000000000000005 0.03 -1 -1 0.04639881473506377 0.04173887157587784 -1 -1
stick yball 3 0.045000000000000005 0.03 -1 -1 0.08197951457674701 0.024012912320853303 -1 -1
stick yball 3 0.045000000000000005 0.03 -1 -1 0.5641531405280334 0.967247425851733 -1 -1
stick yball 3 0.045000000000000005 0.03 -1 -1 0.167110410666546 0.7078725674322615 -1 -1
stick yball 3 0.045000000000000005 0.03 -1 -1 0.5454423596449381 0.9867379462732232 -1 -1
stick yball 3 0.045000000000000005 0.03 -1 -1 -0.1569823234441263 0.8223030003053869 -1 -1
stick yball 3 0.045000000000000005 0.03 -1 -1 0.044082109895794 0.04087480223223753 -1 -1
stick yball 3 0.045000000000000005 0.03 -1 -1 0.8416218954036678 0.5142695637456663 -1 -1
stick yball 3 0.045000000000000005 0.03 -1 -1 -0.51799298792004 0.7522970239950677 -1 -1
stick yball 3 0.045000000000000005 0.03 -1 -1 -0.6375411178891607 0.8331606591851444 -1 -1
stick yball 3 0.045000000000000005 0.03 -1 -1 0.7023628924606417 0.9873377945432223 -1 -1
stick yball 3 0.045000000000000005 0.03 -1 -1 0.04406272614884651 0.040858478331054396 -1 -1
stick yball 3 0.045000000000000005 0.03 -1 -1 0.04650802056916108 0.04012746286350514 -1 -1
stick yball 3 0.045000000000000005 0.03 -1 -1 -0.4540817066852335 0.48834598158591364 -1 -1
stick yball 3 0.045000000000000005 0.03 -1 -1 -0.13973630306543713 0.3993202846314679 -1 -1
stick yball 3 0.045000000000000005 0.03 -1 -1 0.0862405865715519 -0.016641152504478146 -1 -1
stick yball 3 0.045000000000000005 0.03 -1 -1 -0.716914368348663 0.030837200560125545 -1 -1
stick yball 3 0.045000000000000005 0.03 -1 -1 -0.5763477613248691 0.8683031400113183 -1 -1
stick yball 3 0.045000000000000005 0.03 -1 -1 0.16282918384545786 0.4654056612258728 -1 -1
stick yball 3 0.045000000000000005 0.03 -1 -1 0.008212051728372588 0.12403831630123444 -1 -1
stick yball 3 0.045000000000000005 0.03 -1 -1 0.19028505788249397 1.006958334820348 -1 -1
stick yball 3 0.045000000000000005 0.03 -1 -1 0.058496157774531966 0.016404840733840954 -1 -1
stick yball 3 0.045000000000000005 0.03 -1 -1 0.104511119445888 1.562893235627052 -1 -1
stick yball 3 0.045000000000000005 0.03 -1 -1 -0.24533721409073653 0.15326988121423668 -1 -1
stick yball 3 0.045000000000000005 0.03 -1 -1 -0.190094787825123 1.0207748105079262 -1 -1
stick yball 3 0.045000000000000005 0.03 -1 -1 0.6193594990888177 0.8146034433891957 -1 -1
stick yball 3 0.045000000000000005 0.03 -1 -1 0.044049120886690406 0.04074635011294445 -1 -1
stick yball 3 0.045000000000000005 0.03 -1 -1 0.2382116658236563 1.0726765227421584 -1 -1
stick yball 3 0.045000000000000005 0.03 -1 -1 0.5426797000669198 0.8902862918279292 -1 -1
stick yball 3 0.045000000000000005 0.03 -1 -1 0.37499799905183545 0.5923058003320356 -1 -1
stick yball 3 0.045000000000000005 0.03 -1 -1 0.8144917247570148 0.3825719951271995 -1 -1
stick yball 3 0.045000000000000005 0.03 -1 -1 0.27058031581783726 1.0597194304202704 -1 -1
stick yball 3 0.045000000000000005 0.03 -1 -1 -0.0709321150760167 0.8245096162053016 -1 -1
stick yball 3 0.045000000000000005 0.03 -1 -1 0.06256783427230614 1.6680880316955315 -1 -1
stick yball 3 0.045000000000000005 0.03 -1 -1 -0.11167808356553274 0.9363657563969408 -1 -1
stick yball 3 0.045000000000000005 0.03 -1 -1 0.1767230133686903 0.040773348872690345 -1 -1
stick yball 3 0.045000000000000005 0.03 -1 -1 0.2404389528139631 0.6902128351056371 -1 -1
stick yball 3 0.045000000000000005 0.03 -1 -1 0.448443867593622 0.3351452037967319 -1 -1
stick yball 3 0.045000000000000005 0.03 -1 -1 0.5140895766775959 0.3714106256701484 -1 -1
stick yball 3 0.045000000000000005 0.03 -1 -1 0.023731485197495277 0.024180862140590505 -1 -1
