stick yball 3 0.045000000000000005 0.03 -1 -1 0.049487170337292295 0.040919685747522715 -1 -1
stick yball 3 0.045000000000000005 0.03 -1 -1 0.14690862497291507 0.031133008481999267 -1 -1
stick yball 3 0.045000000000000005 0.03 -1 -1 0.049995703250710385 0.04146896745720465 -1 -1
stick yball 3 0.045000000000000005 0.03 -1 -1 0.050586880063620346 0.04089227893998245 -1 -1
stick yball 3 0.045000000000000005 0.03 -1 -1 0.04991698019776042 0.04144839643923187 -1 -1
stick yball 3 0.045000000000000005 0.03 -1 -1 0.05015686907394791 0.04160765731947335 -1 -1
stick yball 3 0.045000000000000005 0.03 -1 -1 0.14163153742054632 0.0408046779364399 -1 -1
stick yball 3 0.045000000000000005 0.03 -1 -1 0.14585586664347772 0.030693998598674912 -1 -1
stick yball 3 0.045000000000000005 0.03 -1 -1 0.05032561261288253 0.04162789000742361 -1 -1
stick yball 3 0.045000000000000005 0.03 -1 -1 0.14500854407350464 0.030603464415657075 -1 -1
stick yball 3 0.045000000000000005 0.03 -1 -1 0.05041772711553101 0.041272756192166686 -1 -1
stick yball 3 0.045000000000000005 0.03 -1 -1 0.1460857161708837 0.03062715096712357 -1 -1
stick yball 3 0.045000000000000005 0.03 -1 -1 0.050231958035051955 0.04129664574553969 -1 -1
stick yball 3 0.045000000000000005 0.03 -1 -1 0.14422416516470615 0.030682989426316802 -1 -1
stick yball 3 0.045000000000000005 0.03 -1 -1 0.14552883791242868 0.030809808793055286 -1 -1
