stick yball 3 0.045000000000000005 0.03 -1 -1 0.06955135182660077 0.1340439733452314 -1 -1
stick yball 3 0.045000000000000005 0.03 -1 -1 0.04258318871932507 0.12495358531808576 -1 -1
stick yball 3 0.045000000000000005 0.03 -1 -1 0.02907769888005477 0.1253788079082269 -1 -1
stick yball 3 0.045000000000000005 0.03 -1 -1 0.05360383903069879 0.04485179690612462 -1 -1
stick yball 3 0.045000000000000005 0.03 -1 -1 0.07802713461153345 0.1272152990689986 -1 -1
stick yball 3 0.045000000000000005 0.03 -1 -1 0.057580002548701416 0.12580772601597032 -1 -1
stick yball 3 0.045000000000000005 0.03 -1 -1 0.07125347517121414 0.1044707991870122 -1 -1
stick yball 3 0.045000000000000005 0.03 -1 -1 0.07029137971511504 0.10716279054628469 -1 -1
stick yball 3 0.045000000000000005 0.03 -1 -1 0.054463171039525464 0.1204258513254583 -1 -1
stick yball 3 0.045000000000000005 0.03 -1 -1 0.05370158781711812 0.14184024531617753 -1 -1
stick yball 3 0.045000000000000005 0.03 -1 -1 0.05231665125834613 0.03975180098455117 -1 -1
stick yball 3 0.045000000000000005 0.03 -1 -1 0.05476195233007097 0.040881694822631855 -1 -1
stick yball 3 0.045000000000000005 0.03 -1 -1 0.05223418665682948 0.041952793303043565 -1 -1
stick yball 3 0.045000000000000005 0.03 -1 -1 0.032222604699043554 0.10600987569256669 -1 -1
stick yball 3 0.045000000000000005 0.03 -1 -1 0.046473569231818855 0.042154417035356676 -1 -1
stick yball 3 0.045000000000000005 0.03 -1 -1 0.051176077162007554 0.13335837460875108 -1 -1
stick yball 3 0.045000000000000005 0.03 -1 -1 0.022469490372591015 0.09824634187678989 -1 -1
stick yball 3 0.045000000000000005 0.03 -1 -1 0.06367309588182422 0.12726414227064212 -1 -1
stick yball 3 0.045000000000000005 0.03 -1 -1 0.0768523358836583 0.12389921553248931 -1 -1
stick yball 3 0.045000000000000005 0.03 -1 -1 0.057569543429726526 0.11192927928805266 -1 -1
stick yball 3 0.045000000000000005 0.03 -1 -1 0.07281215960736756 0.1462457484733323 -1 -1
stick yball 3 0.045000000000000005 0.03 -1 -1 0.08046818719404987 0.12754503329434025 -1 -1
stick yball 3 0.045000000000000005 0.03 -1 -1 0.05390090220520312 0.044903998109975266 -1 -1
stick yball 3 0.045000000000000005 0.03 -1 -1 0.048020606768363 0.04126764966024885 -1 -1
stick yball 3 0.045000000000000005 0.03 -1 -1 0.04119834589379962 0.04218781379496816 -1 -1
stick yball 3 0.045000000000000005 0.03 -1 -1 0.05303892365448003 0.07208349550388067 -1 -1
stick yball 3 0.045000000000000005 0.03 -1 -1 0.05430770821070479 0.04071113579993876 -1 -1
stick yball 3 0.045000000000000005 0.03 -1 -1 0.05096060296268614 0.04126819323205717 -1 -1
stick yball 3 0.045000000000000005 0.03 -1 -1 0.034842975911497966 0.11841760856750971 -1 -1
stick yball 3 0.045000000000000005 0.03 -1 -1 0.08196640794673454 0.11312619328751311 -1 -1
stick yball 3 0.045000000000000005 0.03 -1 -1 0.058596301208385326 0.10628576918950111 -1 -1
stick yball 3 0.045000000000000005 0.03 -1 -1 0.04397215464032747 0.1162097361882409 -1 -1
stick yball 3 0.045000000000000005 0.03 -1 -1 0.05180233100987301 0.09360334695902783 -1 -1
stick yball 3 0.045000000000000005 0.03 -1 -1 0.06892499338735002 0.162306185997708 -1 -1
stick yball 3 0.045000000000000005 0.03 -1 -1 0.02960073043805218 0.1097155607841613 -1 -1
stick yball 3 0.045000000000000005 0.03 -1 -1 0.11047983869022117 0.08636423403868622 -1 -1
stick yball 3 0.045000000000000005 0.03 -1 -1 0.06959030680807814 0.13819714787184356 -1 -1
stick yball 3 0.045000000000000005 0.03 -1 -1 0.07406209196009521 0.11608754398017451 -1 -1
stick yball 3 0.045000000000000005 0.03 -1 -1 0.036034320942633015 0.13585713661104054 -1 -1
stick yball 3 0.045000000000000005 0.03 -1 -1 0.05187031980727566 0.04039282860421017 -1 -1
stick yball 3 0.045000000000000005 0.03 -1 -1 0.07776479468021527 0.12208440093579667 -1 -1
stick yball 3 0.045000000000000005 0.03 -1 -1 0.04689765050437782 0.03955800687943961 -1 -1
stick yball 3 0.045000000000000005 0.03 -1 -1 0.06927010794675648 0.10421567412687427 -1 -1
stick yball 3 0.045000000000000005 0.03 -1 -1 0.04756807357933347 0.11889276860446858 -1 -1
stick yball 3 0.045000000000000005 0.03 -1 -1 0.04890805044506101 0.1365582441465922 -1 -1
stick yball 3 0.045000000000000005 0.03 -1 -1 0.07883323709887631 0.12620779786656594 -1 -1
stick yball 3 0.045000000000000005 0.03 -1 -1 0.051952200378312975 0.11192448683035679 -1 -1
stick yball 3 0.045000000000000005 0.03 -1 -1 0.043720976314443265 0.15841760340268943 -1 -1
stick yball 3 0.045000000000000005 0.03 -1 -1 0.05330348902933491 0.04171455721306576 -1 -1
stick yball 3 0.045000000000000005 0.03 -1 -1 0.0792128026952351 0.10922194661513254 -1 -1
