stick bball 1 0.06 -0.065 -1 -1 0.05955080721329734 -0.16337659165364393 -1 -1
stick bball 1 0.06 -0.065 -1 -1 0.05926810496113574 -0.1626408427246234 -1 -1
stick bball 1 0.06 -0.065 -1 -1 0.05872670334224704 -0.16148033548198884 -1 -1
stick bball 1 0.06 -0.065 -1 -1 0.06382556805393123 -0.16474017139925226 -1 -1
stick bball 1 0.06 -0.065 -1 -1 0.06193238774925854 -0.16492474617303093 -1 -1
stick bball 1 0.06 -0.065 -1 -1 0.06244357217342991 -0.16266800584209612 -1 -1
stick bball 1 0.06 -0.065 -1 -1 0.06338410758885876 -0.16553008010956663 -1 -1
stick bball 1 0.06 -0.065 -1 -1 0.059421947198879735 -0.1650310402371654 -1 -1
stick bball 1 0.06 -0.065 -1 -1 0.06197070782609476 -0.1618480919842391 -1 -1
stick bball 1 0.06 -0.065 -1 -1 0.06129174713212208 -0.16158131184640673 -1 -1
stick bball 1 0.06 -0.065 -1 -1 0.06012324092524502 -0.1642955440825989 -1 -1
stick bball 1 0.06 -0.065 -1 -1 0.0611032875505718 -0.16241698495058474 -1 -1
stick bball 1 0.06 -0.065 -1 -1 0.06062685797610701 -0.16148812907737492 -1 -1
stick bball 1 0.06 -0.065 -1 -1 0.060259031985934686 -0.16159536055463802 -1 -1
stick bball 1 0.06 -0.065 -1 -1 0.05742871185094646 -0.1609592252086981 -1 -1
stick bball 1 0.06 -0.065 -1 -1 0.05926599773515031 -0.16209569356984735 -1 -1
stick bball 1 0.06 -0.065 -1 -1 0.05977503869879212 -0.16070130049991946 -1 -1
stick bball 1 0.06 -0.065 -1 -1 0.0640922891460245 -0.16902712997362684 -1 -1
stick bball 1 0.06 -0.065 -1 -1 0.057889735615213045 -0.16151100892083914 -1 -1
stick bball 1 0.06 -0.065 -1 -1 0.05966562842926788 -0.16323739428721531 -1 -1
stick bball 1 0.06 -0.065 -1 -1 0.05884665304005837 -0.16365732408908132 -1 -1
stick bball 1 0.06 -0.065 -1 -1 0.05665836564744302 -0.16254568426040616 -1 -1
stick bball 1 0.06 -0.065 -1 -1 0.06326934085780324 -0.1626386268702275 -1 -1
stick bball 1 0.06 -0.065 -1 -1 0.062319612412791416 -0.16311118503420877 -1 -1
stick bball 1 0.06 -0.065 -1 -1 0.05561930513378664 -0.16403281769252817 -1 -1
stick bball 1 0.06 -0.065 -1 -1 0.060089594458554794 -0.16161877244510617 -1 -1
stick bball 1 0.06 -0.065 -1 -1 0.059172100576334076 -0.16398886834909804 -1 -1
stick bball 1 0.06 -0.065 -1 -1 0.057240532035958094 -0.1628877032532752 -1 -1
stick bball 1 0.06 -0.065 -1 -1 0.06104721739164011 -0.16029806908965527 -1 -1
stick bball 1 0.06 -0.065 -1 -1 0.05882338096248973 -0.16043496636437016 -1 -1
stick bball 1 0.06 -0.065 -1 -1 0.06071388756577962 -0.16295926942079433 -1 -1
stick bball 1 0.06 -0.065 -1 -1 0.05822953113223108 -0.16184313153612787 -1 -1
stick bball 1 0.06 -0.065 -1 -1 0.06019328938083191 -0.16211903995945962 -1 -1
stick bball 1 0.06 -0.065 -1 -1 0.06033858195571148 -0.15974271065445694 -1 -1
stick bball 1 0.06 -0.065 -1 -1 0.05491261663021104 -0.16212334847873175 -1 -1
stick bball 1 0.06 -0.065 -1 -1 0.06041359725144424 -0.16163997003072733 -1 -1
stick bball 1 0.06 -0.065 -1 -1 0.05821930306496847 -0.16692975464200863 -1 -1
stick bball 1 0.06 -0.065 -1 -1 0.05925999638249529 -0.16238993532809728 -1 -1
stick bball 1 0.06 -0.065 -1 -1 0.05563813895984974 -0.16261835632462643 -1 -1
stick bball 1 0.06 -0.065 -1 -1 0.060074529652348496 -0.16361747028731452 -1 -1
stick bball 1 0.06 -0.065 -1 -1 0.06385620116679473 -0.16075798126330895 -1 -1
stick bball 1 0.06 -0.065 -1 -1 0.05725573015050956 -0.16371073627211294 -1 -1
stick bball 1 0.06 -0.065 -1 -1 0.059113686322843376 -0.16398336495624996 -1 -1
stick bball 1 0.06 -0.065 -1 -1 0.06035828897045855 -0.16278418071196313 -1 -1
stick bball 1 0.06 -0.065 -1 -1 0.05998883333862313 -0.1647892507353752 -1 -1
stick bball 1 0.06 -0.065 -1 -1 0.06030355272729817 -0.16803341083888332 -1 -1
stick bball 1 0.06 -0.065 -1 -1 0.06117242477080179 -0.16430201366756741 -1 -1
stick bball 1 0.06 -0.065 -1 -1 0.06047107371292571 -0.16287452908285477 -1 -1
stick bball 1 0.06 -0.065 -1 -1 0.0565679829841548 -0.16290376200103077 -1 -1
stick bball 1 0.06 -0.065 -1 -1 0.05831511574369206 -0.164426286058897 -1 -1
stick bball 1 0.06 -0.065 -1 -1 0.05795246815250271 -0.16310156186113192 -1 -1
stick bball 1 0.06 -0.065 -1 -1 0.06238442966365899 -0.16283798412351314 -1 -1
stick bball 1 0.06 -0.065 -1 -1 0.05605306565294265 -0.16093894799950273 -1 -1
stick bball 1 0.06 -0.065 -1 -1 0.059964674456765565 -0.1653975777407937 -1 -1
stick bball 1 0.06 -0.065 -1 -1 0.06131008485764601 -0.1649074286900162 -1 -1
stick bball 1 0.06 -0.065 -1 -1 0.056148601873432166 -0.1610473182357633 -1 -1
stick bball 1 0.06 -0.065 -1 -1 0.057592153323906194 -0.16205089756373744 -1 -1
stick bball 1 0.06 -0.065 -1 -1 0.06049886068087486 -0.16176037760782608 -1 -1
stick bball 1 0.06 -0.065 -1 -1 0.05346163746815219 -0.16266638779136977 -1 -1
stick bball 1 0.06 -0.065 -1 -1 0.0505849419290767 -0.16256885336799728 -1 -1
stick bball 1 0.06 -0.065 -1 -1 0.05851403841384817 -0.16501676303513405 -1 -1
stick bball 1 0.06 -0.065 -1 -1 0.05973331891042756 -0.1651881945260519 -1 -1
stick bball 1 0.06 -0.065 -1 -1 0.056857033774390796 -0.16269493298585658 -1 -1
stick bball 1 0.06 -0.065 -1 -1 0.06321945085134809 -0.16776884410673001 -1 -1
stick bball 1 0.06 -0.065 -1 -1 0.05849669193996549 -0.16138006360652485 -1 -1
stick bball 1 0.06 -0.065 -1 -1 0.06372436281100564 -0.16536031323840714 -1 -1
stick bball 1 0.06 -0.065 -1 -1 0.061094482021951675 -0.16251769108809758 -1 -1
stick bball 1 0.06 -0.065 -1 -1 0.06127895121686399 -0.16401938571206287 -1 -1
stick bball 1 0.06 -0.065 -1 -1 0.06544786734333338 -0.1681836415760494 -1 -1
stick bball 1 0.06 -0.065 -1 -1 0.05830953311781633 -0.16688059116124743 -1 -1
stick bball 1 0.06 -0.065 -1 -1 0.060854403464902514 -0.16228431368963164 -1 -1
stick bball 1 0.06 -0.065 -1 -1 0.05804979891263402 -0.15934033851112073 -1 -1
stick bball 1 0.06 -0.065 -1 -1 0.06059366954690843 -0.16329714237130777 -1 -1
stick bball 1 0.06 -0.065 -1 -1 0.06052950863120531 -0.16095839589575797 -1 -1
stick bball 1 0.06 -0.065 -1 -1 0.05796934025784803 -0.16229842405908976 -1 -1
stick bball 1 0.06 -0.065 -1 -1 0.05599923998819888 -0.16147929900628505 -1 -1
stick bball 1 0.06 -0.065 -1 -1 0.06163090788376524 -0.16307121198302912 -1 -1
stick bball 1 0.06 -0.065 -1 -1 0.06098423787608572 -0.1622525408028301 -1 -1
stick bball 1 0.06 -0.065 -1 -1 0.06386400489160295 -0.16152354228172586 -1 -1
stick bball 1 0.06 -0.065 -1 -1 0.06175535239735418 -0.16216029520276037 -1 -1
stick bball 1 0.06 -0.065 -1 -1 0.06912314562023895 -0.1680704851748229 -1 -1
stick bball 1 0.06 -0.065 -1 -1 0.05792464223953357 -0.1616197576448178 -1 -1
stick bball 1 0.06 -0.065 -1 -1 0.06066446643302361 -0.1658434484233081 -1 -1
stick bball 1 0.06 -0.065 -1 -1 0.05849913784476703 -0.17092549525726158 -1 -1
stick bball 1 0.06 -0.065 -1 -1 0.0586653208811703 -0.160964901689006 -1 -1
stick bball 1 0.06 -0.065 -1 -1 0.06185820518806624 -0.1614758436364115 -1 -1
stick bball 1 0.06 -0.065 -1 -1 0.06092998272818086 -0.1628521561344644 -1 -1
stick bball 1 0.06 -0.065 -1 -1 0.059888154584302876 -0.16150810777427385 -1 -1
stick bball 1 0.06 -0.065 -1 -1 0.053368615931593956 -0.16007549111920505 -1 -1
stick bball 1 0.06 -0.065 -1 -1 0.061265410933819486 -0.16663657466186207 -1 -1
stick bball 1 0.06 -0.065 -1 -1 0.061115996857984564 -0.16384284453134623 -1 -1
stick bball 1 0.06 -0.065 -1 -1 0.05920364239984917 -0.1594930159836226 -1 -1
stick bball 1 0.06 -0.065 -1 -1 0.059028435513641286 -0.16583771571264513 -1 -1
stick bball 1 0.06 -0.065 -1 -1 0.06133730113230467 -0.1622073289240382 -1 -1
stick bball 1 0.06 -0.065 -1 -1 0.06302746030581094 -0.1619893472438874 -1 -1
stick bball 1 0.06 -0.065 -1 -1 0.06506598324739023 -0.1624891452711451 -1 -1
stick bball 1 0.06 -0.065 -1 -1 0.06033422979751886 -0.16356620637641553 -1 -1
stick bball 1 0.06 -0.065 -1 -1 0.06080199106433388 -0.16597576310176423 -1 -1
stick bball 1 0.06 -0.065 -1 -1 0.05819491953464648 -0.16155781273405515 -1 -1
stick bball 1 0.06 -0.065 -1 -1 0.0584122974756733 -0.1622402035609132 -1 -1
