2.5583744375888378 1.878753228726277 2.901506134073923 1.7927250349835588
2.9634981128972244 1.9429491316286323 1.3160582484576884 1.7981892330169098
1.4967619613969034 1.9224406783011325 1.8423973051713698 4.172597039358039
3.5607558102793115 1.9796651196165627 2.650194522426141 4.827921924296033
3.3643010180909028 0.1255634824539414 2.7893743686282795 6.112319355473549
3.6250390690376206 1.4728788412587448 2.3853305533433113 4.134627458219456
1.977211535912653 0.8702043921447783 1.2448022746356746 1.32464855082017
1.1482184891432594 0.5314646899152992 1.2735934870715608 5.177374141932444
0.7905793351758628 0.31006229047468153 0.7489309344047029 4444.366221140961
1.0042058198806574 2.9589736767882364 1.9899411500049424 13.684237746702541
3.796266888382196 1.345166120938217 2.733396010137269 4.822501074940379
2.549397125165314 1.6136600835289525 2.723444752665533 1.7145910988748332
2.1674615681643026 1.5670221720397706 2.712567697019841 1.6972006529353998
3.028749508040958 1.383770529030814 2.729911950141522 18.69284278869932
1.9282760625975879 0.3646827497788641 2.695554078850635 1.1483373769195224
2.120428855390208 1.170951728576408 2.692852438187298 2.1078085944382234
3.6996704342971864 1.3641975840066487 2.687397928679296 4.862072474485306
4.796746801558629 1.7522246428358743 2.676770905774098 9.26123775394111
3.21171861414009 1.6855884004718327 2.6802606844166075 13.647877805870424
3.0715990334730785 1.3425383696158644 2.70687468918165 14.481011931369864
3.0701371584632917 1.3425751186460464 2.706769473915445 2.3206275568870303
2.1769333967896274 0.44235810909698875 2.6585383519960764 1.4502131238028857
3.1127606139382284 1.4775224610046997 2.7026872041807097 11.128191261523414
3.698720184365315 1.1576116932099538 2.665140577586231 3.9244206973618483
2.308385636534102 2.369350351999846 2.6450411136036167 1.4738514612868743
2.825328682802772 1.3572350449991417 2.6593421476572794 2.0887830236233738
3.0011336652059284 1.348986285520478 2.693721100889696 2.5819294570942164
3.000514836426338 1.3489469173669024 2.693637322586118 21.414771390255563
2.9982514116347363 1.34781250039434 2.6935712587620664 2.6921624594738782
3.1622237836734675 1.5563401583873393 2.6934945574383797 2.200897559159656
3.0067067915029106 1.3600928018253138 2.693419505810546 10.503982598566251
2.856799005357685 1.2878942674673532 2.6933504170741815 13.576209852783508
2.998638689299089 1.3552751383304107 2.69328802087465 12.85089336195754
2.9959343331502604 1.3555317811791119 2.69322380477016 29.32230424049249
2.9949284415494226 1.3545872024173 2.693173697921529 25.318683327801963
2.9928386941139737 1.3561523490838494 2.693118675035592 7.381055906587405
2.992511916227488 1.3548529692151647 2.693045734696027 19.157624408666358
2.989044856403857 1.3567056666384465 2.6929823900393575 18.75834672124862
2.9898454135067927 1.354601371613792 2.6929182216419973 9.4867789259676
2.988383044278961 1.354763493253734 2.69283652387468 13.660028188871127
