2.630797612664548 0.0007065245475022623 0.03068543762476277 0.828244919313115
4.6927758690044925 0.0005069189528291802 0.011942935371440028 3.2783806326735254
4.039167860500784 0.0009478674948276237 0.07748066803815583 0.9923054227413928
1.727187783119908 0.000599060377311656 0.0935118496071338 7068.26136712492
1.7098558977577418 0.0003411482308577692 0.031018975433084343 9125.160389921943
2.0266359417567004 5.674309560315316e-05 0.14773552329431652 5022.847719545958
0.5916423715134816 0.0006901860462668655 0.15394766371842358 43115.307642684435
0.09514664284936772 0.000395175834205534 0.03538276514945036 6504.753752568749
1.4790386791878425 0.0004755154941914833 0.12380096252448568 11481.898568583778
3.9346839136493075 0.000630498676469751 0.0882800564529142 0.6311317487229035
2.630797582583728 0.0007065245616846724 0.030685436660664443 0.7044098219929765
3.282958611736718 0.0008822890718178873 0.03134789612290898 0.9129091039912227
3.5542172010814883 0.0008590661591656811 0.03118648144794957 0.6324493987836685
3.69379719622235 0.0006858137644679307 0.06382028996937018 0.7098290227206208
3.0297839782530334 0.0005935364927726689 0.034728775521745484 1.1324226882937425
3.6348001381761263 0.0007558756262581982 0.04728547814746937 0.7437438189688991
3.959327380170631 0.0008243507069006511 0.036692898488809945 0.5976076974949799
4.323212857833721 0.0008302064325043099 0.036515302412119165 1.6858454595986383
3.862884270287202 0.0007984153649158922 0.03639739449774433 1.329271747607719
3.8216183006716937 0.0007750559009125426 0.04456415418526218 1.2157383636173966
