4.986781838960164 0.0001008975252946062 0.1630953843635109 0.431874738398265
1.4764351958036894 0.00012339653325560933 0.12308991259477452 32960.56333645545
0.015946299780528098 4.110379059910855e-05 0.030259259468484356 2185.30797664016
3.4746073116199305 0.00044212737804838996 0.015774178702415192 11.214421626647967
4.214225006237787 0.00046997166647496876 0.1210635061690085 0.6850016028727357
1.3875099722712445 0.00046561319762642535 0.14530849546171254 39432.087400214084
2.9491596466578023 0.00025283888605577613 0.12868637895071036 39.12803101425548
3.4916493206394468 3.41317203810755e-05 0.026556696961143548 4.4460014542765425
2.813474199627709 2.1236618030282633e-05 0.06224058010869023 9.350861749239161
1.2617188130599877 0.00038809079743182566 0.17448087378655047 45186.01008747265
3.1511941000400783 0.0007775087660446796 0.16221112783791178 4.2051362492364035
1.9279961386866395 0.0004435944615241076 0.1661481856439655 14922.080441575828
4.986781849186405 0.00010089752275013966 0.16309538576848948 0.6627077412411129
4.986781844167548 0.0001008975258974558 0.16309538316897657 0.9117709854268531
4.986781854046709 0.00010089752181409693 0.16309538401366913 0.9021427255813197
4.9867818426194725 0.0001008975217013987 0.16309538393171655 0.7797471558512172
4.986781845795955 0.00010089752349153717 0.16309538424927703 0.8598645524981081
4.986781491372467 0.00010089750355082225 0.16309539679718074 0.688778794240537
3.1511941362381544 0.0007775087461001323 0.16221113486662606 8.530293925173945
4.986781373255541 0.00010089751624303596 0.16309539263426592 0.5753597968220482
