2.021114963906257 0.00039325309450284255 0.1522031551846459 16391.652388393642
2.672302116969471 0.0005681219631126455 0.05858187007952551 36.21367529541154
1.4251410049283384 0.00012380837469981874 0.12089153558436483 53902.44398275567
4.6782371534594365 0.0008514127957870668 0.16172130371553262 91.72598105937678
0.7874840280414263 0.00042806428480106297 0.1759966640093749 82705.19332333212
0.4319879565695079 0.0006019494743304878 0.05916782980549688 67273.28908995159
2.1605402474932025 0.0006422900886150593 0.08236294576139326 24.862853167140223
4.710536831886646 0.0004319041719241113 0.08170544036933537 2.4870868756927966
1.36453487849151 0.0007165871658683907 0.049881226884552016 58915.594968323676
4.442958524521428 1.7584358112936526e-07 0.13053495599581166 0.5345890903422592
3.930587776847518 0.0004258370724856225 0.14897083079109924 2.966970866386025
4.395665760940606 0.00034574823043028634 0.16061279143908444 1.7715290415538782
4.399568006564529 0.0003930232181358155 0.11060945825837099 8.255702141324942
4.405827527313733 0.0004038677394603203 0.13026621238759037 2.2280446020010216
4.4119176748546085 0.0004378008866913561 0.16003053781882728 71.36631708840488
4.4173863459582785 0.0004108770890916117 0.13437522532526544 1.5876705877163086
4.422245882485291 0.0004711397266368474 0.1532300365460344 1.7982710052010629
4.426605244529475 0.00025238680210883704 0.1419186373396358 110.45044782595065
4.43052503377692 0.0004011357741362822 0.13666439797475258 1.4269207312352354
4.434140470945892 0.0004008744178809708 0.13668921522629465 1.7141947386239331
