1.1868743962569845 2.920154979727142 2.8956347660073303 2.0135235616688343
1.3199348603298264 0.05920474965955319 1.3285097019046959 2.951687094768314
4.498318725745262 1.3398989349071175 2.248117586835977 2.280132733002595
4.239381301619936 1.785214723943731 2.809829603373345 2.8034201476733003
0.36750769346850765 0.9939816881590339 1.9844737033220954 3826.6150347249486
1.2229048879391338 2.993573027859213 1.8045126872863 2.930414352063954
1.1049475972205702 0.9485746645468595 0.685987367704854 2949.544548765718
2.062787698190498 2.461977793124156 0.9349189668378604 0.3489615709548395
4.046702102177054 0.1654421468183371 1.572468837947139 1.7605088533214968
4.9811126694722585 0.985869785176323 0.46401492646629494 7.242902980351714
1.5866861667799796 2.760443143446263 2.7870018523927094 3.401795148583226
1.567804241091988 2.7368727956811623 2.1970813902566797 32.84762161210731
1.4947615545328776 2.796544840125545 2.2862935971520453 2.993964233583023
1.7160083343608692 2.7502150695343803 1.3207407086455132 0.6858085562702853
1.677124490572075 2.75130385217462 2.223640254830369 0.9266815737928666
1.6517732410341257 2.7577873404758417 0.5503369479373451 0.5001366923949286
1.5758910251872336 2.7759678511430987 1.5921125413774564 0.8202068951198043
1.5761076568391947 2.776027082539801 2.4714097122539864 1.647188513218374
1.5762695234379556 2.77607647045027 1.9308343827420205 9.488074019583138
1.5763936707206518 2.7761172744234925 1.9457623931573103 2.935918666265672
1.5765013811120145 2.7761528033885465 1.9471745522566408 0.9636672868338281
1.576591473624199 2.776181750079483 1.2485168584343043 3.365228910061969
1.685031592736902 2.760952523228585 1.8217644342482922 0.855476961856464
1.58434660983526 2.7750675899827133 1.8851646484418803 14.787440116633
1.5843986995663377 2.775088573727048 2.121172711621337 18.56134987916879
1.5844543394654078 2.7751065465282005 2.3437149635709154 0.7983663678390532
1.584509057228611 2.7751240218065156 1.924011212706241 8.940313004135534
1.5845558912352196 2.775140818270834 1.926636031025946 5.428769832860672
1.5846099544949352 2.7751537521157434 1.903365924210442 1.0603080090128822
1.5846602367207236 2.7751673561158254 1.8014318095554118 2.897418213751714
1.5847095174290469 2.775180224157276 2.042790950600955 1.1348209772826854
1.5847434387266945 2.775191742988021 2.059294804064756 1.1436286263343338
1.5848074622734531 2.7752050867701428 1.9260543447409277 6.099652979723897
1.5848758478076748 2.7752132410528314 1.9355703601385887 2.6680859130078276
1.5849067932132774 2.775225449866068 1.927106777699706 1.2435034857499736
1.5849551540827176 2.775236015740482 2.4785052581924307 1.4849530158682287
1.585006578899004 2.775246150008109 1.946420509043929 1.8254114097019132
1.5850562038121387 2.7752561687132644 1.9466905981847369 1.5442319414471568
1.5851133866942586 2.775266529894612 2.0139113978169627 1.0275094773467552
1.5851727286017967 2.77527695200655 1.9477993859794436 1.051033254807398
