3.9163093929191133 0.0007751060474512098 0.05645803633650134 0.324101514592858
2.262414554868253 0.000929925420080114 0.08681675203691822 4.857416720608753
3.2952661533726815 0.000853328202916578 0.19108344457316523 0.5188137213117774
3.775995741571151 0.0007578048237092291 0.06752999553670791 0.681312538526598
4.318009374263032 0.0003395042573933255 0.14773153540686693 0.21755435495567768
2.4934819956577723 0.00018083718819266535 0.10988511367194097 1.3970123290463494
0.09290659314318192 0.0005537131953377006 0.1713294527800417 550.17198414862
2.22537327786084 0.00024062453609568466 0.1141129432414693 6.987029584976655
4.547173976636464 0.0007591196390914053 0.15611228091421223 0.32394016591473807
0.3783265920863293 0.0008580632086600333 0.11216126276068883 290.8865860562561
3.4860998032354096 0.0003600841798162723 0.14504049164709468 0.5785279085718159
3.516538585810285 0.00028689481021434336 0.12020541673540434 0.48391522873031173
3.5698016013224336 0.0005173769469934454 0.11915224156506087 0.8609196882907479
3.560792035950735 8.231266342616499e-05 0.008265240862588548 0.17016934971140138
3.597190501510606 0.001 0.2 0.46879540673308284
3.6159457253790785 0.00041405903890533776 0.11419102650019254 0.3786356363912355
3.887674220289892 0.0007715753641142958 0.06041001506340344 0.4714862947500448
3.646796202672199 0.000557913120945476 0.11562897353167559 0.41663119967116924
3.6549745238394684 0.00042553068369830823 0.1000509379784481 0.3146020202811627
3.6626056377323115 0.0006382690184886954 0.13562619784677857 0.4113932059754969
