1.1556338037600762 0.7199837575273456 1.8277736259499722 5.261721391235526
3.2648394335623574 2.5553902893232556 0.11356585886724742 7.499362052994547
4.731263835687007 1.9540848390413017 2.5201672227102465 2.266791415197121
0.3748566922017178 0.46861552048608784 0.997842165774505 6847.241407712671
4.524499807846675 2.464447287204214 1.2615197329730483 3.1793898886849097
1.8694987022801768 0.2173522244467665 2.8465855760576204 0.39121776628066973
0.507333752368455 1.1629173308104688 0.13792237059571877 255.1565645489145
0.012595664287152803 0.39708462562598906 0.4208423340587723 89.83873093329434
4.628099872778583 1.267141304105436 0.020785107612504735 8.997801127051456
1.9377342499371921 0.5246925876257372 2.0981958524097544 0.5149059484962439
3.621218832977441 1.1896515437520043 0.06747097579545323 2.526861483356194
3.3227013990693393 1.7485484722538431 0.07998006942380903 3.8667929483623436
3.3542032237080157 0.6149141128767359 0.05980430992817264 2.9151370320944094
3.840344689105744 0.4347812936432479 0.0567462116215488 2.1657215719791454
0.7058396480918212 2.8056265237374975 0.0533245311047453 3072.703462410191
3.887666164243041 2.0397386499884944 1.1203522109816038 3.101179186430892
3.886540814749687 2.0122486462735423 0.5864191573210649 5.573977214761107
3.78384300070971 1.1816430676595358 0.6372920455251474 8.054935211884517
3.7889839801302205 1.3808736407266842 0.5010114554209198 2.249149924143276
3.792784270406997 1.4795823566692865 0.533160726429528 2.1216145597016056
3.7957200032388463 0.9810992582955468 0.27108009174251735 3.4956349463917933
3.7981329905832637 1.361904195408526 0.5940425410265667 5.005012235528588
3.8001355337121154 1.4657063331318332 0.4429146707522594 2.3420224690300415
3.801877634734583 1.4426102019140228 0.5186534243646598 1.9159809039655011
3.803378899264547 1.4389739065564053 0.5181994026746408 2.305216144469766
3.8047265988971053 1.6509930936572081 0.43903837272317764 2.1604533025320616
3.805955684801814 1.4513032493110294 0.5155948258684945 2.8257903715305854
3.807070883368841 1.454163391525922 0.5154603777702202 1.7029089254570369
3.808117862565095 1.232406209424823 0.8277000004001515 2.3424469944571524
3.809091895264834 1.3362222874298695 0.31455244412183214 10.661474516016586
3.809989126857136 1.436315237287495 0.5231768847447493 3.1042720768167618
3.8108614457404886 1.3426428604614806 0.5342198208925791 2.049953647215647
3.811703294692878 1.805777922055092 0.48686659279284517 2.0115586105809617
3.8125126976001016 1.4459611898481863 0.522429165152941 7.206498579657415
3.8132824186755787 1.1554812355233164 0.7997282806589353 3.3732583116231942
3.814041959826058 1.6966189981356767 0.5543588988674473 2.439717867534747
3.8147867745644057 1.701918253910401 0.7413514574157606 1.744369437903336
3.815518424457299 1.3491218399123928 0.42040380791971904 2.0367438229762245
3.816237791479355 1.4526201409026636 0.5411202443023172 1.5259738063683987
3.8169517524926384 1.4535466293831478 0.5396445950720538 3.0984798993904406
