0.43897486458229046 1.1327741331946257 0.7427731261653557 8381.425689673235
2.7424046860521516 2.3396067786159285 2.1362835391095016 0.6086641365107086
4.3376959058231686 2.8197114097058766 1.254400427672005 2.6129967454450673
3.947362872106959 2.581976552651596 1.3086929952435504 1.6377090076866063
2.643816135313461 0.9496907415957595 0.4091768894137246 0.34565585269606536
1.4115990000614582 1.3338105414626247 1.8560744179621558 5.3412329574319255
1.0580991756768054 2.5045695363926437 2.636584212529419 11.929194907010732
3.6340524455096603 0.12318503028266842 2.489934549663831 2.416601924609357
0.43758538654535967 2.1920356164803376 2.979150838572349 7627.3903908843595
1.125660108722434 2.0424797442495812 0.7522779723975092 6.715658064020809
2.643814479449801 0.949690444535665 0.4091747760920532 0.6909225056529781
2.643815307489576 0.9496905930854675 0.6576745315016077 0.4624606582550984
2.643815307524197 0.9496905933529678 0.5460884679981401 0.31983488895277434
2.6606758571063134 2.1906843721795544 0.8213207050227121 0.4454936435040076
2.660654097954937 0.9198463336757196 0.16284665424321895 0.43971511669927205
2.660642186640855 0.6656823706223035 1.310683773924476 0.5050711783197065
2.6606333880826507 1.6323363453184532 0.8362542474625583 0.45723660376065023
2.66062763006664 0.49168094982774685 0.829469594420152 0.6399437627406619
2.660624589351647 1.150791788835988 1.0670249287131979 1.6622798205467506
2.6606228872585276 1.7854599561019562 0.7745545343153233 2.163365518937942
2.660622267575207 1.8177636327246545 1.0938618485612914 0.3310237492684825
2.660622139842548 0.7270223531983794 1.2845415567534648 2.5842862797102266
2.6606225366393526 1.853046801660642 0.5036891993192137 0.41085368131816863
2.6606237714348313 0.5927775254046089 0.5926899268756622 0.5670330764102084
2.6606255389708084 0.8856565990572478 0.5703611090318836 1.4543065793185987
2.6606272584579505 1.737047078891878 0.7231557930880169 0.4214159458784166
2.6606297041352147 2.3945789744223083 1.3332346259412966 0.7384402064449681
2.660631651613831 1.472420952751967 0.6182305919201556 0.6685098401140515
2.6606340055925384 0.7752228767217701 0.7186331770177183 0.49509315941116483
2.6606368138904446 1.3493884118050534 1.5864642426536295 0.5487582158991119
2.6606393929766323 1.401205965199147 1.0818248525480956 2.328451870681204
2.660642344362025 1.399515920987134 2.0672084087166183 0.639877827098324
2.6606451072239747 1.8646617738036817 1.1351938820748653 5.530392715077428
2.6606479531099207 1.7433818252424222 1.0389971936956155 0.7636532712902846
2.660650753750671 1.3391516804285193 0.9267151454062519 0.7585822456552227
2.6606538651214127 0.6353833259046104 0.9262934247378475 0.5390262209378226
2.660657285291727 1.1169741012173404 1.1940264392611024 0.7798952703198927
2.660660255038112 1.518756705047545 1.215790042889166 0.44652210648076707
2.6606635212654397 2.1774551372033573 1.1896851556346355 0.6448415897016486
2.6606666408833717 0.9844198507706873 1.1975972314378907 0.45963162712638217
