rake bball 4 -0.04 0.0 -1 -1 -0.15967812329677344 -0.00019887840836621865 -1 -1
rake bball 4 -0.04 0.0 -1 -1 -0.15473562882515376 -0.004915520935316374 -1 -1
rake bball 4 -0.04 0.0 -1 -1 -0.15668161218433468 -0.0015978146873108787 -1 -1
rake bball 4 -0.04 0.0 -1 -1 -0.15608989252019426 0.003006961562206903 -1 -1
rake bball 4 -0.04 0.0 -1 -1 -0.1552433252193039 -0.00098631776610803 -1 -1
rake bball 4 -0.04 0.0 -1 -1 -0.15353483912986865 0.0007997868270567168 -1 -1
rake bball 4 -0.04 0.0 -1 -1 -0.15672403418613357 -0.0019883535253233642 -1 -1
rake bball 4 -0.04 0.0 -1 -1 -0.15519753553006244 -0.0038393552102846187 -1 -1
rake bball 4 -0.04 0.0 -1 -1 -0.15403515672209075 0.0006085788300361938 -1 -1
rake bball 4 -0.04 0.0 -1 -1 -0.15623680603520776 0.0025670420431694804 -1 -1
rake bball 4 -0.04 0.0 -1 -1 -0.15523722587543218 0.002491507886810261 -1 -1
rake bball 4 -0.04 0.0 -1 -1 -0.15405556781169644 0.0003261112389909322 -1 -1
rake bball 4 -0.04 0.0 -1 -1 -0.15784457778853436 0.0010174953789243739 -1 -1
rake bball 4 -0.04 0.0 -1 -1 -0.15741678022842806 0.0034728321338438513 -1 -1
rake bball 4 -0.04 0.0 -1 -1 -0.1574202150845154 -0.0003518610432266121 -1 -1
rake bball 4 -0.04 0.0 -1 -1 -0.15982170333034718 0.0004666946716043973 -1 -1
rake bball 4 -0.04 0.0 -1 -1 -0.1541689943152808 -0.0019066124159631862 -1 -1
rake bball 4 -0.04 0.0 -1 -1 -0.1576314854955763 -0.003512119303092628 -1 -1
rake bball 4 -0.04 0.0 -1 -1 -0.15342274719609703 -0.0046141605269815564 -1 -1
rake bball 4 -0.04 0.0 -1 -1 -0.1559725755065975 -0.0020295480689495066 -1 -1
rake bball 4 -0.04 0.0 -1 -1 -0.15143671226543376 0.0002806794852432641 -1 -1
rake bball 4 -0.04 0.0 -1 -1 -0.15843000623822132 0.0034927971208616694 -1 -1
rake bball 4 -0.04 0.0 -1 -1 -0.1548936347129699 -0.0017774742157817352 -1 -1
rake bball 4 -0.04 0.0 -1 -1 -0.15753913738082512 -0.004050734262566488 -1 -1
rake bball 4 -0.04 0.0 -1 -1 -0.1573725219006343 -0.0017274031448444862 -1 -1
rake bball 4 -0.04 0.0 -1 -1 -0.1544358191345694 -0.0021597659364516486 -1 -1
rake bball 4 -0.04 0.0 -1 -1 -0.15436194335305758 0.0008172020298711738 -1 -1
rake bball 4 -0.04 0.0 -1 -1 -0.15544137900841384 0.0011463032341829302 -1 -1
rake bball 4 -0.04 0.0 -1 -1 -0.16101041168764352 0.004778255307975427 -1 -1
rake bball 4 -0.04 0.0 -1 -1 -0.15472462055885175 0.004068492773449412 -1 -1
rake bball 4 -0.04 0.0 -1 -1 -0.15539541646776403 0.003073665808654116 -1 -1
rake bball 4 -0.04 0.0 -1 -1 -0.15329941196462002 -0.002142371907224052 -1 -1
rake bball 4 -0.04 0.0 -1 -1 -0.15478249374788988 -0.0002692420262457015 -1 -1
rake bball 4 -0.04 0.0 -1 -1 -0.16169207328592633 -0.0029289249405514456 -1 -1
rake bball 4 -0.04 0.0 -1 -1 -0.15370453917177848 -0.002874425696488902 -1 -1
rake bball 4 -0.04 0.0 -1 -1 -0.1613159832107963 0.002171346251773405 -1 -1
rake bball 4 -0.04 0.0 -1 -1 -0.15576909568417516 -0.0008235270716484796 -1 -1
rake bball 4 -0.04 0.0 -1 -1 -0.15463437023171933 0.00154530319829864 -1 -1
rake bball 4 -0.04 0.0 -1 -1 -0.15523866204397518 0.0007002105005271049 -1 -1
rake bball 4 -0.04 0.0 -1 -1 -0.15315129146019493 -0.0031230432722449968 -1 -1
rake bball 4 -0.04 0.0 -1 -1 -0.15457229408392242 -0.0016311889094594858 -1 -1
rake bball 4 -0.04 0.0 -1 -1 -0.15364217956611984 -0.002136395593463155 -1 -1
rake bball 4 -0.04 0.0 -1 -1 -0.1548195898875607 -0.0003983547915745142 -1 -1
rake bball 4 -0.04 0.0 -1 -1 -0.15562177835630395 -0.0010056914173370067 -1 -1
rake bball 4 -0.04 0.0 -1 -1 -0.1536418061165169 -0.0011042629522487535 -1 -1
rake bball 4 -0.04 0.0 -1 -1 -0.15746054471658064 -0.0022377040682015218 -1 -1
rake bball 4 -0.04 0.0 -1 -1 -0.15580172056696584 0.002803972128824952 -1 -1
rake bball 4 -0.04 0.0 -1 -1 -0.1576736734620716 0.001379935859451665 -1 -1
rake bball 4 -0.04 0.0 -1 -1 -0.15591825936117734 0.0022377863428252455 -1 -1
rake bball 4 -0.04 0.0 -1 -1 -0.15586899005496685 -0.0007098499664402098 -1 -1
rake bball 4 -0.04 0.0 -1 -1 -0.15445764631927703 -0.0009542883282291389 -1 -1
rake bball 4 -0.04 0.0 -1 -1 -0.15827899550818744 -0.0005284875878754613 -1 -1
rake bball 4 -0.04 0.0 -1 -1 -0.15950020665233444 -0.0024022119859833995 -1 -1
rake bball 4 -0.04 0.0 -1 -1 -0.15480284908856407 0.0027937972964716617 -1 -1
rake bball 4 -0.04 0.0 -1 -1 -0.15557929352172234 6.638765010922326e-05 -1 -1
rake bball 4 -0.04 0.0 -1 -1 -0.15665336923907805 0.00017169059440295446 -1 -1
rake bball 4 -0.04 0.0 -1 -1 -0.15548760134664533 -0.000776508032305075 -1 -1
rake bball 4 -0.04 0.0 -1 -1 -0.15493545317554017 0.0021601740477741977 -1 -1
rake bball 4 -0.04 0.0 -1 -1 -0.1507410663146874 0.002126105080096186 -1 -1
rake bball 4 -0.04 0.0 -1 -1 -0.15594081770243445 -0.0006837122402663545 -1 -1
rake bball 4 -0.04 0.0 -1 -1 -0.15750648880048512 -0.0019550688647333595 -1 -1
rake bball 4 -0.04 0.0 -1 -1 -0.15567954159582853 0.0010049572494800056 -1 -1
rake bball 4 -0.04 0.0 -1 -1 -0.15509745220787727 0.0073550075894465005 -1 -1
rake bball 4 -0.04 0.0 -1 -1 -0.1576755924701802 -0.0006849856666182289 -1 -1
rake bball 4 -0.04 0.0 -1 -1 -0.15738983140991555 0.0005041398962650608 -1 -1
rake bball 4 -0.04 0.0 -1 -1 -0.15793490063345283 0.004651048206597276 -1 -1
rake bball 4 -0.04 0.0 -1 -1 -0.1545931298774397 0.002569509615025039 -1 -1
rake bball 4 -0.04 0.0 -1 -1 -0.1575187655121469 -0.0005644737235886337 -1 -1
rake bball 4 -0.04 0.0 -1 -1 -0.15527152173101344 -0.002075383189154458 -1 -1
rake bball 4 -0.04 0.0 -1 -1 -0.15468810081498902 -0.001406122705989514 -1 -1
rake bball 4 -0.04 0.0 -1 -1 -0.15557843137814473 0.0005600704902353266 -1 -1
rake bball 4 -0.04 0.0 -1 -1 -0.15513088748419454 -0.0037687751517859226 -1 -1
rake bball 4 -0.04 0.0 -1 -1 -0.1553866166256261 0.0008818691730767211 -1 -1
rake bball 4 -0.04 0.0 -1 -1 -0.1559026499502923 0.0013245109346117433 -1 -1
rake bball 4 -0.04 0.0 -1 -1 -0.15614929013596673 0.005055883010693166 -1 -1
rake bball 4 -0.04 0.0 -1 -1 -0.15762923795393574 -0.001649902233753931 -1 -1
rake bball 4 -0.04 0.0 -1 -1 -0.1560272127151566 -7.062584071923565e-05 -1 -1
rake bball 4 -0.04 0.0 -1 -1 -0.15490898282304708 0.00249995798580912 -1 -1
rake bball 4 -0.04 0.0 -1 -1 -0.15435227077579636 -0.0005500288658012566 -1 -1
rake bball 4 -0.04 0.0 -1 -1 -0.155322087413576 0.0005623196156102614 -1 -1
rake bball 4 -0.04 0.0 -1 -1 -0.15515058992231454 -0.002524949780349829 -1 -1
rake bball 4 -0.04 0.0 -1 -1 -0.1547671412185511 -0.0017704021697110754 -1 -1
rake bball 4 -0.04 0.0 -1 -1 -0.15706563292611259 -0.0004234951046231754 -1 -1
rake bball 4 -0.04 0.0 -1 -1 -0.15848772014215567 0.002776481543993852 -1 -1
rake bball 4 -0.04 0.0 -1 -1 -0.15349705292940727 -0.0005962889654824888 -1 -1
rake bball 4 -0.04 0.0 -1 -1 -0.15634254483161417 0.001075400788982635 -1 -1
rake bball 4 -0.04 0.0 -1 -1 -0.15376855763530065 -0.0034346738467562698 -1 -1
rake bball 4 -0.04 0.0 -1 -1 -0.15580009476318393 0.0006051104823728822 -1 -1
rake bball 4 -0.04 0.0 -1 -1 -0.15733296299786745 -0.002052032728858525 -1 -1
rake bball 4 -0.04 0.0 -1 -1 -0.15979199840646166 -0.0027145398204718105 -1 -1
rake bball 4 -0.04 0.0 -1 -1 -0.15595979404490082 9.296717688245815e-05 -1 -1
rake bball 4 -0.04 0.0 -1 -1 -0.1548250062682413 -0.0019977116098118274 -1 -1
rake bball 4 -0.04 0.0 -1 -1 -0.15532790848022518 0.001633950012609765 -1 -1
rake bball 4 -0.04 0.0 -1 -1 -0.15661611497071945 -0.0017997376208098983 -1 -1
rake bball 4 -0.04 0.0 -1 -1 -0.1545369298666872 4.654369383129291e-05 -1 -1
rake bball 4 -0.04 0.0 -1 -1 -0.15427099964305518 0.002655599018103606 -1 -1
rake bball 4 -0.04 0.0 -1 -1 -0.15446441692819096 0.002759713829716839 -1 -1
rake bball 4 -0.04 0.0 -1 -1 -0.1542677175487337 -0.0024771895837278385 -1 -1
rake bball 4 -0.04 0.0 -1 -1 -0.15677193682205431 0.005907433638407918 -1 -1
rake bball 4 -0.04 0.0 -1 -1 -0.156114297403844 -0.0019496138989222327 -1 -1
