rake yball 2 0.02 0.15000000000000002 -1 -1 0.019996250954237963 0.25688994350287525 -1 -1
rake yball 2 0.02 0.15000000000000002 -1 -1 0.02000628208987126 0.25694467863480824 -1 -1
rake yball 2 0.02 0.15000000000000002 -1 -1 0.019977812826267087 0.2569600329635322 -1 -1
rake yball 2 0.02 0.15000000000000002 -1 -1 0.01996329490258048 0.25693533688372694 -1 -1
rake yball 2 0.02 0.15000000000000002 -1 -1 0.019965248148748456 0.2568556066440532 -1 -1
rake yball 2 0.02 0.15000000000000002 -1 -1 0.019973544395072564 0.2568243267944177 -1 -1
rake yball 2 0.02 0.15000000000000002 -1 -1 0.019965504517483704 0.25689600621735936 -1 -1
rake yball 2 0.02 0.15000000000000002 -1 -1 0.020003537423548875 0.2567054054115859 -1 -1
rake yball 2 0.02 0.15000000000000002 -1 -1 0.02001768641958004 0.25689123957202803 -1 -1
rake yball 2 0.02 0.15000000000000002 -1 -1 0.019972082228275848 0.25684059179858854 -1 -1
rake yball 2 0.02 0.15000000000000002 -1 -1 0.01998341942523743 0.25670744133571066 -1 -1
rake yball 2 0.02 0.15000000000000002 -1 -1 0.019964702695676954 0.2566067862198741 -1 -1
rake yball 2 0.02 0.15000000000000002 -1 -1 0.01996541044177168 0.25656074393329104 -1 -1
rake yball 2 0.02 0.15000000000000002 -1 -1 0.019292704727318574 0.2568323711782846 -1 -1
rake yball 2 0.02 0.15000000000000002 -1 -1 0.019967721621463857 0.25686117228389754 -1 -1
rake yball 2 0.02 0.15000000000000002 -1 -1 0.020041741718475798 0.25691557328997283 -1 -1
rake yball 2 0.02 0.15000000000000002 -1 -1 0.0199449068533152 0.25682322818879594 -1 -1
rake yball 2 0.02 0.15000000000000002 -1 -1 0.019978852083224908 0.2568394136387591 -1 -1
rake yball 2 0.02 0.15000000000000002 -1 -1 0.019963008113087533 0.25693225803919134 -1 -1
rake yball 2 0.02 0.15000000000000002 -1 -1 0.019962129235101336 0.256877799001094 -1 -1
rake yball 2 0.02 0.15000000000000002 -1 -1 0.0200093171875043 0.25692872721245025 -1 -1
rake yball 2 0.02 0.15000000000000002 -1 -1 0.01998482784603892 0.256884062894741 -1 -1
rake yball 2 0.02 0.15000000000000002 -1 -1 0.020013318193387523 0.2568960663116457 -1 -1
rake yball 2 0.02 0.15000000000000002 -1 -1 0.02038339425690148 0.25699242013925605 -1 -1
rake yball 2 0.02 0.15000000000000002 -1 -1 0.019496797230517168 0.2568731370249263 -1 -1
rake yball 2 0.02 0.15000000000000002 -1 -1 0.019968011396397232 0.2568893103523862 -1 -1
rake yball 2 0.02 0.15000000000000002 -1 -1 0.01998927353071939 0.2569911544218912 -1 -1
rake yball 2 0.02 0.15000000000000002 -1 -1 0.022291563253599926 0.2570383537441391 -1 -1
rake yball 2 0.02 0.15000000000000002 -1 -1 0.01997901263222937 0.2569563900338903 -1 -1
rake yball 2 0.02 0.15000000000000002 -1 -1 0.02001297832110533 0.25689475139457896 -1 -1
rake yball 2 0.02 0.15000000000000002 -1 -1 0.019968885542010966 0.25688931355296524 -1 -1
rake yball 2 0.02 0.15000000000000002 -1 -1 0.0199630131100495 0.2568150270397993 -1 -1
rake yball 2 0.02 0.15000000000000002 -1 -1 0.019958617219564153 0.2568132829997802 -1 -1
rake yball 2 0.02 0.15000000000000002 -1 -1 0.020029439169075264 0.25688519113978275 -1 -1
rake yball 2 0.02 0.15000000000000002 -1 -1 0.019961996364390444 0.2568337733358569 -1 -1
rake yball 2 0.02 0.15000000000000002 -1 -1 0.019960671095495746 0.2569384733476929 -1 -1
rake yball 2 0.02 0.15000000000000002 -1 -1 0.01994624232246801 0.25688390197858696 -1 -1
rake yball 2 0.02 0.15000000000000002 -1 -1 0.020017395142651877 0.2569118429196883 -1 -1
rake yball 2 0.02 0.15000000000000002 -1 -1 0.019962819836830046 0.2568376728976662 -1 -1
rake yball 2 0.02 0.15000000000000002 -1 -1 0.019962444651504707 0.2566104772667415 -1 -1
