rake yball 2 0.02 0.15000000000000002 -1 -1 0.019978284306885148 0.2569139311564172 -1 -1
rake yball 2 0.02 0.15000000000000002 -1 -1 0.01997645200418432 0.2568576453941842 -1 -1
rake yball 2 0.02 0.15000000000000002 -1 -1 0.019964235030868575 0.25666733135670267 -1 -1
rake yball 2 0.02 0.15000000000000002 -1 -1 0.019998063960457012 0.25694383224948014 -1 -1
rake yball 2 0.02 0.15000000000000002 -1 -1 0.02003088902101955 0.2567606929200438 -1 -1
rake yball 2 0.02 0.15000000000000002 -1 -1 0.019942271825258297 0.25680896811175064 -1 -1
rake yball 2 0.02 0.15000000000000002 -1 -1 0.019962231435940624 0.25686622455028996 -1 -1
rake yball 2 0.02 0.15000000000000002 -1 -1 0.020016838792938814 0.2569100306961289 -1 -1
rake yball 2 0.02 0.15000000000000002 -1 -1 0.019967886077235913 0.2568938438735653 -1 -1
rake yball 2 0.02 0.15000000000000002 -1 -1 0.019966298727664415 0.2565788349330162 -1 -1
rake yball 2 0.02 0.15000000000000002 -1 -1 0.019998859129412287 0.2569377356271652 -1 -1
rake yball 2 0.02 0.15000000000000002 -1 -1 0.019966189045063296 0.2567953034138004 -1 -1
rake yball 2 0.02 0.15000000000000002 -1 -1 0.01996628556899938 0.2568631663624124 -1 -1
rake yball 2 0.02 0.15000000000000002 -1 -1 0.019979368864612865 0.25703211662467396 -1 -1
rake yball 2 0.02 0.15000000000000002 -1 -1 0.019966769184282213 0.2565777325536592 -1 -1
rake yball 2 0.02 0.15000000000000002 -1 -1 0.019984925521281262 0.25684181466263545 -1 -1
rake yball 2 0.02 0.15000000000000002 -1 -1 0.020006286560445553 0.2569446638400857 -1 -1
rake yball 2 0.02 0.15000000000000002 -1 -1 0.02001316450880083 0.2569602563414932 -1 -1
rake yball 2 0.02 0.15000000000000002 -1 -1 0.019844680848987172 0.2569308291645526 -1 -1
rake yball 2 0.02 0.15000000000000002 -1 -1 0.019971441637342643 0.25686790549682387 -1 -1
