rake yball 2 0.02 0.15000000000000002 -1 -1 0.009994179178098953 0.2562885735116461 -1 -1
rake yball 2 0.02 0.15000000000000002 -1 -1 -0.013574133377801887 0.2394121634134668 -1 -1
rake yball 2 0.02 0.15000000000000002 -1 -1 0.005191254548602937 0.2560705856329025 -1 -1
rake yball 2 0.02 0.15000000000000002 -1 -1 -0.015458781740589369 0.22862472633633396 -1 -1
rake yball 2 0.02 0.15000000000000002 -1 -1 0.10327061923361597 0.24138252855502682 -1 -1
rake yball 2 0.02 0.15000000000000002 -1 -1 -0.01473288493781889 0.2318579649110714 -1 -1
rake yball 2 0.02 0.15000000000000002 -1 -1 0.1369068534267111 0.24556006476996434 -1 -1
rake yball 2 0.02 0.15000000000000002 -1 -1 -0.01102649293873073 0.28181366380915096 -1 -1
rake yball 2 0.02 0.15000000000000002 -1 -1 -0.016218982596242278 0.2194244264200669 -1 -1
rake yball 2 0.02 0.15000000000000002 -1 -1 -0.016265821666470337 0.19910470645139244 -1 -1
rake yball 2 0.02 0.15000000000000002 -1 -1 -0.015959443620714747 0.2269341153081288 -1 -1
rake yball 2 0.02 0.15000000000000002 -1 -1 -0.01869643697848338 0.1937137308067108 -1 -1
rake yball 2 0.02 0.15000000000000002 -1 -1 -0.03470134018506302 0.013607736060538033 -1 -1
rake yball 2 0.02 0.15000000000000002 -1 -1 0.05082552112537101 0.2563414254910174 -1 -1
rake yball 2 0.02 0.15000000000000002 -1 -1 0.012606932188534824 0.2558769311473351 -1 -1
rake yball 2 0.02 0.15000000000000002 -1 -1 0.03617778497116925 0.2567471113147614 -1 -1
rake yball 2 0.02 0.15000000000000002 -1 -1 -0.038641997002688604 0.28834200996997045 -1 -1
rake yball 2 0.02 0.15000000000000002 -1 -1 -0.004026999982588629 0.24765110023925466 -1 -1
rake yball 2 0.02 0.15000000000000002 -1 -1 -0.007170520082818945 0.2576039439292569 -1 -1
rake yball 2 0.02 0.15000000000000002 -1 -1 -0.0005035193097468604 0.25072168554205315 -1 -1
rake yball 2 0.02 0.15000000000000002 -1 -1 -0.02607435159215802 0.2527266821030707 -1 -1
rake yball 2 0.02 0.15000000000000002 -1 -1 0.002554788629629024 0.2842706997155037 -1 -1
rake yball 2 0.02 0.15000000000000002 -1 -1 -0.018892209996854977 0.20634065617968175 -1 -1
rake yball 2 0.02 0.15000000000000002 -1 -1 -0.1315314524934325 0.2852581084102606 -1 -1
rake yball 2 0.02 0.15000000000000002 -1 -1 -0.028817640727486788 0.26538761921762577 -1 -1
rake yball 2 0.02 0.15000000000000002 -1 -1 -0.011101425879372481 0.2399674134532716 -1 -1
rake yball 2 0.02 0.15000000000000002 -1 -1 -0.0164838333077618 0.20082443614415282 -1 -1
rake yball 2 0.02 0.15000000000000002 -1 -1 0.04263135339029807 0.25597868245797645 -1 -1
rake yball 2 0.02 0.15000000000000002 -1 -1 0.006555442666381011 0.2788854008791947 -1 -1
rake yball 2 0.02 0.15000000000000002 -1 -1 -0.11738127054927612 0.5261552894186202 -1 -1
rake yball 2 0.02 0.15000000000000002 -1 -1 -0.01575989564716376 0.23034086254904998 -1 -1
rake yball 2 0.02 0.15000000000000002 -1 -1 -0.019118286366090843 0.21966738411892242 -1 -1
rake yball 2 0.02 0.15000000000000002 -1 -1 -0.03614646396522757 0.2758487993466617 -1 -1
rake yball 2 0.02 0.15000000000000002 -1 -1 0.005140148152263478 0.311068435470025 -1 -1
rake yball 2 0.02 0.15000000000000002 -1 -1 -0.0192271477821213 0.2998784796977035 -1 -1
rake yball 2 0.02 0.15000000000000002 -1 -1 0.021626491450092333 0.2568262680450811 -1 -1
rake yball 2 0.02 0.15000000000000002 -1 -1 0.19133806808898812 0.2505636833104071 -1 -1
rake yball 2 0.02 0.15000000000000002 -1 -1 0.009175465863570107 0.3279043303723632 -1 -1
rake yball 2 0.02 0.15000000000000002 -1 -1 0.013978628823069753 0.28970014527385346 -1 -1
rake yball 2 0.02 0.15000000000000002 -1 -1 0.009544297204037917 0.2553928732368069 -1 -1
