rake yball 2 0.02 0.15000000000000002 -1 -1 0.01999024447169964 0.25680715713560276 -1 -1
rake yball 2 0.02 0.15000000000000002 -1 -1 0.01996045642812821 0.25681478159013676 -1 -1
rake yball 2 0.02 0.15000000000000002 -1 -1 0.020007968770851592 0.2569376230503926 -1 -1
rake yball 2 0.02 0.15000000000000002 -1 -1 0.01996644352618936 0.25689934739354464 -1 -1
rake yball 2 0.02 0.15000000000000002 -1 -1 0.01996558838146699 0.25693475033088053 -1 -1
rake yball 2 0.02 0.15000000000000002 -1 -1 0.02001741530423875 0.2569119120828142 -1 -1
rake yball 2 0.02 0.15000000000000002 -1 -1 0.01995954202817079 0.2568131868573207 -1 -1
rake yball 2 0.02 0.15000000000000002 -1 -1 0.019991485463064358 0.2569828037028413 -1 -1
rake yball 2 0.02 0.15000000000000002 -1 -1 0.019965121001664848 0.25671858473457143 -1 -1
rake yball 2 0.02 0.15000000000000002 -1 -1 0.019943254724976073 0.2569653498713447 -1 -1
rake yball 2 0.02 0.15000000000000002 -1 -1 0.019940945071154074 0.25687999831421643 -1 -1
rake yball 2 0.02 0.15000000000000002 -1 -1 0.020001900221990672 0.25684040057750906 -1 -1
rake yball 2 0.02 0.15000000000000002 -1 -1 0.019965546428572553 0.2568764387529553 -1 -1
rake yball 2 0.02 0.15000000000000002 -1 -1 0.019937741129393165 0.2568793464473013 -1 -1
rake yball 2 0.02 0.15000000000000002 -1 -1 0.0199665157410014 0.25686354214916757 -1 -1
