rake yball 2 0.02 0.15000000000000002 -1 -1 -0.02507343547327161 0.2714051836106076 -1 -1
rake yball 2 0.02 0.15000000000000002 -1 -1 -0.016334857785400756 0.21985758675424522 -1 -1
rake yball 2 0.02 0.15000000000000002 -1 -1 -0.015498380727289719 0.22933826094814574 -1 -1
rake yball 2 0.02 0.15000000000000002 -1 -1 -0.02257576295310573 0.22155561446530087 -1 -1
rake yball 2 0.02 0.15000000000000002 -1 -1 -0.01894079498729122 0.19542002045982504 -1 -1
rake yball 2 0.02 0.15000000000000002 -1 -1 -0.040931420381834054 0.253165187251754 -1 -1
rake yball 2 0.02 0.15000000000000002 -1 -1 -0.029878277058761716 0.2961518893339147 -1 -1
rake yball 2 0.02 0.15000000000000002 -1 -1 -0.02336027289486485 0.23919613548974378 -1 -1
rake yball 2 0.02 0.15000000000000002 -1 -1 -0.029157522162828547 0.26277654358722724 -1 -1
rake yball 2 0.02 0.15000000000000002 -1 -1 0.027041692308642513 0.2607141814768436 -1 -1
rake yball 2 0.02 0.15000000000000002 -1 -1 0.02301429781405441 0.2691131277581509 -1 -1
rake yball 2 0.02 0.15000000000000002 -1 -1 -0.07083287880849355 0.2477788628541193 -1 -1
rake yball 2 0.02 0.15000000000000002 -1 -1 -0.0012139710799845588 0.33336118071043114 -1 -1
rake yball 2 0.02 0.15000000000000002 -1 -1 -0.06658893088887198 0.25038041722146176 -1 -1
rake yball 2 0.02 0.15000000000000002 -1 -1 -0.035549738474191524 0.2496083391841204 -1 -1
rake yball 2 0.02 0.15000000000000002 -1 -1 -0.01639990960028321 0.20971823471394796 -1 -1
rake yball 2 0.02 0.15000000000000002 -1 -1 -0.01906420467653748 0.22543368575642928 -1 -1
rake yball 2 0.02 0.15000000000000002 -1 -1 -0.01616201395438018 0.2201747270872269 -1 -1
rake yball 2 0.02 0.15000000000000002 -1 -1 -0.01642305053944499 0.1962583795085982 -1 -1
rake yball 2 0.02 0.15000000000000002 -1 -1 -0.016392687984199624 0.21040392174051 -1 -1
rake yball 2 0.02 0.15000000000000002 -1 -1 0.007958066820128234 0.262384559745746 -1 -1
rake yball 2 0.02 0.15000000000000002 -1 -1 0.02703148279489891 0.2942212019174337 -1 -1
rake yball 2 0.02 0.15000000000000002 -1 -1 -0.026319739399094898 0.2603761799684071 -1 -1
rake yball 2 0.02 0.15000000000000002 -1 -1 -0.12792145019309567 0.17874926987429704 -1 -1
rake yball 2 0.02 0.15000000000000002 -1 -1 0.01091425757264275 0.2562178331130838 -1 -1
rake yball 2 0.02 0.15000000000000002 -1 -1 0.034205196597961444 0.2826115174243942 -1 -1
rake yball 2 0.02 0.15000000000000002 -1 -1 -0.04209264679553995 0.24104781170613085 -1 -1
rake yball 2 0.02 0.15000000000000002 -1 -1 0.031170078984805415 0.25683220186573014 -1 -1
rake yball 2 0.02 0.15000000000000002 -1 -1 -0.020765486699737826 0.22429492789560354 -1 -1
rake yball 2 0.02 0.15000000000000002 -1 -1 0.023364263659574336 0.2567357865682575 -1 -1
rake yball 2 0.02 0.15000000000000002 -1 -1 -0.016380038999204795 0.24503571934015156 -1 -1
rake yball 2 0.02 0.15000000000000002 -1 -1 -0.02695460501733723 0.21998017640777234 -1 -1
rake yball 2 0.02 0.15000000000000002 -1 -1 -0.015949166215654228 0.22507768880749668 -1 -1
rake yball 2 0.02 0.15000000000000002 -1 -1 -0.01557710292210059 0.22914557089496707 -1 -1
rake yball 2 0.02 0.15000000000000002 -1 -1 -0.1647762857333546 0.4550347798545643 -1 -1
rake yball 2 0.02 0.15000000000000002 -1 -1 -0.025363497217753436 0.21659092827882906 -1 -1
rake yball 2 0.02 0.15000000000000002 -1 -1 -0.055586695357257646 0.2778186364734759 -1 -1
rake yball 2 0.02 0.15000000000000002 -1 -1 -0.016370086510718744 0.20339987811969046 -1 -1
rake yball 2 0.02 0.15000000000000002 -1 -1 -0.020964073362111625 0.23821565887795568 -1 -1
rake yball 2 0.02 0.15000000000000002 -1 -1 -0.015992333278190052 0.22598547068105912 -1 -1
