rake yball 2 0.02 0.15000000000000002 -1 -1 -0.03677272597211282 0.22154460491729397 -1 -1
rake yball 2 0.02 0.15000000000000002 -1 -1 -0.09716604151315916 0.19851820924505117 -1 -1
rake yball 2 0.02 0.15000000000000002 -1 -1 0.03043194806548791 0.25944911454087743 -1 -1
rake yball 2 0.02 0.15000000000000002 -1 -1 0.018063532551050795 0.25667338591901306 -1 -1
rake yball 2 0.02 0.15000000000000002 -1 -1 -0.28027922784239073 0.18412351808776975 -1 -1
rake yball 2 0.02 0.15000000000000002 -1 -1 -0.005148134517202475 0.30762203240194924 -1 -1
rake yball 2 0.02 0.15000000000000002 -1 -1 -0.016268938857766237 0.2192578319428375 -1 -1
rake yball 2 0.02 0.15000000000000002 -1 -1 -0.014110640926747806 0.24596943580020017 -1 -1
rake yball 2 0.02 0.15000000000000002 -1 -1 0.009627080435843682 0.2649121756205334 -1 -1
rake yball 2 0.02 0.15000000000000002 -1 -1 -0.015145990641666784 0.2309961445406476 -1 -1
rake yball 2 0.02 0.15000000000000002 -1 -1 0.08698611979531673 0.24115847860072637 -1 -1
rake yball 2 0.02 0.15000000000000002 -1 -1 0.04008375165577059 0.2612154506848573 -1 -1
rake yball 2 0.02 0.15000000000000002 -1 -1 -0.09656981046864672 0.38030782103933225 -1 -1
rake yball 2 0.02 0.15000000000000002 -1 -1 -0.004327623405631087 0.2519238309691634 -1 -1
rake yball 2 0.02 0.15000000000000002 -1 -1 0.03276823469704083 0.25756443601699186 -1 -1
rake yball 2 0.02 0.15000000000000002 -1 -1 0.024280664240069586 0.2658814926234047 -1 -1
rake yball 2 0.02 0.15000000000000002 -1 -1 0.09162935877945053 0.42989111107157324 -1 -1
rake yball 2 0.02 0.15000000000000002 -1 -1 0.008199705155224805 0.2784371571847409 -1 -1
rake yball 2 0.02 0.15000000000000002 -1 -1 0.02737508774214326 0.2567934932514586 -1 -1
rake yball 2 0.02 0.15000000000000002 -1 -1 0.018887730889995808 0.27287302330090035 -1 -1
rake yball 2 0.02 0.15000000000000002 -1 -1 0.021836588309767833 0.26155309582277986 -1 -1
rake yball 2 0.02 0.15000000000000002 -1 -1 -0.003244589615028257 0.44812424626560765 -1 -1
rake yball 2 0.02 0.15000000000000002 -1 -1 -0.08194216308826315 0.2762890605678344 -1 -1
rake yball 2 0.02 0.15000000000000002 -1 -1 0.058345504590401547 0.24834329323424126 -1 -1
rake yball 2 0.02 0.15000000000000002 -1 -1 0.00958775638587508 0.3116475354494463 -1 -1
rake yball 2 0.02 0.15000000000000002 -1 -1 -0.08467487770103542 0.01933062759333171 -1 -1
rake yball 2 0.02 0.15000000000000002 -1 -1 0.045479385331626807 0.27640553328753864 -1 -1
rake yball 2 0.02 0.15000000000000002 -1 -1 0.0055001071826360085 0.27977887740162977 -1 -1
rake yball 2 0.02 0.15000000000000002 -1 -1 -0.0012935701832488945 0.24993082499505734 -1 -1
rake yball 2 0.02 0.15000000000000002 -1 -1 -0.00804650753381894 0.24752366909937953 -1 -1
rake yball 2 0.02 0.15000000000000002 -1 -1 0.010424851758987407 0.2553143759908577 -1 -1
rake yball 2 0.02 0.15000000000000002 -1 -1 0.022563027148914706 0.258054161234934 -1 -1
rake yball 2 0.02 0.15000000000000002 -1 -1 -0.06181255305871236 0.20727942666766105 -1 -1
rake yball 2 0.02 0.15000000000000002 -1 -1 -0.014247065425619333 0.23324363651484564 -1 -1
rake yball 2 0.02 0.15000000000000002 -1 -1 -0.014856029183602973 0.26794212515638655 -1 -1
rake yball 2 0.02 0.15000000000000002 -1 -1 0.3246774010095542 0.36279290255824004 -1 -1
rake yball 2 0.02 0.15000000000000002 -1 -1 -0.17087128245726663 0.349275088372743 -1 -1
rake yball 2 0.02 0.15000000000000002 -1 -1 -0.06349648731544019 0.26579519810120145 -1 -1
rake yball 2 0.02 0.15000000000000002 -1 -1 0.03394894311417396 0.2573792421252616 -1 -1
rake yball 2 0.02 0.15000000000000002 -1 -1 0.017366483475264368 0.3207742945948395 -1 -1
