rake yball 2 0.02 0.15000000000000002 -1 -1 0.08377682907992812 0.3723535914887296 -1 -1
rake yball 2 0.02 0.15000000000000002 -1 -1 0.0107510938189236 0.25876114973479414 -1 -1
rake yball 2 0.02 0.15000000000000002 -1 -1 0.03563678657319595 0.279754261431675 -1 -1
rake yball 2 0.02 0.15000000000000002 -1 -1 0.027785597004315734 0.27036923621528797 -1 -1
rake yball 2 0.02 0.15000000000000002 -1 -1 0.014375301958736745 0.2562560735317845 -1 -1
rake yball 2 0.02 0.15000000000000002 -1 -1 -0.03411079669925072 0.23855975427370602 -1 -1
rake yball 2 0.02 0.15000000000000002 -1 -1 0.025497345202363766 0.2587539177941579 -1 -1
rake yball 2 0.02 0.15000000000000002 -1 -1 0.07481210999247156 0.39048373128748276 -1 -1
rake yball 2 0.02 0.15000000000000002 -1 -1 -0.012052407183264587 0.23794580934923282 -1 -1
rake yball 2 0.02 0.15000000000000002 -1 -1 -0.009617753575459244 0.26089263711923405 -1 -1
rake yball 2 0.02 0.15000000000000002 -1 -1 0.022540171097175966 0.25656421572965676 -1 -1
rake yball 2 0.02 0.15000000000000002 -1 -1 0.06352767719481381 0.2505945452362239 -1 -1
rake yball 2 0.02 0.15000000000000002 -1 -1 0.04938280944785764 0.34058086582031866 -1 -1
rake yball 2 0.02 0.15000000000000002 -1 -1 0.050726237973466655 0.3100070084288657 -1 -1
rake yball 2 0.02 0.15000000000000002 -1 -1 0.014645175068741101 0.256255439381638 -1 -1
rake yball 2 0.02 0.15000000000000002 -1 -1 0.016592188162760674 0.26257448935461347 -1 -1
rake yball 2 0.02 0.15000000000000002 -1 -1 -0.17723141918832488 0.18784571495836927 -1 -1
rake yball 2 0.02 0.15000000000000002 -1 -1 0.021000011337952665 0.2565882592114472 -1 -1
rake yball 2 0.02 0.15000000000000002 -1 -1 -0.03165576384564296 0.26977790183292577 -1 -1
rake yball 2 0.02 0.15000000000000002 -1 -1 -0.0034165913130462773 0.24892083901982187 -1 -1
rake yball 2 0.02 0.15000000000000002 -1 -1 0.030955078765228683 0.25651321100165436 -1 -1
rake yball 2 0.02 0.15000000000000002 -1 -1 0.14792305566074296 0.36066548005286625 -1 -1
rake yball 2 0.02 0.15000000000000002 -1 -1 0.017275062932888333 0.2562343165660305 -1 -1
rake yball 2 0.02 0.15000000000000002 -1 -1 0.07004961845151628 0.3315934383282569 -1 -1
rake yball 2 0.02 0.15000000000000002 -1 -1 0.0231305120608343 0.25682082701025755 -1 -1
rake yball 2 0.02 0.15000000000000002 -1 -1 0.22941876505461187 0.06408065116758437 -1 -1
rake yball 2 0.02 0.15000000000000002 -1 -1 -0.019663995893501495 0.28458367258486067 -1 -1
rake yball 2 0.02 0.15000000000000002 -1 -1 -0.032884451144130425 0.2435989699639951 -1 -1
rake yball 2 0.02 0.15000000000000002 -1 -1 0.010851541604005255 0.2556287954250028 -1 -1
rake yball 2 0.02 0.15000000000000002 -1 -1 -0.0161842999331267 0.22403430304937066 -1 -1
rake yball 2 0.02 0.15000000000000002 -1 -1 -0.011222286729564967 0.23951489841266124 -1 -1
rake yball 2 0.02 0.15000000000000002 -1 -1 0.015402261889116253 0.25646086565613774 -1 -1
rake yball 2 0.02 0.15000000000000002 -1 -1 -0.003906438463984703 0.24818392612138035 -1 -1
rake yball 2 0.02 0.15000000000000002 -1 -1 -0.01643483746831551 0.27247970295330126 -1 -1
rake yball 2 0.02 0.15000000000000002 -1 -1 -0.0077241800134325725 0.24693650016013194 -1 -1
rake yball 2 0.02 0.15000000000000002 -1 -1 0.06499028565232137 0.30003285771823773 -1 -1
rake yball 2 0.02 0.15000000000000002 -1 -1 0.19936518587924776 0.5930578468926222 -1 -1
rake yball 2 0.02 0.15000000000000002 -1 -1 0.04654123415354632 0.2550661632712063 -1 -1
rake yball 2 0.02 0.15000000000000002 -1 -1 -0.018667929719263773 0.17765237877122997 -1 -1
rake yball 2 0.02 0.15000000000000002 -1 -1 -0.0005585271457695622 0.2512619633736539 -1 -1
