rake yball 2 0.02 0.15000000000000002 -1 -1 -0.01615507907238148 0.21931076580570003 -1 -1
rake yball 2 0.02 0.15000000000000002 -1 -1 0.0172676620565601 0.2566077644452293 -1 -1
rake yball 2 0.02 0.15000000000000002 -1 -1 -0.014204062085355957 0.2327041457937174 -1 -1
rake yball 2 0.02 0.15000000000000002 -1 -1 0.0011769334048652587 0.251764863752436 -1 -1
rake yball 2 0.02 0.15000000000000002 -1 -1 -0.020003213803346145 0.17733345601667785 -1 -1
rake yball 2 0.02 0.15000000000000002 -1 -1 0.014664607773717116 0.2561990797133622 -1 -1
rake yball 2 0.02 0.15000000000000002 -1 -1 -0.1316750539667438 0.26679767877060756 -1 -1
rake yball 2 0.02 0.15000000000000002 -1 -1 -0.017495028259542536 0.17958665789124686 -1 -1
rake yball 2 0.02 0.15000000000000002 -1 -1 0.019640936327679766 0.26601878789002736 -1 -1
rake yball 2 0.02 0.15000000000000002 -1 -1 -0.04957671223232281 0.3800007452230693 -1 -1
rake yball 2 0.02 0.15000000000000002 -1 -1 -0.02203105554640648 0.1723773409575356 -1 -1
rake yball 2 0.02 0.15000000000000002 -1 -1 -0.012918851423999952 0.23701923603065903 -1 -1
rake yball 2 0.02 0.15000000000000002 -1 -1 -0.016265021438852018 0.17242169522174902 -1 -1
rake yball 2 0.02 0.15000000000000002 -1 -1 -0.01587383837915197 0.3117470762649711 -1 -1
rake yball 2 0.02 0.15000000000000002 -1 -1 -0.13745134797560388 0.18395233736047045 -1 -1
rake yball 2 0.02 0.15000000000000002 -1 -1 0.009410942284838651 0.25513347482115134 -1 -1
rake yball 2 0.02 0.15000000000000002 -1 -1 -0.017068162886418284 0.1906923107631848 -1 -1
rake yball 2 0.02 0.15000000000000002 -1 -1 0.02416613480518678 0.5928185857250519 -1 -1
rake yball 2 0.02 0.15000000000000002 -1 -1 -0.016595768372089162 0.1866417558357543 -1 -1
rake yball 2 0.02 0.15000000000000002 -1 -1 0.005684866644239557 0.3000249341695629 -1 -1
rake yball 2 0.02 0.15000000000000002 -1 -1 -0.016442457584901107 0.23091878592890286 -1 -1
rake yball 2 0.02 0.15000000000000002 -1 -1 -0.016323970740356932 0.1940082411157024 -1 -1
rake yball 2 0.02 0.15000000000000002 -1 -1 0.011991594672766944 0.25935358103044787 -1 -1
rake yball 2 0.02 0.15000000000000002 -1 -1 0.03970921705187164 0.3077328495340615 -1 -1
rake yball 2 0.02 0.15000000000000002 -1 -1 -0.003733847382491427 0.2715683335049256 -1 -1
rake yball 2 0.02 0.15000000000000002 -1 -1 -0.016671187800880293 0.21134282328329387 -1 -1
rake yball 2 0.02 0.15000000000000002 -1 -1 -0.04844559198197006 0.17075643412176286 -1 -1
rake yball 2 0.02 0.15000000000000002 -1 -1 -0.012303652711992725 0.25931656519434765 -1 -1
rake yball 2 0.02 0.15000000000000002 -1 -1 -0.09263160775416626 0.25734804696082825 -1 -1
rake yball 2 0.02 0.15000000000000002 -1 -1 0.10474794830404723 0.5120570194530225 -1 -1
rake yball 2 0.02 0.15000000000000002 -1 -1 -0.0054533160167846385 0.2823500467636657 -1 -1
rake yball 2 0.02 0.15000000000000002 -1 -1 0.020337318154425084 0.2568217231507311 -1 -1
rake yball 2 0.02 0.15000000000000002 -1 -1 -0.01603695854879623 0.21610214709369593 -1 -1
rake yball 2 0.02 0.15000000000000002 -1 -1 -0.017922933184445527 0.1731707440843168 -1 -1
rake yball 2 0.02 0.15000000000000002 -1 -1 0.026993476470827015 0.25679108624481933 -1 -1
rake yball 2 0.02 0.15000000000000002 -1 -1 -0.005735998107926304 0.24629863816152028 -1 -1
rake yball 2 0.02 0.15000000000000002 -1 -1 0.010239306228290336 0.2570696412653052 -1 -1
rake yball 2 0.02 0.15000000000000002 -1 -1 0.15169285774502464 0.27584653687600585 -1 -1
rake yball 2 0.02 0.15000000000000002 -1 -1 -0.016386807153003405 0.21464753774010842 -1 -1
rake yball 2 0.02 0.15000000000000002 -1 -1 -0.01637496019543961 0.22242891793940467 -1 -1
