rake yball 2 0.02 0.15000000000000002 -1 -1 -0.007071063567604327 0.24882373693773066 -1 -1
rake yball 2 0.02 0.15000000000000002 -1 -1 -0.0034792892121335 0.35185522606873726 -1 -1
rake yball 2 0.02 0.15000000000000002 -1 -1 -0.016350885976350833 0.20754252335743997 -1 -1
rake yball 2 0.02 0.15000000000000002 -1 -1 -0.06997814570210317 0.3190418714521657 -1 -1
rake yball 2 0.02 0.15000000000000002 -1 -1 -0.001647620864312141 0.29203669650424285 -1 -1
rake yball 2 0.02 0.15000000000000002 -1 -1 -0.020686255973272692 0.2673427292619253 -1 -1
rake yball 2 0.02 0.15000000000000002 -1 -1 -0.017707530254527568 0.15986793624555362 -1 -1
rake yball 2 0.02 0.15000000000000002 -1 -1 -0.033197273948802376 0.31705167276596863 -1 -1
rake yball 2 0.02 0.15000000000000002 -1 -1 -0.016326995879621938 0.20625510360898291 -1 -1
rake yball 2 0.02 0.15000000000000002 -1 -1 -0.027494542049916106 0.23610439604643285 -1 -1
rake yball 2 0.02 0.15000000000000002 -1 -1 -0.019768570393234004 0.25238708283051486 -1 -1
rake yball 2 0.02 0.15000000000000002 -1 -1 -0.03768017007762475 0.2164821201652635 -1 -1
rake yball 2 0.02 0.15000000000000002 -1 -1 -0.028283183687549198 0.22683187489712603 -1 -1
rake yball 2 0.02 0.15000000000000002 -1 -1 -0.015266454169497855 0.23012759670462618 -1 -1
rake yball 2 0.02 0.15000000000000002 -1 -1 -0.018782937870906034 0.19070048312041782 -1 -1
rake yball 2 0.02 0.15000000000000002 -1 -1 -0.056631394935359375 0.27248779396283923 -1 -1
rake yball 2 0.02 0.15000000000000002 -1 -1 -0.01634812639245766 0.2062749553734963 -1 -1
rake yball 2 0.02 0.15000000000000002 -1 -1 -0.013390265362377507 0.2547087561124565 -1 -1
rake yball 2 0.02 0.15000000000000002 -1 -1 -0.01635699844086303 0.20731478288594002 -1 -1
rake yball 2 0.02 0.15000000000000002 -1 -1 -0.0011356401041260802 0.25136667973907884 -1 -1
rake yball 2 0.02 0.15000000000000002 -1 -1 0.02360199257475509 0.25697266960621035 -1 -1
rake yball 2 0.02 0.15000000000000002 -1 -1 -0.014230583880248317 0.2337944606507657 -1 -1
rake yball 2 0.02 0.15000000000000002 -1 -1 -0.06080037209518789 0.22423537778871222 -1 -1
rake yball 2 0.02 0.15000000000000002 -1 -1 -0.01636380536937782 0.20743297595649038 -1 -1
rake yball 2 0.02 0.15000000000000002 -1 -1 -0.020968214432074923 0.2572973666296352 -1 -1
rake yball 2 0.02 0.15000000000000002 -1 -1 0.0025858190306470743 0.2525733784235092 -1 -1
rake yball 2 0.02 0.15000000000000002 -1 -1 -0.012559265968132881 0.2380149741601986 -1 -1
rake yball 2 0.02 0.15000000000000002 -1 -1 -0.011372178516001166 0.2410782026260056 -1 -1
rake yball 2 0.02 0.15000000000000002 -1 -1 -0.01479938205599615 0.2546108516549381 -1 -1
rake yball 2 0.02 0.15000000000000002 -1 -1 -0.019054061111409046 0.23517055243741647 -1 -1
rake yball 2 0.02 0.15000000000000002 -1 -1 -0.020217357920345066 0.25436811902744927 -1 -1
rake yball 2 0.02 0.15000000000000002 -1 -1 -0.014865043143298878 0.24124184712900654 -1 -1
rake yball 2 0.02 0.15000000000000002 -1 -1 -0.015978822954351792 0.1937513336851161 -1 -1
rake yball 2 0.02 0.15000000000000002 -1 -1 -0.015664105494868786 0.2289481892492825 -1 -1
rake yball 2 0.02 0.15000000000000002 -1 -1 -0.0190421482747189 0.31732768549407453 -1 -1
rake yball 2 0.02 0.15000000000000002 -1 -1 -0.012278460692353752 0.2491331987591936 -1 -1
rake yball 2 0.02 0.15000000000000002 -1 -1 -0.015010161666280454 0.23082221088755905 -1 -1
rake yball 2 0.02 0.15000000000000002 -1 -1 -0.015640329354615217 0.2284194298084116 -1 -1
rake yball 2 0.02 0.15000000000000002 -1 -1 -0.018284876251041 0.2089575060895896 -1 -1
rake yball 2 0.02 0.15000000000000002 -1 -1 -0.016438986719133554 0.21459843672191378 -1 -1
