rake yball 2 0.02 0.15000000000000002 -1 -1 0.01996635789422142 0.2568621186657122 -1 -1
rake yball 2 0.02 0.15000000000000002 -1 -1 0.01996355729450342 0.25692177809478106 -1 -1
rake yball 2 0.02 0.15000000000000002 -1 -1 0.019968217849584406 0.25689262741290947 -1 -1
rake yball 2 0.02 0.15000000000000002 -1 -1 0.019959433228180008 0.25685641821928623 -1 -1
rake yball 2 0.02 0.15000000000000002 -1 -1 0.019959727941098356 0.2568420501692506 -1 -1
rake yball 2 0.02 0.15000000000000002 -1 -1 0.0199794104760785 0.256806629749999 -1 -1
rake yball 2 0.02 0.15000000000000002 -1 -1 0.020020163319611275 0.25687633209243294 -1 -1
rake yball 2 0.02 0.15000000000000002 -1 -1 0.019962931150024094 0.25694422682220763 -1 -1
rake yball 2 0.02 0.15000000000000002 -1 -1 0.019969111944379142 0.25688231478143947 -1 -1
rake yball 2 0.02 0.15000000000000002 -1 -1 0.01996782709684172 0.2568942195378916 -1 -1
rake yball 2 0.02 0.15000000000000002 -1 -1 0.019971416703607938 0.2568208049380681 -1 -1
rake yball 2 0.02 0.15000000000000002 -1 -1 0.019957612887497134 0.2568913113657909 -1 -1
rake yball 2 0.02 0.15000000000000002 -1 -1 0.01996449731003332 0.25685812997870844 -1 -1
rake yball 2 0.02 0.15000000000000002 -1 -1 0.019962369800474285 0.25684045264341643 -1 -1
rake yball 2 0.02 0.15000000000000002 -1 -1 0.01996655305605666 0.2568631925478292 -1 -1
rake yball 2 0.02 0.15000000000000002 -1 -1 0.01996347027920942 0.2568714879284249 -1 -1
rake yball 2 0.02 0.15000000000000002 -1 -1 0.019962406355552638 0.25664605341185354 -1 -1
rake yball 2 0.02 0.15000000000000002 -1 -1 0.02344498559541902 0.256953668936123 -1 -1
rake yball 2 0.02 0.15000000000000002 -1 -1 0.019963707467133454 0.2568334524612168 -1 -1
rake yball 2 0.02 0.15000000000000002 -1 -1 0.02115508849818657 0.25699463555365243 -1 -1
rake yball 2 0.02 0.15000000000000002 -1 -1 0.020021894444692816 0.25684768672947 -1 -1
rake yball 2 0.02 0.15000000000000002 -1 -1 0.0199656948652172 0.2566178867013314 -1 -1
rake yball 2 0.02 0.15000000000000002 -1 -1 0.019961562510494444 0.2566154346265782 -1 -1
rake yball 2 0.02 0.15000000000000002 -1 -1 0.01997209026285101 0.2568462058658977 -1 -1
rake yball 2 0.02 0.15000000000000002 -1 -1 0.01999033261055719 0.2569874557170155 -1 -1
rake yball 2 0.02 0.15000000000000002 -1 -1 0.019964580443651382 0.2569458022644108 -1 -1
rake yball 2 0.02 0.15000000000000002 -1 -1 0.01996085935702393 0.2568145376125165 -1 -1
rake yball 2 0.02 0.15000000000000002 -1 -1 0.01996842952801482 0.2568554959423983 -1 -1
rake yball 2 0.02 0.15000000000000002 -1 -1 0.01882251564303568 0.2568510189956588 -1 -1
rake yball 2 0.02 0.15000000000000002 -1 -1 0.019969674991118163 0.2569352390584146 -1 -1
rake yball 2 0.02 0.15000000000000002 -1 -1 0.019968689946895653 0.2568292460528872 -1 -1
rake yball 2 0.02 0.15000000000000002 -1 -1 0.01988958954718276 0.2568546950767917 -1 -1
rake yball 2 0.02 0.15000000000000002 -1 -1 0.018742506188679783 0.25684924245386637 -1 -1
rake yball 2 0.02 0.15000000000000002 -1 -1 0.020012280196790876 0.25689165688956994 -1 -1
rake yball 2 0.02 0.15000000000000002 -1 -1 0.02010889894796368 0.2569670959570944 -1 -1
rake yball 2 0.02 0.15000000000000002 -1 -1 0.019965990868511883 0.25686893701816255 -1 -1
rake yball 2 0.02 0.15000000000000002 -1 -1 0.019957659525874864 0.2568497114993069 -1 -1
rake yball 2 0.02 0.15000000000000002 -1 -1 0.020016095286329433 0.2569073287743849 -1 -1
rake yball 2 0.02 0.15000000000000002 -1 -1 0.019964874520954138 0.2565971883634932 -1 -1
rake yball 2 0.02 0.15000000000000002 -1 -1 0.019980198244766472 0.25696534524268144 -1 -1
rake yball 2 0.02 0.15000000000000002 -1 -1 0.01996302408062603 0.2566120150162188 -1 -1
rake yball 2 0.02 0.15000000000000002 -1 -1 0.019933567017336108 0.25696175363565915 -1 -1
rake yball 2 0.02 0.15000000000000002 -1 -1 0.020020318433702847 0.2568753528271182 -1 -1
rake yball 2 0.02 0.15000000000000002 -1 -1 0.01997964822789788 0.2568723860673992 -1 -1
rake yball 2 0.02 0.15000000000000002 -1 -1 0.020033709414571707 0.25672132614547516 -1 -1
rake yball 2 0.02 0.15000000000000002 -1 -1 0.019959260435873507 0.25689748779208055 -1 -1
rake yball 2 0.02 0.15000000000000002 -1 -1 0.01996513654705484 0.2565607711913932 -1 -1
rake yball 2 0.02 0.15000000000000002 -1 -1 0.01996832442127148 0.2569320761873701 -1 -1
rake yball 2 0.02 0.15000000000000002 -1 -1 0.01999260351925448 0.256886738578446 -1 -1
rake yball 2 0.02 0.15000000000000002 -1 -1 0.01996221330700601 0.2568109051866204 -1 -1
rake yball 2 0.02 0.15000000000000002 -1 -1 0.019964793886894247 0.2566044262883815 -1 -1
rake yball 2 0.02 0.15000000000000002 -1 -1 0.020011759745821606 0.25692170171174245 -1 -1
rake yball 2 0.02 0.15000000000000002 -1 -1 0.019975964844530816 0.25693713168127064 -1 -1
rake yball 2 0.02 0.15000000000000002 -1 -1 0.019964895698338585 0.25660419937566553 -1 -1
rake yball 2 0.02 0.15000000000000002 -1 -1 0.019979653278927867 0.2569755718938519 -1 -1
rake yball 2 0.02 0.15000000000000002 -1 -1 0.019964618798701945 0.25653569028541184 -1 -1
rake yball 2 0.02 0.15000000000000002 -1 -1 0.0199593252194917 0.25689531082727496 -1 -1
rake yball 2 0.02 0.15000000000000002 -1 -1 0.02232431680705554 0.2569669781108986 -1 -1
rake yball 2 0.02 0.15000000000000002 -1 -1 0.0199820202309969 0.2569181611169159 -1 -1
rake yball 2 0.02 0.15000000000000002 -1 -1 0.019957639184317602 0.25682669176763606 -1 -1
