rake yball 2 0.02 0.15000000000000002 -1 -1 -0.016440732113504313 0.21434204504596988 -1 -1
rake yball 2 0.02 0.15000000000000002 -1 -1 0.042236174163310825 0.2640456356997809 -1 -1
rake yball 2 0.02 0.15000000000000002 -1 -1 -0.03598902750702334 0.2448497150226708 -1 -1
rake yball 2 0.02 0.15000000000000002 -1 -1 -0.016358565460124867 0.21082559196506395 -1 -1
rake yball 2 0.02 0.15000000000000002 -1 -1 0.01756065023195251 0.256836472764019 -1 -1
rake yball 2 0.02 0.15000000000000002 -1 -1 -0.014322256297828061 0.2947359815786252 -1 -1
rake yball 2 0.02 0.15000000000000002 -1 -1 0.005077564251895442 0.35432033251775186 -1 -1
rake yball 2 0.02 0.15000000000000002 -1 -1 -0.028543135181365264 0.3326066927819939 -1 -1
rake yball 2 0.02 0.15000000000000002 -1 -1 -0.01638184213399367 0.21074969779709304 -1 -1
rake yball 2 0.02 0.15000000000000002 -1 -1 0.008148302061327132 0.25503657664911084 -1 -1
rake yball 2 0.02 0.15000000000000002 -1 -1 -0.03440280210162859 0.18707672616048404 -1 -1
rake yball 2 0.02 0.15000000000000002 -1 -1 -0.07505624430556036 0.2270226540008978 -1 -1
rake yball 2 0.02 0.15000000000000002 -1 -1 -0.006604463008876308 0.24576656341908185 -1 -1
rake yball 2 0.02 0.15000000000000002 -1 -1 -0.05416129429117729 0.25765365705271226 -1 -1
rake yball 2 0.02 0.15000000000000002 -1 -1 -0.04246378973269836 0.23625078269147093 -1 -1
rake yball 2 0.02 0.15000000000000002 -1 -1 -0.07868954458311436 0.36525884472676406 -1 -1
rake yball 2 0.02 0.15000000000000002 -1 -1 0.014802061726645116 0.2587436823061813 -1 -1
rake yball 2 0.02 0.15000000000000002 -1 -1 0.012247220690736391 0.257954770023315 -1 -1
rake yball 2 0.02 0.15000000000000002 -1 -1 -0.01632045232210848 0.20049952568530488 -1 -1
rake yball 2 0.02 0.15000000000000002 -1 -1 -0.05017769000941846 0.3089071556876719 -1 -1
rake yball 2 0.02 0.15000000000000002 -1 -1 -0.029404368754113452 0.26997894271983164 -1 -1
rake yball 2 0.02 0.15000000000000002 -1 -1 -0.019816181209535766 0.21817118414546802 -1 -1
rake yball 2 0.02 0.15000000000000002 -1 -1 -0.041133426919155135 0.35919001180555027 -1 -1
rake yball 2 0.02 0.15000000000000002 -1 -1 -0.012634889280287206 0.24979661503770392 -1 -1
rake yball 2 0.02 0.15000000000000002 -1 -1 -0.024943017289900074 0.2128953767751756 -1 -1
rake yball 2 0.02 0.15000000000000002 -1 -1 0.0369974427192569 0.256831636837384 -1 -1
rake yball 2 0.02 0.15000000000000002 -1 -1 -0.08254781466264055 0.21119893719129648 -1 -1
rake yball 2 0.02 0.15000000000000002 -1 -1 -0.005919593223563544 0.2465442764927788 -1 -1
rake yball 2 0.02 0.15000000000000002 -1 -1 -0.03981149286694441 0.2535037033466167 -1 -1
rake yball 2 0.02 0.15000000000000002 -1 -1 0.01413460607578552 0.27697923426407567 -1 -1
rake yball 2 0.02 0.15000000000000002 -1 -1 0.024492590615514405 0.2658283763541312 -1 -1
rake yball 2 0.02 0.15000000000000002 -1 -1 0.009167484539228183 0.25522821067823726 -1 -1
rake yball 2 0.02 0.15000000000000002 -1 -1 -0.017192967181072747 0.3067753138504829 -1 -1
rake yball 2 0.02 0.15000000000000002 -1 -1 -0.016359446582846625 0.20778125189624427 -1 -1
rake yball 2 0.02 0.15000000000000002 -1 -1 -0.06628466198911057 0.2359162926881302 -1 -1
rake yball 2 0.02 0.15000000000000002 -1 -1 -0.01908621026553638 0.22627706324068686 -1 -1
rake yball 2 0.02 0.15000000000000002 -1 -1 -0.11241765120729713 0.16254438549804437 -1 -1
rake yball 2 0.02 0.15000000000000002 -1 -1 0.14971429706786638 0.2739133951957745 -1 -1
rake yball 2 0.02 0.15000000000000002 -1 -1 -0.03306997278286188 0.2524509001580268 -1 -1
rake yball 2 0.02 0.15000000000000002 -1 -1 -0.1244805925408817 0.3195247933849089 -1 -1
