rake yball 2 0.02 0.15000000000000002 -1 -1 -0.015175378777825389 0.23154475310978442 -1 -1
rake yball 2 0.02 0.15000000000000002 -1 -1 0.029677208441929736 0.2670751742795667 -1 -1
rake yball 2 0.02 0.15000000000000002 -1 -1 0.006286985404663139 0.25640768345255566 -1 -1
rake yball 2 0.02 0.15000000000000002 -1 -1 -0.047070922320959205 0.23616924007361134 -1 -1
rake yball 2 0.02 0.15000000000000002 -1 -1 -0.009611013159174873 0.24146414815571868 -1 -1
rake yball 2 0.02 0.15000000000000002 -1 -1 0.02381718457874932 0.2796491002966808 -1 -1
rake yball 2 0.02 0.15000000000000002 -1 -1 0.0691833801536464 0.23334123180488997 -1 -1
rake yball 2 0.02 0.15000000000000002 -1 -1 0.0803821504909297 0.35769292565582683 -1 -1
rake yball 2 0.02 0.15000000000000002 -1 -1 0.0149746710474165 0.25626541931441454 -1 -1
rake yball 2 0.02 0.15000000000000002 -1 -1 -0.024754130660328576 0.23621159800865332 -1 -1
rake yball 2 0.02 0.15000000000000002 -1 -1 0.014684014269742498 0.2563417736378131 -1 -1
rake yball 2 0.02 0.15000000000000002 -1 -1 0.011582385204159978 0.2789020353809749 -1 -1
rake yball 2 0.02 0.15000000000000002 -1 -1 -0.002075999954745129 0.24926750608046463 -1 -1
rake yball 2 0.02 0.15000000000000002 -1 -1 0.006556139475813274 0.25426037762755543 -1 -1
rake yball 2 0.02 0.15000000000000002 -1 -1 0.00149401529456108 0.26398129301523876 -1 -1
rake yball 2 0.02 0.15000000000000002 -1 -1 0.01236006522663377 0.2558189272450203 -1 -1
rake yball 2 0.02 0.15000000000000002 -1 -1 -0.00035209672618498545 0.2507091958550741 -1 -1
rake yball 2 0.02 0.15000000000000002 -1 -1 0.02217075369870317 0.25682611297219954 -1 -1
rake yball 2 0.02 0.15000000000000002 -1 -1 -0.0035103637548029106 0.2541450814002692 -1 -1
rake yball 2 0.02 0.15000000000000002 -1 -1 -0.032028585562910196 0.2782094575554967 -1 -1
rake yball 2 0.02 0.15000000000000002 -1 -1 -0.02600704262910924 0.2686218893587777 -1 -1
rake yball 2 0.02 0.15000000000000002 -1 -1 0.020883290261787143 0.26665559870923183 -1 -1
rake yball 2 0.02 0.15000000000000002 -1 -1 0.006384669967631645 0.254386002039601 -1 -1
rake yball 2 0.02 0.15000000000000002 -1 -1 0.020015221765723682 0.2568066015352249 -1 -1
rake yball 2 0.02 0.15000000000000002 -1 -1 0.013948809475409026 0.2562572501730141 -1 -1
rake yball 2 0.02 0.15000000000000002 -1 -1 -0.05507537159830835 0.33799380962273656 -1 -1
rake yball 2 0.02 0.15000000000000002 -1 -1 0.013760996951306783 0.2562106642197861 -1 -1
rake yball 2 0.02 0.15000000000000002 -1 -1 0.012361115148371848 0.2560061601701146 -1 -1
rake yball 2 0.02 0.15000000000000002 -1 -1 -0.013346989404371292 0.23569150478369713 -1 -1
rake yball 2 0.02 0.15000000000000002 -1 -1 -0.04412808995502672 0.38221732264684316 -1 -1
rake yball 2 0.02 0.15000000000000002 -1 -1 -0.03478229457132988 0.32169672326824345 -1 -1
rake yball 2 0.02 0.15000000000000002 -1 -1 -0.0027666225038003667 0.2691801831977902 -1 -1
rake yball 2 0.02 0.15000000000000002 -1 -1 0.03327420810208356 0.2616789952835494 -1 -1
rake yball 2 0.02 0.15000000000000002 -1 -1 0.004820507358290458 0.2536162310358205 -1 -1
rake yball 2 0.02 0.15000000000000002 -1 -1 0.00012718063107267877 0.27211380916631495 -1 -1
rake yball 2 0.02 0.15000000000000002 -1 -1 -0.016416311730063766 0.2305699947822812 -1 -1
rake yball 2 0.02 0.15000000000000002 -1 -1 0.014308555818522013 0.256410793098047 -1 -1
rake yball 2 0.02 0.15000000000000002 -1 -1 0.0015124975804516217 0.25245083133434587 -1 -1
rake yball 2 0.02 0.15000000000000002 -1 -1 0.022110195243281585 0.26855044520696975 -1 -1
rake yball 2 0.02 0.15000000000000002 -1 -1 0.014474701495331617 0.25641885231748607 -1 -1
