4.036676197205551
0.9552280219839006
294.61924029128124
0.6411378840337651
0.7995866442847126
0.13163782429278814
0.41831697880065843
0.4436178635383683
4.283307277821929
1.2240408347273408
401.0020461353926
1.245225380191544
0.5970837423412829
0.3872980837922302
0.44700109287411116
0.6227637433160074
5.922560439378177
0.8719993555287692
258.73542951611483
0.5907577171223124
0.5581122462808004
0.4275516815161632
0.5557920147475479
0.5930605010707295
4.715150166877546
0.9787536058302966
420.6416070446585
0.8613831763713251
0.9791453249189589
0.6055971645722247
0.15566673163668654
0.3750901926334944
4.115841049322655
0.5861310393989497
298.84697932015257
0.8458363041026522
0.6160677311987699
0.17492414956521007
0.04930036786803818
0.30666948116134296
5.321912417920986
0.8863038701532897
374.03160933128567
0.929862254911912
0.5826428418264439
0.30916795088514704
0.03938863151367647
0.4849820541389231
4.386259159646437
0.6723157852520717
583.694709806124
0.7594171972036736
0.453161357215924
0.2026081193519953
0.14382409878995572
0.6043265311241358
4.120589009630942
0.7152937019259518
293.22912549095287
0.9553360108030112
0.7043823300273189
0.15406191166744435
0.17924273718817776
0.42591776469042325
5.5053699161189185
0.7902144976616894
291.10904717856874
1.0488216737435685
0.377104732269371
0.23391330385677392
0.05451582990815297
0.527671791982236
3.844984009511043
0.9526953007780218
526.9975806674806
1.936859027115406
0.5668293007664349
0.13913542970164317
0.4435165845805119
0.5124893653403626
3.4542729920045536
0.6437014463565076
314.4533753214502
0.8973861349962877
0.6361945473345788
0.251746588647876
0.016623742758321534
0.36655341685339626
4.618898627021504
0.8816960731950206
400.1507454821981
0.9822778722077399
0.6653704891379205
0.2747946309480792
0.12672091086197745
0.4719497288548256
5.202171435857047
1.1874083591661624
323.6192051767131
3.359488518694537
0.6763796794343464
0.38504989154136987
0.06309395309527227
0.4308861491037296
4.001836715227972
0.886784107268012
229.28892883970798
0.5703037378394638
0.4782447644555342
0.3993473623961056
0.06981844525480016
0.3840917812208822
5.21513718219773
0.8387356314621363
311.8252732703578
1.237903688586636
0.6295614393089266
0.21548513634449812
0.06780819259543669
0.514761140681739
4.25028025288109
0.7125333996305596
305.82150007435007
0.8203550233665499
1.722552846887122
0.2987796604355435
0.0573194101659655
0.4182703541289804
5.582938685200717
1.9928835546127148
407.73120865066966
1.471070229550627
0.5165610419900399
0.14085731717798852
30.59903665972135
0.34921392168872345
5.058777077784944
1.0735101723350366
420.9439683358773
1.1087859492061183
0.5009956658739539
0.17386681703385803
0.04298368430792056
0.3324146449182781
3.9636483977403514
1.0316059015579246
340.91634027905224
0.5889250194686704
0.3004334692814042
0.3451952867731285
0.04767741894045038
0.392137134170626
4.123665211398485
1.1101379376046552
453.5429768252461
1.4148996773277813
0.627841401167153
0.2846920443261572
0.2288890204089294
0.5338632220866746
3.7657370321853945
1.111867853054723
306.64676821302504
0.568445131190814
0.36930457070863965
0.19765600499282976
0.07271263666803646
0.3365062867353445
6.079844911439783
0.7845423692678417
282.34793493938747
1.092467063005636
0.5260629213279207
0.3190290766964531
0.08802183400706848
0.36919367106155176
5.064302666170946
1.0520999668038193
339.66698152933367
0.6464717441207757
1.57907266422938
0.3427656933468676
0.15017512458837068
0.48266992496431527
5.537809914675881
0.8496236473755627
192.98290577829917
0.8645542499025847
0.7933471505559155
0.3215220447036819
0.03769552455128029
0.634079513615601
4.646032581680295
0.6925654197535734
410.4492762021529
0.8397143360413867
0.8955031705919035
0.4757833439314903
0.6487075333748649
0.6073141130554544
4.735650554850113
0.5191928307558344
372.97339055300756
0.8855666892086258
0.7223410945872267
0.5598932486332231
0.0668103680665525
0.40549214822048407
4.824265554725288
1.0050365002665158
229.90089751103352
0.5727264606418365
0.5792070586872505
0.15684665535664427
0.3453462608803598
0.40257496710112095
4.376149778736914
0.9599919170601885
187.9624661270865
1.305125831975063
0.7417878873462935
0.5395606612389392
0.10293784630168142
0.5124411869719603
5.071425756850156
0.9160515243850959
319.8911444165922
0.979676456925147
0.3961308658402552
0.2444115637688463
0.18643359750250826
0.5438048768350146
3.644952319102141
1.0091540067854274
289.3959039631296
0.887569445196545
0.5449322056159962
0.25264761022198334
0.08820408159003469
0.3501887181306811
