3.1825520647399217 0.0009447976288532839 0.019041716423513957 0.886799321508856
1.9546450861539697 0.0008219965046242349 0.09455020041750392 8.019772367454562
3.1173599898026354 0.00033242954320304003 0.10011692963593737 0.5725808469040277
0.2556057229887064 0.0002615535598541375 0.02033944571342491 52.11802502083179
0.29999000117557867 0.000154627042572701 0.16686572236633096 808.4053962446825
3.6639964038281922 0.0007348184587631624 0.0223217321422165 0.6987855508412274
2.680197087667361 0.000874489382870712 0.05597374483202554 2.3800805142838435
4.998558579431048 0.00018336523543885 0.0007461213784185392 0.8893851637863244
2.7150434836349553 0.0001447218261988147 0.1677044443753097 1.8910441968408023
4.969083254209201 4.1338617735683837e-05 0.02787491733720486 0.7353439829855068
1.3794952511906076 0.001 0.0001 10.622700232347725
5.0 0.001 0.2 0.487901968821341
2.8110808941194243 0.00017889308160198462 0.16045388405088065 0.8135866206983456
2.222122007672925 0.0008004011402257618 0.08735046439543608 5.807859217577111
0.4774874105119513 0.00036118266722742586 0.0001 65.6390959654796
3.71684290430235 0.001 0.2 0.6554555430850569
5.0 0.001 0.12516231091242305 0.6794612694421506
1.3937018185274759 1e-12 0.045206736655590565 12.173731702535013
4.059547776359607 1e-12 0.15230797688244635 0.3373413002539733
2.3939159453388124 1e-12 0.0001 2.220016230594902
3.207219670573923 0.001 0.15477236247869985 1.7180832260529901
4.153194313913574 0.001 0.08382509942280968 0.554383862875955
4.302296953892486 0.001 0.0001 0.3877501911351798
5.0 1e-12 0.16623101668736184 0.3590399541865138
1.9368806892903023 0.001 0.020547903328581803 5.4985354743413914
2.9092943306647143 0.000380363275009589 0.16141275077583458 1.5045617924951304
3.277612672522023 0.001 0.09012592953667348 0.7157461207703012
2.679055880899087 9.73619789366246e-06 0.14142708415801578 3.592794305810017
3.636203966119111 1e-12 0.14089539601167778 0.35559248530837984
3.9594365594695615 1e-12 0.19397248303061512 0.5959463519027063
