0.34079807437515425 0.0006657627119947422 0.11550546974322638 3344.87278882093
0.7605579239848368 0.0002665018677978526 0.11181976797542958 3827.9369734104534
0.5599515313953614 0.0006232909122853765 0.07859891156923651 8841.108208500791
3.8114136146320767 0.00046073779511401425 0.1218184013838471 3.4250066481491546
4.289148404183623 0.0001369765051081253 0.09172275887925412 0.9467489943597406
0.1191770314614217 0.0009096012689555743 0.09409821713038359 3753.0201182099945
2.7680014902063004 0.0002793688391878789 0.13920601891447115 0.9250909209770294
2.8828832871819263 0.0009478732166482361 0.016619422936446866 6.067175371388824
0.3890250195800424 9.540178283238894e-05 0.17879517770415346 2422.093745304007
4.701638562595066 0.000675790704271498 0.016460678947505948 1.447695239547615
3.7184695477783962 0.00012728970165235402 0.0001 1.774121065959089
3.7120248274665713 0.0004904088531614667 0.06585783211962042 3.956545654070104
3.703021750076383 0.0004907717326532166 0.06538250325988336 3.7485762105281175
2.792394981089331 0.00027954849059025035 0.10773216780854197 3.617929689051581
3.809154216117285 0.00012874773043166813 0.012817163704263895 1.3230178261651055
2.9682449341515706 0.0009490533820183704 0.013983441079682017 3.4984098334336444
2.8117818355725777 0.000279585565363038 0.1998424123737593 3.9617842053467625
4.729629852229595 0.0006764540918261323 0.014560079120875587 2.3448609415522474
3.7456675686690364 0.00046571745152769104 0.11245183593570515 1.7813811076436783
3.721901839294165 0.0004866407674063656 0.06692758012295151 1.3444620276172399
3.809158559065272 0.0001276487012231235 0.016272183024129725 2.389509202275659
4.249809407860182 0.00013758906565224143 0.0647081158124145 0.5834379953911971
3.790378587642556 0.0004883818893179873 0.06764008492132093 4.424759054319812
3.662844240650747 0.00046455335685771616 0.11865971069734954 2.481146716743799
0.9329859876501039 0.0007266135851930755 0.1756717590883743 6798.893673799693
4.765034734759277 0.0006755174838504108 0.003969858960999562 2.2034116940642967
3.625973376709369 0.00048674076706165344 0.06532154201803685 5.6915904607136065
2.8106392173882067 0.00027985160543487906 0.0001 2.1355174730133313
4.239007111565811 0.00013765793520864646 0.05337363398000391 1.6172283657222037
3.790628599998449 0.0001299504437891976 0.170609689884167 1.7168499169921612
