1.8574611097597182 0.0002692002595547785 0.005813235658494886 9.887003259955025
2.3691912404581936 0.00047975390258286004 0.04231394720417898 4.741280832956691
4.869745482988162 0.000442913564300039 0.08475716553748551 0.6278378691540625
1.0687471943962095 0.00024851722101452896 0.10931818679941657 26.414076014588606
0.7331220686935457 0.0004419795943187801 0.05530088447152995 81.85236364146571
4.072924649148856 0.00013960141823347224 0.0666602288352834 0.3102941079794229
4.4624435326562475 0.00026636739075067747 0.13167594070989694 0.3315241071048308
0.2761045178138092 0.000769474049360983 0.05026304219216406 178.09617585042182
4.217315673293657 0.0007239210782948532 0.06774962583694132 0.44609227187311146
1.451960936989733 0.0005800332005740724 0.17112142922179488 47.43467318420288
2.8369671295700356 0.0004370217445054574 0.12247168653328375 0.3719287655695777
5.0 1e-12 0.2 0.3024529666782193
1.3999158514703907 1e-12 0.2 62.52577726270229
2.861295871292776 0.000510321993011437 0.11328325332182225 0.3266011955754967
4.970836731276568 1e-12 0.18752230717473373 0.1704091325990691
2.972687603830749 0.0004941248703473889 0.153335642119409 0.5372245546636477
4.947458092662051 2.7246703885998256e-06 0.17715591762032853 0.1716811349762226
1.3882492377629567 0.001 0.00906896478754962 42.360571643631246
3.5570352557916185 0.001 0.0001 0.7824165360845634
3.3415275753732585 1e-12 0.0001 0.19615894145621715
2.0851338978539435 0.001 0.2 12.703290725591305
3.7508692422849035 1e-12 0.2 0.28487458767790486
2.5977928443643097 0.001 0.0001 0.8328079821174307
5.0 0.001 0.0001 1.7439857907863807
3.9061108289169653 0.001 0.0001 2.121042544951271
2.951155061166828 0.0007990398278401622 0.0001 1.8049194457642497
4.610795993548407 0.001 0.2 0.6232644005079397
2.5568009265247773 1e-12 0.2 0.5269139307540136
3.5318777643786046 1e-12 0.2 0.25065347829544576
4.6676521004964 1e-12 0.0001 0.232408259153614
