2.3752345834328126 0.0007669844055666823 0.1684891041049047 12.075216036395044
3.1529989440597785 0.00038869108673575127 0.14518714646497025 6.347468136568078
2.9704405419397726 0.0005400687029616224 0.1555029668675299 2.287046606783514
4.011347610136729 0.0006422955391275113 0.08662989572827252 1.478376581810756
3.6323657925773865 0.0005741075557110316 0.08587222128057642 1.427188539417444
2.3424374658948217 5.436178293561082e-06 0.1946798882518174 8.830774131313301
1.8665619413893433 0.0008723125406987513 0.11131434549064363 60.48561248214547
3.402772903948656 0.0006950456702941237 0.13094355882160746 1.6520527963950773
2.9750226570548657 0.0007714976614041152 0.07338099698809529 2.9100179478314088
2.37243421746269 0.0009838947676043318 0.07466804810350064 4.27422431489771
5.0 0.001 0.2 0.7430166035769921
5.0 1e-12 0.052979906304505275 0.6190770596315329
0.01 1e-12 0.0001 260.3946584144801
2.695511151682699 0.001 0.0001 6.038407644632277
5.0 1e-12 0.2 0.38334595353547957
4.815916336001077 1e-12 0.2 0.5197448042515627
4.81057429189385 1e-12 0.2 0.44381604654594115
3.5187771085676354 0.001 0.1275466355620718 1.8944761958708525
4.828015359659931 1e-12 0.2 0.652528348911917
5.0 1e-12 0.2 0.38062208077479714
5.0 1e-12 0.2 0.49488625733880126
5.0 1e-12 0.0001 0.41000821805907944
2.3321351128098735 0.00025533064487092105 0.0010436302277603557 20.71005797131155
2.6759966048522927 0.0009691740935097756 0.09523886580732017 2.0571672057957837
2.648716987354412 0.0009392186198927201 0.2 0.7259934236666311
4.65984735351436 1e-12 0.2 0.6228320406038645
2.6375872853988054 0.001 0.2 2.080884210892687
2.6835966302367145 0.0008716249246552653 0.1766529320943933 17.02030203297621
5.0 0.001 0.2 2.9249489523556047
4.520083562537176 1e-12 0.2 0.6743937606243712
