hook yball 2 0.09 0.11 -1 -1 0.06468755754171329 0.20133652204411678 -1 -1
hook yball 2 0.09 0.11 -1 -1 0.10318404629432476 0.2228879851767361 -1 -1
hook yball 2 0.09 0.11 -1 -1 0.0630938095939084 0.20605441529889432 -1 -1
hook yball 2 0.09 0.11 -1 -1 0.07157983924680365 0.20532632399459147 -1 -1
hook yball 2 0.09 0.11 -1 -1 0.07838625944513088 0.2019846146043478 -1 -1
hook yball 2 0.09 0.11 -1 -1 0.07438194887354274 0.20136417181994487 -1 -1
hook yball 2 0.09 0.11 -1 -1 0.07906499231073584 0.20341169130939668 -1 -1
hook yball 2 0.09 0.11 -1 -1 0.08516475184410077 0.21531120133311862 -1 -1
hook yball 2 0.09 0.11 -1 -1 0.08492763188826566 0.2084953003418097 -1 -1
hook yball 2 0.09 0.11 -1 -1 0.0688924457124872 0.20305140762838422 -1 -1
hook yball 2 0.09 0.11 -1 -1 0.08283921808046177 0.2076337354761475 -1 -1
hook yball 2 0.09 0.11 -1 -1 0.09231987303660744 0.20504232792811497 -1 -1
hook yball 2 0.09 0.11 -1 -1 0.07552674672047528 0.20782401053638302 -1 -1
hook yball 2 0.09 0.11 -1 -1 0.08446078858845298 0.2104895708947194 -1 -1
hook yball 2 0.09 0.11 -1 -1 0.07616740653934337 0.20958794402966743 -1 -1
hook yball 2 0.09 0.11 -1 -1 0.07347804931049798 0.2135947257633088 -1 -1
hook yball 2 0.09 0.11 -1 -1 0.06856552228653102 0.21790537331366863 -1 -1
hook yball 2 0.09 0.11 -1 -1 0.08470599776397746 0.2033016109110899 -1 -1
hook yball 2 0.09 0.11 -1 -1 0.07312039448287054 0.2058596629546425 -1 -1
hook yball 2 0.09 0.11 -1 -1 0.07463757066609597 0.2007381485422367 -1 -1
hook yball 2 0.09 0.11 -1 -1 0.08193287555894802 0.20255853384937986 -1 -1
hook yball 2 0.09 0.11 -1 -1 0.08333855151824364 0.21432751502607952 -1 -1
hook yball 2 0.09 0.11 -1 -1 0.07789030166694934 0.20626776659178145 -1 -1
hook yball 2 0.09 0.11 -1 -1 0.07378133057761432 0.2008184803273576 -1 -1
hook yball 2 0.09 0.11 -1 -1 0.08142113878333807 0.20271650160484353 -1 -1
hook yball 2 0.09 0.11 -1 -1 0.07916342280993151 0.2082666111245643 -1 -1
hook yball 2 0.09 0.11 -1 -1 0.06982752879983735 0.2184992891300596 -1 -1
hook yball 2 0.09 0.11 -1 -1 0.07698044270318084 0.2042510807487948 -1 -1
hook yball 2 0.09 0.11 -1 -1 0.0786498696727652 0.20534822765104888 -1 -1
hook yball 2 0.09 0.11 -1 -1 0.07381599965429825 0.20896377212964343 -1 -1
hook yball 2 0.09 0.11 -1 -1 0.0637475002524284 0.20106102052125255 -1 -1
hook yball 2 0.09 0.11 -1 -1 0.07731927275072326 0.20673842123249836 -1 -1
hook yball 2 0.09 0.11 -1 -1 0.055771834572192314 0.20147475389339986 -1 -1
hook yball 2 0.09 0.11 -1 -1 0.0798722080513252 0.20240466763012507 -1 -1
hook yball 2 0.09 0.11 -1 -1 0.06562141073802644 0.1991471103029199 -1 -1
hook yball 2 0.09 0.11 -1 -1 0.07602434458416564 0.20444044304434908 -1 -1
hook yball 2 0.09 0.11 -1 -1 0.0618589889318087 0.1996985648573697 -1 -1
hook yball 2 0.09 0.11 -1 -1 0.07004576583080069 0.2063862660423026 -1 -1
hook yball 2 0.09 0.11 -1 -1 0.07500198163103938 0.20583984288168963 -1 -1
hook yball 2 0.09 0.11 -1 -1 0.051567665284821554 0.22546874139555437 -1 -1
hook yball 2 0.09 0.11 -1 -1 0.06297134947621813 0.20375418502383222 -1 -1
hook yball 2 0.09 0.11 -1 -1 0.05893675261874157 0.20659975358784555 -1 -1
hook yball 2 0.09 0.11 -1 -1 0.08232113644174162 0.2089143239384699 -1 -1
hook yball 2 0.09 0.11 -1 -1 0.07837024868235254 0.20203354462245668 -1 -1
hook yball 2 0.09 0.11 -1 -1 0.07234499951714915 0.21789370616836187 -1 -1
hook yball 2 0.09 0.11 -1 -1 0.06751607402542976 0.19934282832117212 -1 -1
hook yball 2 0.09 0.11 -1 -1 0.07683417268192402 0.20230276989056786 -1 -1
hook yball 2 0.09 0.11 -1 -1 0.08280960017245959 0.20264178107429334 -1 -1
hook yball 2 0.09 0.11 -1 -1 0.0751059202783271 0.20295061653804897 -1 -1
hook yball 2 0.09 0.11 -1 -1 0.08135557702155109 0.2078925300351009 -1 -1
