stick ylego 3 0.035 0.03 -1 -1 0.02644329277434045 0.054808334139408145 -1 -1
stick ylego 3 0.035 0.03 -1 -1 0.06947752042116344 0.03478030245291736 -1 -1
stick ylego 3 0.035 0.03 -1 -1 0.04552064880806981 0.028317988813883373 -1 -1
stick ylego 3 0.035 0.03 -1 -1 0.048008026955527146 0.02001808400508749 -1 -1
stick ylego 3 0.035 0.03 -1 -1 0.016878608703102187 0.052600365520598664 -1 -1
stick ylego 3 0.035 0.03 -1 -1 0.04415686417620175 0.03218910506304273 -1 -1
stick ylego 3 0.035 0.03 -1 -1 0.06916379900736797 0.034957139345080115 -1 -1
stick ylego 3 0.035 0.03 -1 -1 0.0476028145436078 0.03484892411831986 -1 -1
stick ylego 3 0.035 0.03 -1 -1 0.04390394825985583 0.019414265462599497 -1 -1
stick ylego 3 0.035 0.03 -1 -1 0.06853232818998392 0.03846313337921568 -1 -1
stick ylego 3 0.035 0.03 -1 -1 0.01968405158447576 0.05106946876658255 -1 -1
stick ylego 3 0.035 0.03 -1 -1 0.05145486942341459 0.028960678979196446 -1 -1
stick ylego 3 0.035 0.03 -1 -1 0.07389133344293915 0.03376726072719058 -1 -1
stick ylego 3 0.035 0.03 -1 -1 0.04916336789803421 0.027957728584470397 -1 -1
stick ylego 3 0.035 0.03 -1 -1 0.04345892459932927 0.004352848867576282 -1 -1
stick ylego 3 0.035 0.03 -1 -1 0.03428117779715378 0.03129179463132712 -1 -1
stick ylego 3 0.035 0.03 -1 -1 0.018966549029364444 0.054972093398926836 -1 -1
stick ylego 3 0.035 0.03 -1 -1 0.038143810755831016 -0.005528329899193749 -1 -1
stick ylego 3 0.035 0.03 -1 -1 0.02917149104679822 0.013008445668775369 -1 -1
stick ylego 3 0.035 0.03 -1 -1 0.05480353754322028 0.02799658173286905 -1 -1
stick ylego 3 0.035 0.03 -1 -1 0.024019752008965514 0.046657733173664284 -1 -1
stick ylego 3 0.035 0.03 -1 -1 0.03421167059517701 0.03280697022330545 -1 -1
stick ylego 3 0.035 0.03 -1 -1 0.048757912724507795 0.021697991093941858 -1 -1
stick ylego 3 0.035 0.03 -1 -1 0.036111400972292824 0.037235159809087585 -1 -1
stick ylego 3 0.035 0.03 -1 -1 0.029671282883943325 0.05768806689868372 -1 -1
stick ylego 3 0.035 0.03 -1 -1 0.032470687940123456 0.052359951556172055 -1 -1
stick ylego 3 0.035 0.03 -1 -1 0.048472853984611375 0.021125479604366816 -1 -1
stick ylego 3 0.035 0.03 -1 -1 0.03599353513893595 0.037768429507090556 -1 -1
stick ylego 3 0.035 0.03 -1 -1 0.05194513378664962 0.03552847200282645 -1 -1
stick ylego 3 0.035 0.03 -1 -1 0.03989490471211493 0.01929598260904625 -1 -1
stick ylego 3 0.035 0.03 -1 -1 0.03323844764513919 0.052030477663529195 -1 -1
stick ylego 3 0.035 0.03 -1 -1 0.11337411540245383 0.031894593243674975 -1 -1
stick ylego 3 0.035 0.03 -1 -1 0.04069922435974298 0.03261015546901675 -1 -1
stick ylego 3 0.035 0.03 -1 -1 0.051518508624836264 0.03359316309950462 -1 -1
stick ylego 3 0.035 0.03 -1 -1 0.05269246270665449 0.031940291872763045 -1 -1
stick ylego 3 0.035 0.03 -1 -1 0.04484304211365631 0.02819788048075404 -1 -1
stick ylego 3 0.035 0.03 -1 -1 0.08263925731935375 0.0321696861341481 -1 -1
stick ylego 3 0.035 0.03 -1 -1 0.043892134416973615 0.026185138530392883 -1 -1
stick ylego 3 0.035 0.03 -1 -1 0.07133223731746569 0.046979196782681885 -1 -1
stick ylego 3 0.035 0.03 -1 -1 0.03927034226437758 0.027706490855138016 -1 -1
