stick ylego 3 0.035 0.03 -1 -1 0.03496531517917132 0.030031947819024962 -1 -1
stick ylego 3 0.035 0.03 -1 -1 0.03492036096773526 0.029954422570074832 -1 -1
stick ylego 3 0.035 0.03 -1 -1 0.04794575890102781 0.02708735623598274 -1 -1
stick ylego 3 0.035 0.03 -1 -1 0.03496639876265121 0.030004431428431608 -1 -1
stick ylego 3 0.035 0.03 -1 -1 0.04194914332997184 0.02980174605483224 -1 -1
stick ylego 3 0.035 0.03 -1 -1 0.054533487312730916 0.029473928460676764 -1 -1
stick ylego 3 0.035 0.03 -1 -1 0.03496493516754077 0.030031903366487207 -1 -1
stick ylego 3 0.035 0.03 -1 -1 0.03495815822408135 0.029986175900473845 -1 -1
stick ylego 3 0.035 0.03 -1 -1 0.09262610785296173 0.034376621870922774 -1 -1
stick ylego 3 0.035 0.03 -1 -1 0.035033311722929866 0.029960601083716773 -1 -1
stick ylego 3 0.035 0.03 -1 -1 0.05286005364062623 0.032333253092803535 -1 -1
stick ylego 3 0.035 0.03 -1 -1 0.04939641305951998 0.030426097164008698 -1 -1
stick ylego 3 0.035 0.03 -1 -1 0.03503468031228887 0.029965728021114055 -1 -1
stick ylego 3 0.035 0.03 -1 -1 0.0575463750706621 0.018254796468090542 -1 -1
stick ylego 3 0.035 0.03 -1 -1 0.05345761434696436 0.02183270817331997 -1 -1
stick ylego 3 0.035 0.03 -1 -1 0.05063892731204306 0.029698626974550956 -1 -1
stick ylego 3 0.035 0.03 -1 -1 0.035035617133796625 0.029967299591638834 -1 -1
stick ylego 3 0.035 0.03 -1 -1 0.034965917625611596 0.03000209510470243 -1 -1
stick ylego 3 0.035 0.03 -1 -1 0.039807254698559336 0.03383348515236109 -1 -1
stick ylego 3 0.035 0.03 -1 -1 0.045947411860943164 0.025279763146148725 -1 -1
stick ylego 3 0.035 0.03 -1 -1 0.03499699742089301 0.029956851515710536 -1 -1
stick ylego 3 0.035 0.03 -1 -1 0.05436230268056665 0.016332269530759745 -1 -1
stick ylego 3 0.035 0.03 -1 -1 0.035084644719172706 0.03011391836612529 -1 -1
stick ylego 3 0.035 0.03 -1 -1 0.01331714351934327 0.04168675542391066 -1 -1
stick ylego 3 0.035 0.03 -1 -1 0.052898948075930735 0.032332712232939154 -1 -1
stick ylego 3 0.035 0.03 -1 -1 0.042350170908114354 0.031566457656127624 -1 -1
stick ylego 3 0.035 0.03 -1 -1 0.03495954208510219 0.02998728477876971 -1 -1
stick ylego 3 0.035 0.03 -1 -1 0.05730336647760729 0.025005682770270633 -1 -1
stick ylego 3 0.035 0.03 -1 -1 0.04576589922858068 0.025900809982443228 -1 -1
stick ylego 3 0.035 0.03 -1 -1 0.05724957645137788 0.03003836183770488 -1 -1
stick ylego 3 0.035 0.03 -1 -1 0.045363216341227225 0.027845671237896975 -1 -1
stick ylego 3 0.035 0.03 -1 -1 0.05104050152495769 0.028676748448512014 -1 -1
stick ylego 3 0.035 0.03 -1 -1 0.09410792343767567 0.0358633116742048 -1 -1
stick ylego 3 0.035 0.03 -1 -1 0.08396990840823701 0.031836461705187356 -1 -1
stick ylego 3 0.035 0.03 -1 -1 0.03503433444783211 0.029965288866578628 -1 -1
stick ylego 3 0.035 0.03 -1 -1 0.051391803127525414 0.02901471923352077 -1 -1
stick ylego 3 0.035 0.03 -1 -1 0.046036889060794645 0.02609839621063579 -1 -1
stick ylego 3 0.035 0.03 -1 -1 0.04207244265297662 0.02892468821318185 -1 -1
stick ylego 3 0.035 0.03 -1 -1 0.0387122404451926 0.03241468549250982 -1 -1
stick ylego 3 0.035 0.03 -1 -1 0.04555815170646231 0.02594566158091298 -1 -1
