stick ylego 3 0.035 0.03 -1 -1 0.04009417699483035 0.03936090535281612 -1 -1
stick ylego 3 0.035 0.03 -1 -1 0.1305553600194423 0.029897223807927836 -1 -1
stick ylego 3 0.035 0.03 -1 -1 0.1312740165444677 0.029751260362779607 -1 -1
stick ylego 3 0.035 0.03 -1 -1 0.03990349629872768 0.03948877372191853 -1 -1
stick ylego 3 0.035 0.03 -1 -1 0.13343915909950893 0.030023531171939094 -1 -1
stick ylego 3 0.035 0.03 -1 -1 0.13169161019253883 0.02984385720400045 -1 -1
stick ylego 3 0.035 0.03 -1 -1 0.1362459033156077 0.03013810796043781 -1 -1
stick ylego 3 0.035 0.03 -1 -1 0.12369692755889881 0.03832179564420769 -1 -1
stick ylego 3 0.035 0.03 -1 -1 0.1314159642118649 0.02979508238177227 -1 -1
stick ylego 3 0.035 0.03 -1 -1 0.13583447821799066 0.030156141217585804 -1 -1
stick ylego 3 0.035 0.03 -1 -1 0.02754624094158581 -0.002017191783166753 -1 -1
stick ylego 3 0.035 0.03 -1 -1 0.13169821146170832 0.029849916311549447 -1 -1
stick ylego 3 0.035 0.03 -1 -1 0.13046691744872638 0.029942094090979858 -1 -1
stick ylego 3 0.035 0.03 -1 -1 0.040463871942678586 0.03670623668799236 -1 -1
stick ylego 3 0.035 0.03 -1 -1 0.1311495145379782 0.029900696417434886 -1 -1
stick ylego 3 0.035 0.03 -1 -1 0.058578005897419835 0.02739851079412489 -1 -1
stick ylego 3 0.035 0.03 -1 -1 0.13931514948095694 0.029825796393822848 -1 -1
stick ylego 3 0.035 0.03 -1 -1 0.13876979667411596 0.030027040715163558 -1 -1
stick ylego 3 0.035 0.03 -1 -1 0.13752012753647674 0.03042532887882781 -1 -1
stick ylego 3 0.035 0.03 -1 -1 0.026700167756713893 -0.0025089983860869768 -1 -1
stick ylego 3 0.035 0.03 -1 -1 0.1333994307188761 0.029994939146551245 -1 -1
stick ylego 3 0.035 0.03 -1 -1 0.1273726265751044 0.03973061460461902 -1 -1
stick ylego 3 0.035 0.03 -1 -1 0.03855459930590061 0.035127183397846005 -1 -1
stick ylego 3 0.035 0.03 -1 -1 0.13052720385733815 0.02991132211657212 -1 -1
stick ylego 3 0.035 0.03 -1 -1 0.13160583553584948 0.029823449877550885 -1 -1
stick ylego 3 0.035 0.03 -1 -1 0.1388370402120597 0.029908778454769188 -1 -1
stick ylego 3 0.035 0.03 -1 -1 0.1308403423490123 0.029761123373624396 -1 -1
stick ylego 3 0.035 0.03 -1 -1 0.039836748750310055 0.038841434640165005 -1 -1
stick ylego 3 0.035 0.03 -1 -1 0.1305915541955125 0.029877995884982154 -1 -1
stick ylego 3 0.035 0.03 -1 -1 0.1373507067310409 0.030344085983797318 -1 -1
stick ylego 3 0.035 0.03 -1 -1 0.13488467733998927 0.030156933162620747 -1 -1
stick ylego 3 0.035 0.03 -1 -1 0.039748873891251695 0.03867093788296051 -1 -1
stick ylego 3 0.035 0.03 -1 -1 0.039909276713843665 0.03820402836046122 -1 -1
stick ylego 3 0.035 0.03 -1 -1 0.13141229480002933 0.02979447636710133 -1 -1
stick ylego 3 0.035 0.03 -1 -1 0.039737819760472526 0.039543587315153596 -1 -1
stick ylego 3 0.035 0.03 -1 -1 0.1354633066175717 0.030164496072414646 -1 -1
stick ylego 3 0.035 0.03 -1 -1 0.015023379879170658 -0.0059146926388444305 -1 -1
stick ylego 3 0.035 0.03 -1 -1 0.13149469738362765 0.029946545291025608 -1 -1
stick ylego 3 0.035 0.03 -1 -1 0.13570719691925623 0.030159907726395225 -1 -1
stick ylego 3 0.035 0.03 -1 -1 0.131238075910796 0.030254423715464784 -1 -1
stick ylego 3 0.035 0.03 -1 -1 0.1433496542619783 0.03289603251881888 -1 -1
stick ylego 3 0.035 0.03 -1 -1 0.13362637823273651 0.03005674707650825 -1 -1
stick ylego 3 0.035 0.03 -1 -1 0.040309791084504575 0.03959575125385096 -1 -1
stick ylego 3 0.035 0.03 -1 -1 0.147229925675126 0.031899149578015415 -1 -1
stick ylego 3 0.035 0.03 -1 -1 0.040765076242105965 0.039064037695253365 -1 -1
stick ylego 3 0.035 0.03 -1 -1 0.04066501439072343 0.03643288608187983 -1 -1
stick ylego 3 0.035 0.03 -1 -1 0.13357455648563152 0.030048548922324406 -1 -1
stick ylego 3 0.035 0.03 -1 -1 0.13391280743960454 0.03009362629854012 -1 -1
stick ylego 3 0.035 0.03 -1 -1 0.10814826279592864 0.04068829248228065 -1 -1
stick ylego 3 0.035 0.03 -1 -1 0.1305584806838226 0.029895648731527686 -1 -1
stick ylego 3 0.035 0.03 -1 -1 0.13390844766659518 0.03876288768182071 -1 -1
stick ylego 3 0.035 0.03 -1 -1 0.1355492550102197 0.03016405051555844 -1 -1
stick ylego 3 0.035 0.03 -1 -1 0.0388743453072636 0.04031988524277576 -1 -1
stick ylego 3 0.035 0.03 -1 -1 0.13747947019423037 0.030432744688280874 -1 -1
stick ylego 3 0.035 0.03 -1 -1 0.13430052009281235 0.030128002879140355 -1 -1
stick ylego 3 0.035 0.03 -1 -1 0.13057739359572695 0.029885868062633016 -1 -1
stick ylego 3 0.035 0.03 -1 -1 0.039544819293694994 0.039386625063263674 -1 -1
stick ylego 3 0.035 0.03 -1 -1 0.13701594641832093 0.030081901988808273 -1 -1
stick ylego 3 0.035 0.03 -1 -1 0.05945920291841091 0.02557756633743515 -1 -1
stick ylego 3 0.035 0.03 -1 -1 0.13771361793456266 0.03038880436335488 -1 -1
