stick ylego 3 0.035 0.03 -1 -1 0.07519004265094562 0.01947533799393844 -1 -1
stick ylego 3 0.035 0.03 -1 -1 0.05260035511584361 0.018181396180347056 -1 -1
stick ylego 3 0.035 0.03 -1 -1 0.054427898069466615 0.01720740962592438 -1 -1
stick ylego 3 0.035 0.03 -1 -1 0.05437805360942104 0.024040777918516727 -1 -1
stick ylego 3 0.035 0.03 -1 -1 0.035483422606542595 0.016737115241444844 -1 -1
stick ylego 3 0.035 0.03 -1 -1 0.03539252152053439 0.016718019549485603 -1 -1
stick ylego 3 0.035 0.03 -1 -1 0.051885246377097384 0.02335898166986363 -1 -1
stick ylego 3 0.035 0.03 -1 -1 0.05266901931331944 0.013983308670648342 -1 -1
stick ylego 3 0.035 0.03 -1 -1 0.03524281604008555 0.014405125268832402 -1 -1
stick ylego 3 0.035 0.03 -1 -1 0.055352993765226934 0.018126895528273283 -1 -1
stick ylego 3 0.035 0.03 -1 -1 0.052132100729733497 0.019001658308407127 -1 -1
stick ylego 3 0.035 0.03 -1 -1 0.05679884029686024 0.016563791241431494 -1 -1
stick ylego 3 0.035 0.03 -1 -1 0.04848696621344788 0.012925743038525667 -1 -1
stick ylego 3 0.035 0.03 -1 -1 0.07450381845153684 0.021298019542199998 -1 -1
stick ylego 3 0.035 0.03 -1 -1 0.05808830687926922 0.018789758337907705 -1 -1
stick ylego 3 0.035 0.03 -1 -1 0.058692017117931976 0.013316856438644931 -1 -1
stick ylego 3 0.035 0.03 -1 -1 0.05359097891241557 0.01604345640512428 -1 -1
stick ylego 3 0.035 0.03 -1 -1 0.03664169535331092 0.015605877673068242 -1 -1
stick ylego 3 0.035 0.03 -1 -1 0.05305876945910344 0.01744644982212619 -1 -1
stick ylego 3 0.035 0.03 -1 -1 0.06640766133040897 0.024826919988903486 -1 -1
stick ylego 3 0.035 0.03 -1 -1 0.057096510434867846 0.01945528971584031 -1 -1
stick ylego 3 0.035 0.03 -1 -1 0.05240389064598809 0.0132071377717052 -1 -1
stick ylego 3 0.035 0.03 -1 -1 0.051744407943362374 0.015184832316950947 -1 -1
stick ylego 3 0.035 0.03 -1 -1 0.03420159294194031 0.014366722150983204 -1 -1
stick ylego 3 0.035 0.03 -1 -1 0.03602085238760233 0.016684678173579475 -1 -1
stick ylego 3 0.035 0.03 -1 -1 0.055498551820984406 0.014171860533592321 -1 -1
stick ylego 3 0.035 0.03 -1 -1 0.05534746337587047 0.016148958739900302 -1 -1
stick ylego 3 0.035 0.03 -1 -1 0.05366532524531856 0.018611404925622247 -1 -1
stick ylego 3 0.035 0.03 -1 -1 0.05231721209221488 0.016783130279340946 -1 -1
stick ylego 3 0.035 0.03 -1 -1 0.034590532100323514 0.014243511759476447 -1 -1
stick ylego 3 0.035 0.03 -1 -1 0.058179007698660315 0.0164098531693175 -1 -1
stick ylego 3 0.035 0.03 -1 -1 0.034027284802680996 0.017402225604314456 -1 -1
stick ylego 3 0.035 0.03 -1 -1 0.05561943376090911 0.018615220919168333 -1 -1
stick ylego 3 0.035 0.03 -1 -1 0.05945509960167569 0.027169509338342026 -1 -1
stick ylego 3 0.035 0.03 -1 -1 0.05554237067229512 0.015146960242759216 -1 -1
stick ylego 3 0.035 0.03 -1 -1 0.0740468935027725 0.021277585684235555 -1 -1
stick ylego 3 0.035 0.03 -1 -1 0.05411690744651214 0.017530072840755615 -1 -1
stick ylego 3 0.035 0.03 -1 -1 0.036270525909978375 0.014939048456700344 -1 -1
stick ylego 3 0.035 0.03 -1 -1 0.05709362363892315 0.01660502923487562 -1 -1
stick ylego 3 0.035 0.03 -1 -1 0.07377286842450595 0.02129803086215608 -1 -1
