stick ylego 3 0.035 0.03 -1 -1 0.053748034335303715 0.030111022357579387 -1 -1
stick ylego 3 0.035 0.03 -1 -1 0.03483490679843531 0.016064730730119485 -1 -1
stick ylego 3 0.035 0.03 -1 -1 0.05348018725108233 0.030919132449505986 -1 -1
stick ylego 3 0.035 0.03 -1 -1 0.06668256041774082 0.017863628883376212 -1 -1
stick ylego 3 0.035 0.03 -1 -1 0.014141241170623256 0.031203816676303207 -1 -1
stick ylego 3 0.035 0.03 -1 -1 0.0658513357922252 0.03937115325543545 -1 -1
stick ylego 3 0.035 0.03 -1 -1 0.04597274473835086 0.02556871165823305 -1 -1
stick ylego 3 0.035 0.03 -1 -1 0.04703835137484594 0.031121983248445204 -1 -1
stick ylego 3 0.035 0.03 -1 -1 0.06742969180711668 0.038938175357195286 -1 -1
stick ylego 3 0.035 0.03 -1 -1 0.04000718502066181 0.031558353526169806 -1 -1
stick ylego 3 0.035 0.03 -1 -1 0.0937696032183658 0.034070083755717046 -1 -1
stick ylego 3 0.035 0.03 -1 -1 0.05001548943330864 0.031543006696002795 -1 -1
stick ylego 3 0.035 0.03 -1 -1 0.04042264385233692 0.031091546832408133 -1 -1
stick ylego 3 0.035 0.03 -1 -1 0.04499578109251257 0.03450986794466949 -1 -1
stick ylego 3 0.035 0.03 -1 -1 0.044031675687078706 0.029540063478526456 -1 -1
stick ylego 3 0.035 0.03 -1 -1 0.05375208522948165 0.01710884115490276 -1 -1
stick ylego 3 0.035 0.03 -1 -1 0.021098447408880987 0.030345959018774973 -1 -1
stick ylego 3 0.035 0.03 -1 -1 0.03718279499284597 0.030232006677631165 -1 -1
stick ylego 3 0.035 0.03 -1 -1 0.0650729870250103 0.03861596407420477 -1 -1
stick ylego 3 0.035 0.03 -1 -1 0.042233622200910384 0.024802346774364645 -1 -1
stick ylego 3 0.035 0.03 -1 -1 0.03645195990288091 0.015872547787052816 -1 -1
stick ylego 3 0.035 0.03 -1 -1 0.05729140422752651 0.030312918931013632 -1 -1
stick ylego 3 0.035 0.03 -1 -1 0.04608704315274069 0.03120304192982664 -1 -1
stick ylego 3 0.035 0.03 -1 -1 0.045977006251218054 0.025853024875453098 -1 -1
stick ylego 3 0.035 0.03 -1 -1 0.04867235011510672 0.033391468543498844 -1 -1
stick ylego 3 0.035 0.03 -1 -1 0.08902443383508801 0.007832071405253339 -1 -1
stick ylego 3 0.035 0.03 -1 -1 0.031471083869972195 0.013799993569809293 -1 -1
stick ylego 3 0.035 0.03 -1 -1 0.05501629589255304 0.01887805942165597 -1 -1
stick ylego 3 0.035 0.03 -1 -1 0.04653410560859056 0.025557095167954194 -1 -1
stick ylego 3 0.035 0.03 -1 -1 0.09176501803437707 0.013316886437575864 -1 -1
stick ylego 3 0.035 0.03 -1 -1 0.04655695952877176 0.023430801525328906 -1 -1
stick ylego 3 0.035 0.03 -1 -1 0.04301071030577352 0.023944941735898853 -1 -1
stick ylego 3 0.035 0.03 -1 -1 0.03500401793422641 0.02900384197342611 -1 -1
stick ylego 3 0.035 0.03 -1 -1 0.06645395209238836 0.04185501681049656 -1 -1
stick ylego 3 0.035 0.03 -1 -1 0.057193505005273836 0.016156145124032663 -1 -1
stick ylego 3 0.035 0.03 -1 -1 0.07653810610653121 0.026288949413040247 -1 -1
stick ylego 3 0.035 0.03 -1 -1 0.05474496020753954 0.019134380916282563 -1 -1
stick ylego 3 0.035 0.03 -1 -1 0.053646051649590125 0.03004282486657365 -1 -1
stick ylego 3 0.035 0.03 -1 -1 0.07537160339999976 0.025025371518161525 -1 -1
stick ylego 3 0.035 0.03 -1 -1 0.07072090598237069 0.02679100365090079 -1 -1
