stick ylego 3 0.035 0.03 -1 -1 0.1304780634499523 0.029935941356422028 -1 -1
stick ylego 3 0.035 0.03 -1 -1 0.13218406995572698 0.03035830339484145 -1 -1
stick ylego 3 0.035 0.03 -1 -1 0.03929550665419388 0.03950228845904374 -1 -1
stick ylego 3 0.035 0.03 -1 -1 0.138827335065673 0.029886871829431474 -1 -1
stick ylego 3 0.035 0.03 -1 -1 0.04419942403260782 0.034023184292877005 -1 -1
stick ylego 3 0.035 0.03 -1 -1 0.04318249662234688 0.03868633202956373 -1 -1
stick ylego 3 0.035 0.03 -1 -1 0.13426581635475696 0.03012548987076414 -1 -1
stick ylego 3 0.035 0.03 -1 -1 0.03495438896509294 0.029972494350235232 -1 -1
stick ylego 3 0.035 0.03 -1 -1 0.13103030361902282 0.030196275791060073 -1 -1
stick ylego 3 0.035 0.03 -1 -1 0.13710794371610346 0.030497815839825724 -1 -1
stick ylego 3 0.035 0.03 -1 -1 0.13534870659181988 0.030164448472813687 -1 -1
stick ylego 3 0.035 0.03 -1 -1 0.13898403792906378 0.029974098288709658 -1 -1
stick ylego 3 0.035 0.03 -1 -1 0.039350435653064876 0.04015368820737756 -1 -1
stick ylego 3 0.035 0.03 -1 -1 0.1481462237236882 0.030883117258275684 -1 -1
stick ylego 3 0.035 0.03 -1 -1 0.1370340238094825 0.03052454685892796 -1 -1
stick ylego 3 0.035 0.03 -1 -1 0.10648763880797203 0.029385565076608576 -1 -1
stick ylego 3 0.035 0.03 -1 -1 0.03934611205054924 0.04014322382938243 -1 -1
stick ylego 3 0.035 0.03 -1 -1 0.1372234633604655 0.030478181050050082 -1 -1
stick ylego 3 0.035 0.03 -1 -1 0.1356935937506357 0.0301602662553711 -1 -1
stick ylego 3 0.035 0.03 -1 -1 0.03964459813156822 0.03915316104396468 -1 -1
