stick ylego 3 0.035 0.03 -1 -1 0.05951234364499159 0.017553341887637134 -1 -1
stick ylego 3 0.035 0.03 -1 -1 0.0554563846620905 0.01925731978245139 -1 -1
stick ylego 3 0.035 0.03 -1 -1 0.05454015894405766 0.01996705662289933 -1 -1
stick ylego 3 0.035 0.03 -1 -1 0.05338514635130403 0.01659947434452548 -1 -1
stick ylego 3 0.035 0.03 -1 -1 0.05963036937321523 0.02740001111827611 -1 -1
stick ylego 3 0.035 0.03 -1 -1 0.06028015411911019 0.027762930922368933 -1 -1
stick ylego 3 0.035 0.03 -1 -1 0.05281372700953581 0.01471300310109489 -1 -1
stick ylego 3 0.035 0.03 -1 -1 0.05471388417178615 0.019307543308499788 -1 -1
stick ylego 3 0.035 0.03 -1 -1 0.0521232860148506 0.0184700948796957 -1 -1
stick ylego 3 0.035 0.03 -1 -1 0.054138990917813656 0.013877388328584893 -1 -1
stick ylego 3 0.035 0.03 -1 -1 0.0565888189300514 0.019564389456176518 -1 -1
stick ylego 3 0.035 0.03 -1 -1 0.061518399554685396 0.01672516279089926 -1 -1
stick ylego 3 0.035 0.03 -1 -1 0.05578865067634964 0.0159310646928161 -1 -1
stick ylego 3 0.035 0.03 -1 -1 0.05319776975773264 0.013976154050888397 -1 -1
stick ylego 3 0.035 0.03 -1 -1 0.05391745530547527 0.014816142180728091 -1 -1
stick ylego 3 0.035 0.03 -1 -1 0.05450878686361733 0.018919409288845532 -1 -1
stick ylego 3 0.035 0.03 -1 -1 0.05194397035221526 0.019165834255863923 -1 -1
stick ylego 3 0.035 0.03 -1 -1 0.05518134690106243 0.019043274695636693 -1 -1
stick ylego 3 0.035 0.03 -1 -1 0.05470775066988412 0.014273652378492664 -1 -1
stick ylego 3 0.035 0.03 -1 -1 0.05315322124145555 0.01664357043851209 -1 -1
stick ylego 3 0.035 0.03 -1 -1 0.05377141386247181 0.019751122342998022 -1 -1
stick ylego 3 0.035 0.03 -1 -1 0.053699856297454544 0.013517728430696395 -1 -1
stick ylego 3 0.035 0.03 -1 -1 0.05428045373522083 0.01990463983391938 -1 -1
stick ylego 3 0.035 0.03 -1 -1 0.05264692366770945 0.019463448900431328 -1 -1
stick ylego 3 0.035 0.03 -1 -1 0.05290235208194444 0.013623668897387007 -1 -1
stick ylego 3 0.035 0.03 -1 -1 0.06162609717908197 0.01735265214477001 -1 -1
stick ylego 3 0.035 0.03 -1 -1 0.05413235457074943 0.015514608370414348 -1 -1
stick ylego 3 0.035 0.03 -1 -1 0.05657538464192792 0.019186164090841035 -1 -1
stick ylego 3 0.035 0.03 -1 -1 0.05157049712114323 0.015988554710122994 -1 -1
stick ylego 3 0.035 0.03 -1 -1 0.03520581926782265 0.016843165081894547 -1 -1
stick ylego 3 0.035 0.03 -1 -1 0.05163913109829446 0.012618569155901916 -1 -1
stick ylego 3 0.035 0.03 -1 -1 0.053811639326046004 0.020048483262246355 -1 -1
stick ylego 3 0.035 0.03 -1 -1 0.05347686926337113 0.017734355615382176 -1 -1
stick ylego 3 0.035 0.03 -1 -1 0.06213081521829924 0.01784598501759542 -1 -1
stick ylego 3 0.035 0.03 -1 -1 0.054273918493973804 0.01826580136391659 -1 -1
stick ylego 3 0.035 0.03 -1 -1 0.05509132699933434 0.019547309373486914 -1 -1
stick ylego 3 0.035 0.03 -1 -1 0.06368340914063975 0.029136366810525286 -1 -1
stick ylego 3 0.035 0.03 -1 -1 0.05504237740931647 0.019453738491460093 -1 -1
stick ylego 3 0.035 0.03 -1 -1 0.05904194090436505 0.02710432972198492 -1 -1
stick ylego 3 0.035 0.03 -1 -1 0.05302033174557885 0.01918093286097232 -1 -1
