stick ylego 3 0.035 0.03 -1 -1 0.0356255683772782 0.032505784170828146 -1 -1 0 0 0 
stick ylego 3 0.035 0.03 -1 -1 0.03563438575895311 0.03209373263784363 -1 -1 0 0 0.08726646259971647 
stick ylego 3 0.035 0.03 -1 -1 0.035619011364100894 0.03191779114513636 -1 -1 0 0 0.5235987755982988 
stick ylego 3 0.035 0.03 -1 -1 0.03592981209317995 0.03300774665279033 -1 -1 0 0 1.5707963267948966 
stick ylego 3 0.035 0.03 -1 -1 0.03538016245367121 0.03120667332653052 -1 -1 0 0.08726646259971647 0.08726646259971647 
stick ylego 3 0.035 0.03 -1 -1 0.03539262508762051 0.031326105872062616 -1 -1 0 0.08726646259971647 0.5235987755982988 
stick ylego 3 0.035 0.03 -1 -1 0.034811285546335995 0.03309426466863608 -1 -1 0 0.08726646259971647 1.5707963267948966 
stick ylego 3 0.035 0.03 -1 -1 0.03481960192707715 0.03165478924265926 -1 -1 0 0.5235987755982988 0.5235987755982988 
stick ylego 3 0.035 0.03 -1 -1 0.035208257934203936 0.03305620955915375 -1 -1 0 0.5235987755982988 1.5707963267948966 
stick ylego 3 0.035 0.03 -1 -1 0.03575432082188803 0.03288092905126006 -1 -1 0 1.5707963267948966 1.5707963267948966 
stick ylego 3 0.035 0.03 -1 -1 0.035316601620305324 0.031321879306277174 -1 -1 0.08726646259971647 0.08726646259971647 0.08726646259971647 
stick ylego 3 0.035 0.03 -1 -1 0.03550522879330275 0.03203578193761435 -1 -1 0.08726646259971647 0.08726646259971647 0.5235987755982988 
stick ylego 3 0.035 0.03 -1 -1 0.0359328150834953 0.033005135816528156 -1 -1 0.08726646259971647 0.08726646259971647 1.5707963267948966 
stick ylego 3 0.035 0.03 -1 -1 0.035551394223825125 0.03220102898054254 -1 -1 0.08726646259971647 0.5235987755982988 0.5235987755982988 
stick ylego 3 0.035 0.03 -1 -1 0.03503179099270043 0.03330715496111684 -1 -1 0.08726646259971647 0.5235987755982988 1.5707963267948966 
stick ylego 3 0.035 0.03 -1 -1 0.035658237408404216 0.03293152842020491 -1 -1 0.08726646259971647 1.5707963267948966 1.5707963267948966 
stick ylego 3 0.035 0.03 -1 -1 0.035607920031511225 0.03203706879797705 -1 -1 0.5235987755982988 0.5235987755982988 0.5235987755982988 
stick ylego 3 0.035 0.03 -1 -1 0.03705939213297035 0.03790112361288315 -1 -1 0.5235987755982988 0.5235987755982988 1.5707963267948966 
stick ylego 3 0.035 0.03 -1 -1 0.035029489314339315 0.03314386219443166 -1 -1 0.5235987755982988 1.5707963267948966 1.5707963267948966 
stick ylego 3 0.035 0.03 -1 -1 0.0346434629732337 0.033167715012588105 -1 -1 1.5707963267948966 1.5707963267948966 1.5707963267948966 
