stick ylego 3 0.035 0.03 -1 -1 0.055942229768202144 0.02725939125965216 -1 -1
stick ylego 3 0.035 0.03 -1 -1 0.029795443090892687 0.013728781678106844 -1 -1
stick ylego 3 0.035 0.03 -1 -1 0.04075556692423304 0.03135998289169329 -1 -1
stick ylego 3 0.035 0.03 -1 -1 0.04486655493209357 0.028807105850542112 -1 -1
stick ylego 3 0.035 0.03 -1 -1 0.04903826119924839 0.03176470642717746 -1 -1
stick ylego 3 0.035 0.03 -1 -1 0.05670688736748354 0.029106836839366493 -1 -1
stick ylego 3 0.035 0.03 -1 -1 0.05194696165000967 0.03247926416588114 -1 -1
stick ylego 3 0.035 0.03 -1 -1 0.05452626717401854 0.026942063008141982 -1 -1
stick ylego 3 0.035 0.03 -1 -1 0.0399074589182688 0.031199961976762985 -1 -1
stick ylego 3 0.035 0.03 -1 -1 0.034582604937568574 0.009310045380396955 -1 -1
stick ylego 3 0.035 0.03 -1 -1 0.04776081637495765 0.019495924507637437 -1 -1
stick ylego 3 0.035 0.03 -1 -1 0.038520350413046835 0.006981734516968171 -1 -1
stick ylego 3 0.035 0.03 -1 -1 0.04054207852180834 0.03195265311180297 -1 -1
stick ylego 3 0.035 0.03 -1 -1 0.056157638172529625 0.02883894369503445 -1 -1
stick ylego 3 0.035 0.03 -1 -1 0.049001911336326 0.03272050326263017 -1 -1
stick ylego 3 0.035 0.03 -1 -1 0.03550031070674453 0.013488884214668807 -1 -1
stick ylego 3 0.035 0.03 -1 -1 0.042294090384483465 0.031594979487681085 -1 -1
stick ylego 3 0.035 0.03 -1 -1 0.044915241498535374 0.026163878533007338 -1 -1
stick ylego 3 0.035 0.03 -1 -1 0.046930722445089786 0.02963074715524057 -1 -1
stick ylego 3 0.035 0.03 -1 -1 0.028948094809762782 0.0121372891048109 -1 -1
stick ylego 3 0.035 0.03 -1 -1 0.04280227375287752 0.06172368506745163 -1 -1
stick ylego 3 0.035 0.03 -1 -1 0.03311039381380193 0.008588425724200965 -1 -1
stick ylego 3 0.035 0.03 -1 -1 0.03330738593155839 0.010536346627711777 -1 -1
stick ylego 3 0.035 0.03 -1 -1 0.03492233970982124 0.010205831116981083 -1 -1
stick ylego 3 0.035 0.03 -1 -1 0.033230132165453286 0.010987403222937201 -1 -1
stick ylego 3 0.035 0.03 -1 -1 0.05617077843187514 0.028412983647559828 -1 -1
stick ylego 3 0.035 0.03 -1 -1 0.05574901419902703 0.019476799102612883 -1 -1
stick ylego 3 0.035 0.03 -1 -1 0.05545023504918234 0.028642656922202258 -1 -1
stick ylego 3 0.035 0.03 -1 -1 0.04405968014551887 0.06109048323933244 -1 -1
stick ylego 3 0.035 0.03 -1 -1 0.036556115978345405 0.0375539950885673 -1 -1
stick ylego 3 0.035 0.03 -1 -1 0.05085660045292792 0.018784368204640873 -1 -1
stick ylego 3 0.035 0.03 -1 -1 0.03363596739036246 0.010103966949854836 -1 -1
stick ylego 3 0.035 0.03 -1 -1 0.03388327006077208 0.006145349097232882 -1 -1
stick ylego 3 0.035 0.03 -1 -1 0.04319467946800763 0.06404954494474761 -1 -1
stick ylego 3 0.035 0.03 -1 -1 0.03625297747261008 0.03771847591551213 -1 -1
stick ylego 3 0.035 0.03 -1 -1 0.03305712673533445 0.01065424117436156 -1 -1
stick ylego 3 0.035 0.03 -1 -1 0.02937882431607974 0.0138984052788554 -1 -1
stick ylego 3 0.035 0.03 -1 -1 0.04031354030360471 0.03177143795545198 -1 -1
stick ylego 3 0.035 0.03 -1 -1 0.08753681323169953 0.026076587930918074 -1 -1
stick ylego 3 0.035 0.03 -1 -1 0.04950969756857377 0.03156157559311699 -1 -1
