stick ylego 3 0.035 0.03 -1 -1 0.041661207017397825 0.038764431443041154 -1 -1
stick ylego 3 0.035 0.03 -1 -1 0.039562740271401164 0.03621941926098321 -1 -1
stick ylego 3 0.035 0.03 -1 -1 0.13090119226050823 0.02986292696276995 -1 -1
stick ylego 3 0.035 0.03 -1 -1 0.03925654428074842 0.03979173736039774 -1 -1
stick ylego 3 0.035 0.03 -1 -1 0.133435611863921 0.03002277800923291 -1 -1
stick ylego 3 0.035 0.03 -1 -1 0.13738258314766372 0.030337976704725152 -1 -1
stick ylego 3 0.035 0.03 -1 -1 0.14809138074461775 0.030874937645767393 -1 -1
stick ylego 3 0.035 0.03 -1 -1 0.03948412146337046 0.040050581854218406 -1 -1
stick ylego 3 0.035 0.03 -1 -1 0.13377558552558044 0.030077573233921 -1 -1
stick ylego 3 0.035 0.03 -1 -1 0.13053192823963436 0.029908946130938252 -1 -1
stick ylego 3 0.035 0.03 -1 -1 0.1387601661575443 0.030029427378356306 -1 -1
stick ylego 3 0.035 0.03 -1 -1 0.13067460635955924 0.03008338636558054 -1 -1
stick ylego 3 0.035 0.03 -1 -1 0.12273769541256267 0.03658340841610399 -1 -1
stick ylego 3 0.035 0.03 -1 -1 0.13054058340689798 0.029904619532760586 -1 -1
stick ylego 3 0.035 0.03 -1 -1 0.13749022798257096 0.030316973483922954 -1 -1
stick ylego 3 0.035 0.03 -1 -1 0.03961902052155946 0.03615711237563949 -1 -1
stick ylego 3 0.035 0.03 -1 -1 0.041695277721735646 0.03933203714360592 -1 -1
stick ylego 3 0.035 0.03 -1 -1 0.03807602589598466 0.03437640297341907 -1 -1
stick ylego 3 0.035 0.03 -1 -1 0.1314120572888067 0.029794436592946706 -1 -1
stick ylego 3 0.035 0.03 -1 -1 0.12380225775287751 0.0323302041805802 -1 -1
stick ylego 3 0.035 0.03 -1 -1 0.10609435424775789 0.028280404784863412 -1 -1
stick ylego 3 0.035 0.03 -1 -1 0.03784336757901235 0.0324131017223111 -1 -1
stick ylego 3 0.035 0.03 -1 -1 0.13761773474225475 0.0304071046285975 -1 -1
stick ylego 3 0.035 0.03 -1 -1 0.03816000543347007 0.03224881823707623 -1 -1
stick ylego 3 0.035 0.03 -1 -1 0.1334959389455066 0.030034791448414047 -1 -1
stick ylego 3 0.035 0.03 -1 -1 0.13122117212298365 0.029745056222001395 -1 -1
stick ylego 3 0.035 0.03 -1 -1 0.1481118393179477 0.031058277581341283 -1 -1
stick ylego 3 0.035 0.03 -1 -1 0.03783518136216241 0.031916327672553625 -1 -1
stick ylego 3 0.035 0.03 -1 -1 0.13106677855034363 0.029727826291594713 -1 -1
stick ylego 3 0.035 0.03 -1 -1 0.13066248714825565 0.029851435190616577 -1 -1
stick ylego 3 0.035 0.03 -1 -1 0.03928095688810288 0.038030318114790636 -1 -1
stick ylego 3 0.035 0.03 -1 -1 0.1312199850576666 0.029911635800286884 -1 -1
stick ylego 3 0.035 0.03 -1 -1 0.13100205202101065 0.029720611261225657 -1 -1
stick ylego 3 0.035 0.03 -1 -1 0.04430961771964656 0.03821013673105175 -1 -1
stick ylego 3 0.035 0.03 -1 -1 0.03800498724453564 0.03624437449819347 -1 -1
stick ylego 3 0.035 0.03 -1 -1 0.13109164456916075 0.029730633447756585 -1 -1
stick ylego 3 0.035 0.03 -1 -1 0.13890626350409585 0.029992524183914984 -1 -1
stick ylego 3 0.035 0.03 -1 -1 0.039949396355226284 0.03925974201877969 -1 -1
stick ylego 3 0.035 0.03 -1 -1 0.038299836855037614 0.0327064078254006 -1 -1
stick ylego 3 0.035 0.03 -1 -1 0.13338089377889167 0.02999013649262054 -1 -1
