stick ylego 3 0.035 0.03 -1 -1 0.03500667998397347 0.029985471748394665 -1 -1 -1.5707963267948966 0 0 
stick ylego 3 0.035 0.03 -1 -1 0.034999225582519125 0.03000164898753729 -1 -1 -1.0471975511965976 0 0 
stick ylego 3 0.035 0.03 -1 -1 0.0363270376943671 0.03751106178360693 -1 -1 -0.7853981633974483 0 0 
stick ylego 3 0.035 0.03 -1 -1 0.03596981869343733 0.033096173338859 -1 -1 -0.5235987755982988 0 0 
stick ylego 3 0.035 0.03 -1 -1 0.047383615884577034 0.03277504976000674 -1 -1 -0.2617993877991494 0 0 
stick ylego 3 0.035 0.03 -1 -1 0.0356164017563891 0.03248004018199946 -1 -1 -0.08726646259971647 0 0 
stick ylego 3 0.035 0.03 -1 -1 0.0356255683772782 0.032505784170828146 -1 -1 0 0 0 
stick ylego 3 0.035 0.03 -1 -1 0.035596628986346815 0.03293127706524679 -1 -1 0.08726646259971647 0 0 
stick ylego 3 0.035 0.03 -1 -1 0.02256398091302098 0.03132009992759589 -1 -1 0.2617993877991494 0 0 
stick ylego 3 0.035 0.03 -1 -1 0.0347828217345969 0.03336857932026739 -1 -1 0.5235987755982988 0 0 
stick ylego 3 0.035 0.03 -1 -1 0.03670703278625778 0.03832988430589453 -1 -1 0.7853981633974483 0 0 
stick ylego 3 0.035 0.03 -1 -1 0.03505404512151335 0.029842497979934365 -1 -1 1.0471975511965976 0 0 
stick ylego 3 0.035 0.03 -1 -1 0.03499332159210078 0.030014517528505005 -1 -1 1.5707963267948966 0 0 
