stick ylego 3 0.035 0.03 -1 -1 0.05752340648807148 0.015475132240758206 -1 -1 0 0 0 
stick ylego 3 0.035 0.03 -1 -1 0.05348534399073018 0.03157164127873914 -1 -1 0 0 0.08726646259971647 
stick ylego 3 0.035 0.03 -1 -1 0.039978533476163494 0.03142090335778847 -1 -1 0 0 0.5235987755982988 
stick ylego 3 0.035 0.03 -1 -1 0.03666635698338222 0.03169561174103063 -1 -1 0 0 1.5707963267948966 
stick ylego 3 0.035 0.03 -1 -1 0.059514772294986834 0.03243808846802182 -1 -1 0 0.08726646259971647 0.08726646259971647 
stick ylego 3 0.035 0.03 -1 -1 0.056145497504012445 0.02828886999646897 -1 -1 0 0.08726646259971647 0.5235987755982988 
stick ylego 3 0.035 0.03 -1 -1 0.05338861946916057 0.02758389330479955 -1 -1 0 0.08726646259971647 1.5707963267948966 
stick ylego 3 0.035 0.03 -1 -1 0.04125881433288586 0.031832065249437734 -1 -1 0 0.5235987755982988 0.5235987755982988 
stick ylego 3 0.035 0.03 -1 -1 0.052739535958914535 0.02787935272567792 -1 -1 0 0.5235987755982988 1.5707963267948966 
stick ylego 3 0.035 0.03 -1 -1 0.042497600684741905 0.02434975541840528 -1 -1 0 1.5707963267948966 1.5707963267948966 
stick ylego 3 0.035 0.03 -1 -1 0.07202695110879502 0.034481529305236215 -1 -1 0.08726646259971647 0.08726646259971647 0.08726646259971647 
stick ylego 3 0.035 0.03 -1 -1 0.06923824291071028 0.0352173809340728 -1 -1 0.08726646259971647 0.08726646259971647 0.5235987755982988 
stick ylego 3 0.035 0.03 -1 -1 0.07009543884791095 0.03926442890398061 -1 -1 0.08726646259971647 0.08726646259971647 1.5707963267948966 
stick ylego 3 0.035 0.03 -1 -1 0.0665121752737215 0.028120487395709586 -1 -1 0.08726646259971647 0.5235987755982988 0.5235987755982988 
stick ylego 3 0.035 0.03 -1 -1 0.0608249492478646 0.025202456621807593 -1 -1 0.08726646259971647 0.5235987755982988 1.5707963267948966 
stick ylego 3 0.035 0.03 -1 -1 0.039087241678399935 0.022184684830311427 -1 -1 0.08726646259971647 1.5707963267948966 1.5707963267948966 
stick ylego 3 0.035 0.03 -1 -1 -0.015140444831893918 0.00907804429175643 -1 -1 0.5235987755982988 0.5235987755982988 0.5235987755982988 
stick ylego 3 0.035 0.03 -1 -1 0.04644523831460863 0.033260316186789325 -1 -1 0.5235987755982988 0.5235987755982988 1.5707963267948966 
stick ylego 3 0.035 0.03 -1 -1 0.060684690266354924 0.03235531866466576 -1 -1 0.5235987755982988 1.5707963267948966 1.5707963267948966 
stick ylego 3 0.035 0.03 -1 -1 0.04691012909945486 0.030462492369551033 -1 -1 1.5707963267948966 1.5707963267948966 1.5707963267948966 
