stick ylego 3 0.035 0.03 -1 -1 0.03969225457218462 0.0272179231345832 -1 -1
stick ylego 3 0.035 0.03 -1 -1 0.035015285872072595 0.030003772884941955 -1 -1
stick ylego 3 0.035 0.03 -1 -1 0.04374052053393625 0.03306240286816349 -1 -1
stick ylego 3 0.035 0.03 -1 -1 0.023565333447738084 0.031565484265333586 -1 -1
stick ylego 3 0.035 0.03 -1 -1 0.0712662165203125 0.032381447129957545 -1 -1
stick ylego 3 0.035 0.03 -1 -1 0.042306714244548446 0.028595442960263718 -1 -1
stick ylego 3 0.035 0.03 -1 -1 0.03699225400085455 0.021290376634023587 -1 -1
stick ylego 3 0.035 0.03 -1 -1 0.07328645148915833 0.03033073858439946 -1 -1
stick ylego 3 0.035 0.03 -1 -1 0.03473881325427447 0.030081928517710698 -1 -1
stick ylego 3 0.035 0.03 -1 -1 0.05389868017556657 0.03221297233966969 -1 -1
stick ylego 3 0.035 0.03 -1 -1 0.0340544945885267 0.03997985787244249 -1 -1
stick ylego 3 0.035 0.03 -1 -1 0.0669687036688594 0.04384061650428091 -1 -1
stick ylego 3 0.035 0.03 -1 -1 0.047501489339967194 0.034631174322162665 -1 -1
stick ylego 3 0.035 0.03 -1 -1 0.04952740118691164 0.03242115300482135 -1 -1
stick ylego 3 0.035 0.03 -1 -1 0.039334955612240645 0.030527495755573456 -1 -1
stick ylego 3 0.035 0.03 -1 -1 0.053123107576335246 0.028983369895793993 -1 -1
stick ylego 3 0.035 0.03 -1 -1 0.05250886427687858 0.031868809616668776 -1 -1
stick ylego 3 0.035 0.03 -1 -1 0.046782204820245886 0.02833669279401669 -1 -1
stick ylego 3 0.035 0.03 -1 -1 -0.08889729762335871 -0.09415452648986715 -1 -1
stick ylego 3 0.035 0.03 -1 -1 0.03006630523857297 0.03873215476684526 -1 -1
stick ylego 3 0.035 0.03 -1 -1 0.04274672145135428 0.04540531607454002 -1 -1
stick ylego 3 0.035 0.03 -1 -1 0.05242604832470985 0.029484752519559565 -1 -1
stick ylego 3 0.035 0.03 -1 -1 0.04510729353245186 0.029503444649647825 -1 -1
stick ylego 3 0.035 0.03 -1 -1 0.03337166079697878 0.04031985770090244 -1 -1
stick ylego 3 0.035 0.03 -1 -1 0.034914677539889825 0.03006518475323481 -1 -1
stick ylego 3 0.035 0.03 -1 -1 0.028058577341323797 0.04157241196191757 -1 -1
stick ylego 3 0.035 0.03 -1 -1 0.0436847109255853 0.024205307259899302 -1 -1
stick ylego 3 0.035 0.03 -1 -1 0.04065020007756462 0.03365931452906569 -1 -1
stick ylego 3 0.035 0.03 -1 -1 0.0436708376454245 0.03239610558682609 -1 -1
stick ylego 3 0.035 0.03 -1 -1 0.02856053758734533 0.035537187710752934 -1 -1
stick ylego 3 0.035 0.03 -1 -1 0.034873917962379215 0.03003660790244713 -1 -1
stick ylego 3 0.035 0.03 -1 -1 0.06670655177030632 0.04144641310135654 -1 -1
stick ylego 3 0.035 0.03 -1 -1 0.03503222663587616 0.030305988240034096 -1 -1
stick ylego 3 0.035 0.03 -1 -1 0.043905905576841604 0.028763062563934072 -1 -1
stick ylego 3 0.035 0.03 -1 -1 0.04136235833556226 0.02532826146969854 -1 -1
stick ylego 3 0.035 0.03 -1 -1 0.04898294528409693 0.054354866819739875 -1 -1
stick ylego 3 0.035 0.03 -1 -1 0.05914619723031363 0.0324592162611272 -1 -1
stick ylego 3 0.035 0.03 -1 -1 0.03495626385905044 0.029915512962881467 -1 -1
stick ylego 3 0.035 0.03 -1 -1 0.038926274422756355 0.03126324666369287 -1 -1
stick ylego 3 0.035 0.03 -1 -1 -0.02431321307422187 0.012430011144916934 -1 -1
