stick ylego 3 0.035 0.03 -1 -1 0.042015626777681885 0.03895106793920931 -1 -1
stick ylego 3 0.035 0.03 -1 -1 0.1474104925099662 0.032140149436315976 -1 -1
stick ylego 3 0.035 0.03 -1 -1 0.13368179684960108 0.032471079243122626 -1 -1
stick ylego 3 0.035 0.03 -1 -1 0.1314031364262884 0.029792968411135913 -1 -1
stick ylego 3 0.035 0.03 -1 -1 0.13053679330369458 0.029906513953808805 -1 -1
stick ylego 3 0.035 0.03 -1 -1 0.04064186186155502 0.03642892780608706 -1 -1
stick ylego 3 0.035 0.03 -1 -1 0.13104251047175952 0.02972509666945247 -1 -1
stick ylego 3 0.035 0.03 -1 -1 0.1027417224616915 0.03184767657659752 -1 -1
stick ylego 3 0.035 0.03 -1 -1 0.13704144007368574 0.03051278000691526 -1 -1
stick ylego 3 0.035 0.03 -1 -1 0.03950048573190264 0.03840469507635746 -1 -1
stick ylego 3 0.035 0.03 -1 -1 0.03977345488416778 0.03636409621907952 -1 -1
stick ylego 3 0.035 0.03 -1 -1 0.03731896467211268 0.032465021186479495 -1 -1
stick ylego 3 0.035 0.03 -1 -1 0.12215534975610663 0.035252705859465175 -1 -1
stick ylego 3 0.035 0.03 -1 -1 0.04051252093895971 0.039493855744099464 -1 -1
stick ylego 3 0.035 0.03 -1 -1 0.13068868045923931 0.029839902538115613 -1 -1
stick ylego 3 0.035 0.03 -1 -1 0.11063585524990306 0.0372555295569957 -1 -1
stick ylego 3 0.035 0.03 -1 -1 0.1313847069745058 0.029764566200173585 -1 -1
stick ylego 3 0.035 0.03 -1 -1 0.1337185968353336 0.03007002936838158 -1 -1
stick ylego 3 0.035 0.03 -1 -1 0.03913886055968747 0.04017454790443436 -1 -1
stick ylego 3 0.035 0.03 -1 -1 0.13135295472395495 0.029784941485952315 -1 -1
