stick ylego 3 0.035 0.03 -1 -1 0.13494994583343264 0.03015875796980919 -1 -1
stick ylego 3 0.035 0.03 -1 -1 0.13090849549157094 0.029710591352459844 -1 -1
stick ylego 3 0.035 0.03 -1 -1 0.1304981503569954 0.030022716360672247 -1 -1
stick ylego 3 0.035 0.03 -1 -1 0.04002749621333608 0.03873291769125326 -1 -1
stick ylego 3 0.035 0.03 -1 -1 0.039460119152061164 0.038597066098872417 -1 -1
stick ylego 3 0.035 0.03 -1 -1 0.04003620261549318 0.039257081535208495 -1 -1
stick ylego 3 0.035 0.03 -1 -1 0.10610985166579949 0.028766380544167386 -1 -1
stick ylego 3 0.035 0.03 -1 -1 0.04320873949081874 0.03182687789730966 -1 -1
stick ylego 3 0.035 0.03 -1 -1 0.1388386336427626 0.029909127488805625 -1 -1
stick ylego 3 0.035 0.03 -1 -1 0.03831084417920532 0.03272606180418619 -1 -1
stick ylego 3 0.035 0.03 -1 -1 0.1169360580608272 0.0337842169877548 -1 -1
stick ylego 3 0.035 0.03 -1 -1 0.1313849552288529 0.0297900190658806 -1 -1
stick ylego 3 0.035 0.03 -1 -1 0.039431181448356695 0.04007118400587727 -1 -1
stick ylego 3 0.035 0.03 -1 -1 0.040840811629652245 0.03911962550992028 -1 -1
stick ylego 3 0.035 0.03 -1 -1 0.0394280629851315 0.040082145129117515 -1 -1
stick ylego 3 0.035 0.03 -1 -1 0.03949229557941762 0.03841045126403913 -1 -1
stick ylego 3 0.035 0.03 -1 -1 0.03877365211070837 0.0334413114444555 -1 -1
stick ylego 3 0.035 0.03 -1 -1 0.03942318973136005 0.038298773067497044 -1 -1
stick ylego 3 0.035 0.03 -1 -1 0.14386104691825752 0.03662328053285475 -1 -1
stick ylego 3 0.035 0.03 -1 -1 0.13133885082746402 0.029782765146826644 -1 -1
stick ylego 3 0.035 0.03 -1 -1 0.13143517177307226 0.02979831296645519 -1 -1
stick ylego 3 0.035 0.03 -1 -1 0.039941039250564574 0.03913631579478786 -1 -1
stick ylego 3 0.035 0.03 -1 -1 0.13674908793545776 0.030104575939397544 -1 -1
stick ylego 3 0.035 0.03 -1 -1 0.03353396844971309 0.03602696360641266 -1 -1
stick ylego 3 0.035 0.03 -1 -1 0.04035724672461517 0.039244968198427634 -1 -1
stick ylego 3 0.035 0.03 -1 -1 0.13095034727097232 0.030171818663136236 -1 -1
stick ylego 3 0.035 0.03 -1 -1 0.1316887835690639 0.0298413427892613 -1 -1
stick ylego 3 0.035 0.03 -1 -1 0.10615105129374773 0.02899918483139054 -1 -1
stick ylego 3 0.035 0.03 -1 -1 0.1370534832950358 0.030529409456665293 -1 -1
stick ylego 3 0.035 0.03 -1 -1 0.13368585997149762 0.03070798082597675 -1 -1
stick ylego 3 0.035 0.03 -1 -1 0.14749471048781734 0.031506567222058274 -1 -1
stick ylego 3 0.035 0.03 -1 -1 0.13516439754305737 0.030161719978577792 -1 -1
stick ylego 3 0.035 0.03 -1 -1 0.13387589557533758 0.03008952995099195 -1 -1
stick ylego 3 0.035 0.03 -1 -1 0.03925762912760326 0.038874240943016856 -1 -1
stick ylego 3 0.035 0.03 -1 -1 0.13174536607955414 0.02999377556982413 -1 -1
stick ylego 3 0.035 0.03 -1 -1 0.011221460314516532 -0.0015829585527939215 -1 -1
stick ylego 3 0.035 0.03 -1 -1 0.13523474738859975 0.030163623741776547 -1 -1
stick ylego 3 0.035 0.03 -1 -1 0.13223112068322374 0.030759222453389825 -1 -1
stick ylego 3 0.035 0.03 -1 -1 0.0386694480861278 0.04013774823311917 -1 -1
stick ylego 3 0.035 0.03 -1 -1 0.03995730053803402 0.039038343414642664 -1 -1
stick ylego 3 0.035 0.03 -1 -1 0.1474696480619902 0.031520084640316484 -1 -1
stick ylego 3 0.035 0.03 -1 -1 0.04442988640566902 0.034047992262686344 -1 -1
stick ylego 3 0.035 0.03 -1 -1 0.13080370299972224 0.030160244963029482 -1 -1
stick ylego 3 0.035 0.03 -1 -1 0.13793337771719494 0.030345368073567105 -1 -1
stick ylego 3 0.035 0.03 -1 -1 0.14628212332711418 0.03197517937665426 -1 -1
stick ylego 3 0.035 0.03 -1 -1 0.13737730945197332 0.030338994748763472 -1 -1
stick ylego 3 0.035 0.03 -1 -1 0.03496587572984476 0.029984506820522356 -1 -1
stick ylego 3 0.035 0.03 -1 -1 0.03950823813175781 0.03793447964357212 -1 -1
stick ylego 3 0.035 0.03 -1 -1 0.03800130965315832 0.03400276936529471 -1 -1
stick ylego 3 0.035 0.03 -1 -1 0.13765268702143818 0.030400431277535 -1 -1
stick ylego 3 0.035 0.03 -1 -1 0.03910323933643108 0.04008891185236994 -1 -1
stick ylego 3 0.035 0.03 -1 -1 0.1306222361742115 0.030065717956464254 -1 -1
stick ylego 3 0.035 0.03 -1 -1 0.13144160466283886 0.029771821375221455 -1 -1
stick ylego 3 0.035 0.03 -1 -1 0.1471482312670248 0.0317171591373037 -1 -1
stick ylego 3 0.035 0.03 -1 -1 0.13541646463821547 0.030164565967531348 -1 -1
stick ylego 3 0.035 0.03 -1 -1 0.03885669573902286 0.03695952219843507 -1 -1
stick ylego 3 0.035 0.03 -1 -1 0.13103442335452428 0.02972419415297915 -1 -1
stick ylego 3 0.035 0.03 -1 -1 0.13142922533068502 0.029770214340107914 -1 -1
stick ylego 3 0.035 0.03 -1 -1 0.11413478849144626 0.03354955977321491 -1 -1
stick ylego 3 0.035 0.03 -1 -1 0.0388281335399287 0.039782644620166854 -1 -1
