stick ylego 3 0.035 0.03 -1 -1 0.03866184770425601 0.033277947020652725 -1 -1
stick ylego 3 0.035 0.03 -1 -1 0.08220302655348331 0.02952797063253739 -1 -1
stick ylego 3 0.035 0.03 -1 -1 0.0540314928816155 0.028328627919739946 -1 -1
stick ylego 3 0.035 0.03 -1 -1 0.0406295019388475 0.02863652314923118 -1 -1
stick ylego 3 0.035 0.03 -1 -1 0.04588873558531024 0.032830678711623415 -1 -1
stick ylego 3 0.035 0.03 -1 -1 0.03654235902821663 0.03496995120278063 -1 -1
stick ylego 3 0.035 0.03 -1 -1 0.05873509747371274 0.02651508533405356 -1 -1
stick ylego 3 0.035 0.03 -1 -1 0.05592584927719645 0.027273586528673267 -1 -1
stick ylego 3 0.035 0.03 -1 -1 0.0724432329501194 0.03496796383169876 -1 -1
stick ylego 3 0.035 0.03 -1 -1 0.07207324668337596 0.03383538062488431 -1 -1
stick ylego 3 0.035 0.03 -1 -1 0.03376311175164806 0.035261787618033884 -1 -1
stick ylego 3 0.035 0.03 -1 -1 0.041783784061988814 0.027005766283901843 -1 -1
stick ylego 3 0.035 0.03 -1 -1 0.031321922720285306 0.03901840857819445 -1 -1
stick ylego 3 0.035 0.03 -1 -1 0.043177513995292544 0.017870531256923963 -1 -1
stick ylego 3 0.035 0.03 -1 -1 0.06973272371884291 0.0402069311493314 -1 -1
stick ylego 3 0.035 0.03 -1 -1 0.059759081632158775 0.032533484903807405 -1 -1
stick ylego 3 0.035 0.03 -1 -1 0.03231862163430672 0.03302389613256582 -1 -1
stick ylego 3 0.035 0.03 -1 -1 0.03475060834422395 0.034157983147955415 -1 -1
stick ylego 3 0.035 0.03 -1 -1 0.03461371707271142 0.014594151326936007 -1 -1
stick ylego 3 0.035 0.03 -1 -1 0.033649652610103 0.0723264203806184 -1 -1
stick ylego 3 0.035 0.03 -1 -1 0.040597341715195336 0.032462894989738075 -1 -1
stick ylego 3 0.035 0.03 -1 -1 0.06133419459988695 0.02908411939227904 -1 -1
stick ylego 3 0.035 0.03 -1 -1 0.06917518593599295 0.03992521064647132 -1 -1
stick ylego 3 0.035 0.03 -1 -1 0.05619650804696674 0.01678970187312544 -1 -1
stick ylego 3 0.035 0.03 -1 -1 0.05431079926812248 0.03471459934816356 -1 -1
stick ylego 3 0.035 0.03 -1 -1 0.032897639971743456 0.010985692923852807 -1 -1
stick ylego 3 0.035 0.03 -1 -1 0.05488659392950592 0.026127382572229567 -1 -1
stick ylego 3 0.035 0.03 -1 -1 0.05061318016726412 0.028989310754138492 -1 -1
stick ylego 3 0.035 0.03 -1 -1 0.043993451813752665 0.031895800897607046 -1 -1
stick ylego 3 0.035 0.03 -1 -1 0.041358870641848504 0.03204126989061684 -1 -1
stick ylego 3 0.035 0.03 -1 -1 0.034271621042191294 0.039617148321736406 -1 -1
stick ylego 3 0.035 0.03 -1 -1 0.048638162662066456 0.027463092213570076 -1 -1
stick ylego 3 0.035 0.03 -1 -1 0.05202273234076245 0.03429740484583275 -1 -1
stick ylego 3 0.035 0.03 -1 -1 0.03599184334027163 0.037224006296172424 -1 -1
stick ylego 3 0.035 0.03 -1 -1 0.055138204026723966 0.03375689996702032 -1 -1
stick ylego 3 0.035 0.03 -1 -1 0.05589469411781175 0.015164709427387351 -1 -1
stick ylego 3 0.035 0.03 -1 -1 0.03480680382103713 0.03608105153654692 -1 -1
stick ylego 3 0.035 0.03 -1 -1 0.05579934479590959 0.033557187526734415 -1 -1
stick ylego 3 0.035 0.03 -1 -1 0.057553258328024395 0.027579254533873384 -1 -1
stick ylego 3 0.035 0.03 -1 -1 0.04252982663721296 0.031162028891503893 -1 -1
