stick ylego 3 0.035 0.03 -1 -1 0.03531256413005719 0.030371519709602734 -1 -1 0 -1.5707963267948966 0 
stick ylego 3 0.035 0.03 -1 -1 0.034850316266771764 0.030575526224286793 -1 -1 0 -1.0471975511965976 0 
stick ylego 3 0.035 0.03 -1 -1 0.03728267024654015 0.031376285568292514 -1 -1 0 -0.7853981633974483 0 
stick ylego 3 0.035 0.03 -1 -1 0.03556388355642058 0.031223337386195624 -1 -1 0 -0.5235987755982988 0 
stick ylego 3 0.035 0.03 -1 -1 0.03558953466932584 0.03330188819892707 -1 -1 0 -0.2617993877991494 0 
stick ylego 3 0.035 0.03 -1 -1 0.03554727005260709 0.032181155922807014 -1 -1 0 -0.08726646259971647 0 
stick ylego 3 0.035 0.03 -1 -1 0.0356255683772782 0.032505784170828146 -1 -1 0 0 0 
stick ylego 3 0.035 0.03 -1 -1 0.035236765242987134 0.031237274035509858 -1 -1 0 0.08726646259971647 0 
stick ylego 3 0.035 0.03 -1 -1 0.03571341342344436 0.03334955380271163 -1 -1 0 0.2617993877991494 0 
stick ylego 3 0.035 0.03 -1 -1 0.03554051739812976 0.031196828584508625 -1 -1 0 0.5235987755982988 0 
stick ylego 3 0.035 0.03 -1 -1 0.03430672382976783 0.03130815363876361 -1 -1 0 0.7853981633974483 0 
stick ylego 3 0.035 0.03 -1 -1 0.035615906440110395 0.03113939576819195 -1 -1 0 1.0471975511965976 0 
stick ylego 3 0.035 0.03 -1 -1 0.034643462973282975 0.03316771501262319 -1 -1 0 1.5707963267948966 0 
