stick ylego 3 0.035 0.03 -1 -1 0.03849348029896141 0.026363776378429692 -1 -1 0 0 -1.5707963267948966 
stick ylego 3 0.035 0.03 -1 -1 0.03559528211727363 -0.00501510695882023 -1 -1 0 0 -1.0471975511965976 
stick ylego 3 0.035 0.03 -1 -1 0.03581848559612755 0.008321879607531418 -1 -1 0 0 -0.7853981633974483 
stick ylego 3 0.035 0.03 -1 -1 0.03590496703807842 0.010620574184026847 -1 -1 0 0 -0.5235987755982988 
stick ylego 3 0.035 0.03 -1 -1 0.03543500825206846 0.014905557757518772 -1 -1 0 0 -0.2617993877991494 
stick ylego 3 0.035 0.03 -1 -1 0.05572750510914281 0.012313729762345208 -1 -1 0 0 -0.08726646259971647 
stick ylego 3 0.035 0.03 -1 -1 0.05752340648807148 0.015475132240758206 -1 -1 0 0 0 
stick ylego 3 0.035 0.03 -1 -1 0.05348534399073018 0.03157164127873914 -1 -1 0 0 0.08726646259971647 
stick ylego 3 0.035 0.03 -1 -1 0.04740265852423685 0.0326744403498711 -1 -1 0 0 0.2617993877991494 
stick ylego 3 0.035 0.03 -1 -1 0.039978533476163494 0.03142090335778847 -1 -1 0 0 0.5235987755982988 
stick ylego 3 0.035 0.03 -1 -1 0.05556021214326591 0.02655791841126934 -1 -1 0 0 0.7853981633974483 
stick ylego 3 0.035 0.03 -1 -1 0.05640300321734225 0.026256822863741168 -1 -1 0 0 1.0471975511965976 
stick ylego 3 0.035 0.03 -1 -1 0.03666635698338222 0.03169561174103063 -1 -1 0 0 1.5707963267948966 
