stick ylego 3 0.035 0.03 -1 -1 0.03684168869516436 0.03796801867158442 -1 -1 0 0 -1.5707963267948966 
stick ylego 3 0.035 0.03 -1 -1 0.03493669682397596 0.038049957011148175 -1 -1 0 0 -1.0471975511965976 
stick ylego 3 0.035 0.03 -1 -1 0.0366625585056817 0.002928876827928451 -1 -1 0 0 -0.7853981633974483 
stick ylego 3 0.035 0.03 -1 -1 0.0372094527601437 0.038531147841962606 -1 -1 0 0 -0.5235987755982988 
stick ylego 3 0.035 0.03 -1 -1 0.029285524912041488 0.009797669716737062 -1 -1 0 0 -0.2617993877991494 
stick ylego 3 0.035 0.03 -1 -1 0.035420328310217415 0.032091889136653465 -1 -1 0 0 -0.08726646259971647 
stick ylego 3 0.035 0.03 -1 -1 0.0356255683772782 0.032505784170828146 -1 -1 0 0 0 
stick ylego 3 0.035 0.03 -1 -1 0.03563438575895311 0.03209373263784363 -1 -1 0 0 0.08726646259971647 
stick ylego 3 0.035 0.03 -1 -1 0.03561187109326038 0.032004950906446956 -1 -1 0 0 0.2617993877991494 
stick ylego 3 0.035 0.03 -1 -1 0.035619011364100894 0.03191779114513636 -1 -1 0 0 0.5235987755982988 
stick ylego 3 0.035 0.03 -1 -1 0.03557165920977942 0.031712812559298496 -1 -1 0 0 0.7853981633974483 
stick ylego 3 0.035 0.03 -1 -1 0.035585335687567256 0.031994103665914396 -1 -1 0 0 1.0471975511965976 
stick ylego 3 0.035 0.03 -1 -1 0.03592981209317995 0.03300774665279033 -1 -1 0 0 1.5707963267948966 
