stick ylego 3 0.035 0.03 -1 -1 0.036831101736636764 0.0349063498063788 -1 -1 0 -1.5707963267948966 0 
stick ylego 3 0.035 0.03 -1 -1 0.04499939660829841 0.02878834112724405 -1 -1 0 -1.0471975511965976 0 
stick ylego 3 0.035 0.03 -1 -1 0.04319091766694181 0.06268031187084988 -1 -1 0 -0.7853981633974483 0 
stick ylego 3 0.035 0.03 -1 -1 0.047554005475314236 0.0452682886424537 -1 -1 0 -0.5235987755982988 0 
stick ylego 3 0.035 0.03 -1 -1 0.0589284002938998 0.018313454755016476 -1 -1 0 -0.2617993877991494 0 
stick ylego 3 0.035 0.03 -1 -1 0.05938305844931627 0.0180576651080304 -1 -1 0 -0.08726646259971647 0 
stick ylego 3 0.035 0.03 -1 -1 0.05752340648807148 0.015475132240758206 -1 -1 0 0 0 
stick ylego 3 0.035 0.03 -1 -1 0.054419838448203674 0.012909181982935084 -1 -1 0 0.08726646259971647 0 
stick ylego 3 0.035 0.03 -1 -1 0.05258429647584731 0.013995320266724762 -1 -1 0 0.2617993877991494 0 
stick ylego 3 0.035 0.03 -1 -1 0.0539242079362254 0.031458113409856416 -1 -1 0 0.5235987755982988 0 
stick ylego 3 0.035 0.03 -1 -1 0.028213891500955206 0.02508993364547169 -1 -1 0 0.7853981633974483 0 
stick ylego 3 0.035 0.03 -1 -1 0.042290175898563556 0.018972335734403756 -1 -1 0 1.0471975511965976 0 
stick ylego 3 0.035 0.03 -1 -1 0.04498465221637992 0.031025779880680508 -1 -1 0 1.5707963267948966 0 
