0.061399250713232184
0.14740456429389712
1.0183683263612489
3.34136371379617
0.16110199611280668
1.1118898634072445
1.876039998110795
0.0938421227600085
0.18865198560190533
0.06793280561671683
0.8451998472686659
8.737237335053377
0.5659642362533226
0.5104790131089296
1.2428592240170007
0.38167900856283726
0.033084810025379593
0.05358075856793529
0.833032560460301
1.5768161568339374
0.7368606977364961
0.6611584754043579
0.19827399088408598
0.2717526597796339
0.283192429156392
0.4893176954347165
0.8785037242240175
0.2705937535165531
0.2184692946310693
0.4008052559270927
0.168208998214319
0.06424828811340258
0.008948284308414371
0.7904025731316966
0.6793152549534678
0.3432628409676771
1.105004005302159
0.5285468951448198
0.035097831712674554
1.5380483558278397
0.3352601017801431
0.35605539697953503
0.47359190212847885
0.5153996809540752
0.4871980558460185
0.7282939413263729
0.20806815445148563
0.07181562182880462
0.3095437353044417
0.04229238206911806
0.7349755832511311
0.20319177620284584
0.1432806475674972
1.297134239657027
0.15895236642098481
0.1255722286149307
0.08921265092848985
0.14093976680174203
0.9591547955193616
0.6859149539752988
0.18816240988218005
0.47358604061957776
13.246484924171153
0.04954115485040188
0.22176033175911902
0.8418854017360489
0.8351957991996459
0.5709460931275238
0.11037635436506821
0.2808448688159286
0.3176170378413298
0.4105744490551658
0.020535847361792703
0.20264877141388288
0.6619754145905371
0.9176504756940869
0.17387748637531714
0.41941977673681086
0.18346479990517467
0.994286022727896
0.030384590175312753
0.9402161341754289
0.6363487854410852
0.1954261056523926
0.2802657861896147
0.4720316765224646
0.17518037557714589
0.044518529401017526
0.24437773051427863
0.46630500126469443
0.6287927424524389
12.299364947779962
0.10327597483783146
0.6488420371837803
1.3408909876212787
0.4460377698900241
0.06102484115979562
0.14900149044279798
1.1630881903942276
10.340738380553812
0.4938305009814225
0.616858518875187
0.051616116284346064
0.39658260075108753
0.25698646973527384
0.13325136291719034
0.6208614563467459
0.4374462323549241
0.33218381200252006
0.37798054308212126
0.24993776021769692
1.420295213630545
0.6985136097174949
0.20493671566252947
0.5876256727261963
0.6152110796940283
0.14392691082531645
0.31556274766749803
0.4369980756373584
1.8637270414474298
0.07310635235126323
0.08374887548597054
0.6004109679099385
30.390851833773105
1.0017992813696683
0.7666877959160466
0.09937333411164016
0.12470147287677164
0.03615338310676801
0.12030913858101902
0.8386512875565737
0.31062531718071257
0.373683067026922
0.4793795789552976
0.251063514234032
0.2603432995460952
0.03285241067433341
0.777395545255327
0.966192194429788
0.3504467156094293
0.395756248038706
0.6668682906431851
1.3147440605883791
0.272576236751189
0.06533041458545757
0.07482513565430174
0.5692988325729402
0.499937038303149
0.2642161605072698
0.5211940583520281
0.334836481561214
0.07558418112412335
0.12151744799986827
0.09332463921390496
1.2279237745184006
0.28364425724612125
0.16209564813011781
0.3577458178134433
0.2914713651200389
0.11789931607200382
0.6207185929173624
0.030348982582741872
0.6384028280221653
0.7495384520656927
0.24416701684478076
0.5226511713558717
0.035774614074404604
1.5311805424783018
0.2133826490306429
0.014946964693377252
0.5514585396801674
0.6420800518133266
0.3954840790045573
1.3789302487410353
0.4142416310319045
0.17790055347936745
0.15847208776075183
0.24148493910639848
0.4497827895322666
16.875891228077144
0.05697398561165043
0.4553172003740482
0.1058808392683857
0.40249482852608753
0.06697710968958417
0.08911077157305654
1.3041059800325971
0.17240974093495384
0.11929840409917719
0.9351524583571487
0.2130913787448936
0.17626582668836754
0.20249145555859538
0.12546834075628033
0.4418792348728454
1.1049974574408914
0.7084722482067772
0.6894132379608211
1.131645812371353
0.11218462340178145
0.09343026587966696
0.14193684884069452
1.2442731682140937
0.18751605875286756
0.2456047661561861
0.5777428831505764
0.32638701534113684
0.10392827783156333
0.06955861189297274
0.23780248663497255
0.69271861237631
0.4100674723599027
1.346914692998601
0.3712107577378849
0.5035488689933878
0.15750325359479536
0.07813640308461453
0.06848212092925571
0.9568765666751197
0.16119096810086117
0.1862092784296498
0.25294426658793395
0.021492287956761988
0.10426044685072344
0.042120124624669006
0.4749663230891338
0.367253926463681
0.13992150228329858
0.2730327231758918
0.6112362752914628
0.13366049976680944
0.0013626475127977503
0.9905838878889679
0.21243106553763416
1.0389234336834028
0.3421312394972432
0.2102557617950227
0.6858103480735422
0.08779371642621112
1.2440717816761597
