0.09162257412993619
0.01124814987982304
0.671816832865613
0.8582948725299291
0.1405204266670102
0.5230812656746219
0.23745632849424675
0.6832304775246703
0.009291404346983716
0.039591476820689114
0.9090575636069839
0.10739847419142515
0.18861778293816592
0.5297155251522573
0.08701891149924704
0.8067867971212241
0.09346783891770993
0.11339666338038476
0.7823035280661067
0.8779010657560062
0.1826729566264494
0.41778223042011653
0.15163460749454857
0.1803478918499568
0.08121636053510772
0.03999875659314586
0.6384936561953951
0.1310276938519931
0.20919102681659768
0.5205690480814348
0.0809087695502083
0.656548615409532
0.004381032812897548
0.2344582012826557
0.343667612457631
0.7719945426184376
0.18966978617786528
0.5177859256811492
0.036331949998585
1.1477211062063113
0.0370045088118133
0.11406398778166374
0.4720053383041869
0.4938445785950067
0.15041013434792927
0.2811983236431085
0.12836407536582994
0.2551348641712049
0.07747161827471605
0.056280431515119855
0.7130463193987425
0.14048816207891282
0.2283516397564225
0.23523922865515806
0.6171541551906746
0.6901216700254135
0.014927429506779838
0.05415457701770284
0.8046196073656733
0.5199504153121148
0.12682644519742436
0.3306030671432587
0.8934032328882866
1.0851959447548136
0.0019256161452956
0.13110983778508598
0.8071562534892347
0.02767555483819313
0.17931529318024397
0.4988270300187654
0.7152338246850105
1.0931207464389008
0.03513383315932392
0.10594271536760932
0.5066702047839697
0.3021966850010483
0.12720752851587885
0.5104654106567393
0.11824965264381142
0.02431118643235268
0.18523032658342237
0.018289433587445322
0.369513101466378
0.461410240830667
0.12792850999955654
0.45418799298806717
0.12768325964543292
0.22389683844408226
0.05978918952646421
0.027433864862588295
0.6750139406609258
0.39199117797477206
0.06998292845642035
0.3245543469835226
0.09272081315041064
0.7626088038568868
0.06529137884121253
0.0398755699136077
0.7570326454624472
0.36604298821393283
0.6922638384926793
0.3168901922642321
0.0836552975807898
0.25436034602907076
0.045648553398362435
0.2503483578350809
0.5514159850299265
0.10197825238059244
0.13500753694741738
0.49203447949064577
0.574163423836476
0.9316899401899885
0.01736313398220017
0.023034939272379457
0.8262724767374883
0.24770106027297445
0.10786448975113691
0.40225259172927097
0.09868079257935597
0.10154263110599665
0.035789651047925794
0.2109893011730068
0.5481745569832865
0.24150841903802783
0.07766527622708261
0.37579218536220876
0.11986844215666995
1.066026211847
0.22097643695461167
0.019121890902079858
0.49122139921831887
0.08943356887311771
0.132867849170347
0.48523912223126653
0.10580033255020974
1.0600396942476915
0.06099481071071494
0.02163409219245948
1.0748443377865295
0.24154803452648277
0.1018261110830357
0.3663717147085518
0.27470750728787574
0.7747263861582784
0.08289215065245265
0.06766805025453229
0.4914321540773316
0.5815981826709749
0.16133114187965686
0.60186774583371
0.07942091782622751
0.6859428829912557
0.0341053807121757
0.04082081788997638
0.8095105710409489
0.3078975760316224
0.1762866044744694
0.24987664599045398
0.18938362284069932
0.6519617548351407
0.05209172511373003
0.07983131513094993
1.0056869455417838
0.05006405137577533
0.09815041097921154
0.7865597378929429
0.11709192379748612
1.1928579067607776
0.06591060166269169
0.037794815978739384
0.7177478812459331
0.17056094184154041
0.21082425679795158
0.42143923001080813
0.0854078942215182
1.2028013676635552
0.08301864611160842
0.07228691290740492
0.29516834125855324
0.10943248556490842
0.18576338020169247
0.4370745360821964
0.5569010224152
0.36517676268525917
0.06052431402711045
0.13165450849764
0.7158233564003974
0.16219369541110812
0.11138608485174452
0.43763883227735967
0.09003282143881355
0.40158708705332785
0.02432709969424475
0.09738142729046276
0.7802673706501044
0.7767434238149983
0.16140402836817688
0.558005443601232
0.20186353635243234
0.95966020541173
0.02899804357472896
0.011968988524810945
0.6652624739301485
0.5393374888598574
0.0563223861770136
0.4271844764627331
0.20646011234830322
0.07584184547637379
0.04056985057003687
0.24173480388522295
0.6915681264320164
0.6790506268897906
0.2510144440943699
0.5821854633576997
0.14851287308742087
0.09337652881703412
0.011770558388556354
0.03007739386152042
0.4888333111208576
0.3135473788583564
0.11334267767658102
0.5896352489340364
0.12986440753228948
1.111713924049172
0.017335818975040253
0.07243394724702179
0.7573862088790547
0.42417457250373486
0.09345202433086258
0.4856449654165632
0.06635406913689172
1.061556084861106
0.058376335161495096
0.040895451517776044
0.8467405349618186
1.0481823593094362
0.09145841441921929
0.36084459495025034
0.2515617813182225
0.0372641743721078
