0.43914129910089955 2.101299454255491 1.3104967196109285 2918.7096932752575
1.0130064175006166 2.915137628952946 0.011524266576158928 3.777199770508531
2.433575939926443 0.29304326866664276 0.6850082495624582 0.34110614443009085
0.2924224283416516 2.41269120787579 2.6159390611499407 171.7207390756557
4.765077803062829 1.077517944403657 2.001941963317075 7.212784378115315
3.7355900185723896 0.642543659279114 0.0372760757980179 1.9748856744235415
3.0037589277219228 2.8890676850363395 1.6098278550477354 0.6056234367969549
4.363987379136761 0.12912798571066506 0.8071348308171323 2.382780031026918
4.973465602301178 1.0058688192333434 1.082883489260211 9.228956693599754
2.376295843512133 2.0145338657117096 0.8853440965673899 0.5879487818578489
4.924549266597331 1.0449444946678075 2.0822352890647067 2.2592830983701537
4.628445422736722 1.0258149324345993 1.4607990366977355 2.5405106550124095
4.704744437038193 1.0252954985354685 0.7442472801000161 2.3206410019345225
4.77728664110272 1.018802815903687 0.2725636857895257 6.808850888490463
4.786315387333622 1.0306287585952514 2.1086825232042226 7.230585022367638
4.779596350014346 1.02804005651956 1.4278917323618243 1.6829393617186552
4.772020976624432 1.024669516983946 0.5875620872154576 3.7852287393849977
4.764892570445293 1.020998044379798 1.4624303090099813 2.199683160358845
4.677135469218346 0.9015708340183922 1.2210517096666098 2.070629806956438
4.673182947070896 0.8882298338822112 1.1306463803613636 3.267453261965128
4.669792122516856 0.8411742719405481 0.9587427712752694 5.517696814104377
4.666682525404289 0.9859565055808582 1.4472871105815317 3.3016749580481908
4.663785508985848 1.0138774796640444 1.1234870018261927 6.935808299041555
4.661045365111926 1.082651499401448 1.2278885739383656 7.64275331128062
4.658357721570336 0.9581273029740325 1.1985615635660145 3.065881171630577
4.655459570779 0.9607312186207049 1.1851748171150807 3.044919734340198
4.652522199098778 0.875662297377301 1.4075102387927572 6.464136286639737
4.649467324214813 0.8712539236041524 1.2668811693247162 3.887330158259331
4.646183900720103 1.2754088630799272 0.9300573882517578 5.480113229328386
4.642749345993691 1.1921317226403985 0.662448090268124 7.30280276934575
4.639213898552644 0.9787174104285552 1.172835713608194 9.179492542933827
4.635178780740157 0.9739139151606476 1.1720609814750835 1.6046623930320467
4.630283123614624 1.1525313210160133 1.4647679822885293 2.0081117584205197
4.6247449858152905 0.7336198532286268 1.157469163914913 2.131726500901645
4.618270229630862 0.8981352786067061 1.4121412403273133 5.610693742230622
4.611109716211595 0.9717501609222349 1.1754769863754884 2.087740786247214
4.601972148586546 1.1390137874199826 0.9807075816353218 7.712529666363695
4.591879832457681 0.9776213165031832 1.2747817270182609 6.394265821814929
4.578969010385773 0.9780269475326806 1.1684842120502785 5.705006845181049
4.563131708028115 0.9616142053179441 1.1750716685040257 6.067172915692604
