41.57479955474919
319.56087633486976
2.8226948805450447
14.42157557856883
92.43201521991332
8.794393480267342
2857.440472585493
1.9052907663778647
0.7612467805344036
0.33229807631576336
4.79023321647562
8.730473120235926
0.7373851080428048
0.9060699766413842
42.48928032063904
0.6777886696988826
0.012096814192950167
0.28983954094906067
2.112994529918976
6.474876212080884
236.1381298231556
0.3921013006395072
0.9111736848452456
0.02044106124272299
0.13482699699940642
1.8689938131140411
0.7595125783603824
111.1514151145673
92181.03283833689
0.5452556065990197
28.08770543863846
0.5173944657785989
0.32977457771466867
1.5279831305675602
0.8510295034054371
1.3189887330921197
76621.97574427148
0.3988204991514654
5065.262098331706
0.31828762010555334
0.5790176320244423
0.2647650208428445
1.3930373044383448
0.6950605642678358
333745.34883818065
0.33505914649796226
1.7922740654002776
0.34042402052334864
0.687397015768954
0.2561079563743843
1.536944387132034
427.20095767094784
154.1439719918804
0.8024458495625918
9.417447828315423
0.878758992018073
0.07466687515378616
17.87826220508162
4.309826416501785
27.514774547061954
261.38978854215264
1.5242338996899507
53.68228147911235
49.354497512259634
9.003403422434886
1.2566499320713587
7.642374619331479
2.120112017021961
118597.37668964919
0.30623994705407054
0.10878533920042871
1.2163974701080962
0.10506779759812263
3.680742641152621
7.319342677054332
5.675992724371746
63.63984534868998
0.6160793951528711
4.441932582967641
5.5330384687564464
0.06945890004980909
0.40479114693409135
0.4022496652716533
14.948172523207152
23.731426622726836
1.2016945576776807
0.24956822699009418
2.2005275719073745
383.5979972368139
1.683605817220588
0.44544865919390286
15.886244361590613
619.561027792647
0.35961379830662665
0.4732080279632356
0.3259204314504008
0.12903776204823683
0.31549227938300684
1.7939403545447483
88.50387531939054
484.0662553249846
96.56105687759353
7.655753651127203
21.790237679498887
1.7986751278234911
1.8465576855704051
0.525954656153633
0.6752656644582099
1563.4248258140497
0.3987502243334254
0.21897356890699538
38.14866372313175
77.69313642805761
4.229146317984776
0.7490195660881773
15.173696807363012
504.1346769909543
1.4481938480355476
263.04315639162087
0.638442892747856
0.1681475494103741
4.576107362418383
0.7688378802302437
11.47408050396637
57.26168647286686
1.7446656454312095
18.46795985204535
35.46814350695559
12.66798590715059
3.021848894155128
0.1540536214495401
0.7829885746392841
3933.9708888288387
12.515109855759494
0.2872085045606352
2.273036756340819
59.52461004758506
179.33610072268067
1.0842631478914804
40.35548377887139
130370.0478390108
1.2780184663298626
4339.014212748164
0.6845636832100074
0.614724186478664
1.1867223215505067
0.7329832063292491
13.526895066524055
0.46179494296152496
1.2688321512428469
0.7713072880049558
24.481004604394563
0.11526267120809264
11.665926177827725
1.1460892785241925
1.28611701772002
4017.3782698715145
10.611725270893752
24.83212798175128
9.3431632138165
0.06822083926219707
0.29366148321687524
2177.1120084682357
213.48470865131915
0.9362162071598373
147.61129285051177
1.790156423388944
0.629286026738189
0.745538036535133
0.2785923809199546
4.136307995887416
0.8437637437500555
1.1317147057040888
1.1329378801343442
16.2771759450236
0.2246725325861294
0.32938170696902597
0.21965798535338388
0.7964871181413093
6.68892419968385
0.10035727837449748
5.954830448717706
810.5560198457658
0.4661446674575672
16.68193705459367
0.30418540406686173
1.3830126681661281
36.4657425714505
15.46805905281573
4.914363768589551
0.3874873105897408
0.6292367002761401
0.2560152466933107
5.622383643890625
0.8607585961053492
29.47215640993299
0.38956571199543977
0.5945209951421169
515.0922736329259
1.7215740756621907
0.6214675999896332
0.8088261398159338
0.7982058598970719
6.667005354078194
290.5245690925087
7.464746745139722
16.775409281943546
0.8558584899648739
1.2611193387239203
0.4475221595784827
0.7866668781141909
2.9773485271092617
17.11424192489029
8.737379401760757
0.5658083885569605
719.2935513371559
2.405311023896165
5.376477387661124
0.9976951728272441
19.42210900685882
0.42690081779952205
1.486478536224825
0.7322765750714375
0.673696876276914
2.2941808765446403
37.49865387640178
0.9496897996651112
1.274348745336341
62.982609788091466
1.6389310844488847
0.2051633293340085
2.994585284576303
0.6581868635954036
1.5195139034175627
0.8304705915451267
2.6748903598420575
0.358330126502907
39.56816686008718
1.0751685097812946
3.187508170813566
