4.349459796480703 1.4187200319868625 0.6568709593635147 9.204989390614355
1.0628976366163352 1.820670192765322 0.21893440473798914 6.433960497128138
0.63838410819528 0.5832042771129382 2.588481890421379 80.46251644027697
3.70092269911684 2.561260957811175 1.7662376088859808 1.5447689779578688
1.3097154504796804 2.9593458050941304 1.3376909590921209 2.9949283233455604
1.5929593411494243 2.8279470807502944 1.5316125278829045 0.9152022447581645
0.6791159940822301 0.7970622729867664 2.7402089834250307 59.079347213022594
0.6257133881526667 1.9068731243249697 0.7720980859900467 71.99070889513959
1.3759727132305979 1.4275917267301224 1.335550743789513 2.9079474948439117
4.496789005600709 2.320993526592257 0.8945415465778308 6.862230100780674
3.270566557440728 2.5270294380132445 0.13935275157809057 4.7036182562383635
3.5693247301338875 2.5082831278183155 1.5177053588302922 2.332040526604087
1.5867188020774432 1e-12 0.0001 8232.641861651915
3.4610746773203758 2.2954310530323907 1.10463103082363 1.5271362107805329
0.9804346489344802 2.3022373817619495 1.096677490325241 1912.7757943759116
3.376641727280082 2.827024915511402 0.8319525832586145 1.8505211148534926
1.1446324910620023 2.861508562866485 0.8529636379180362 4.106306433165995
4.656170449751867 2.894614937189086 0.8260482498088206 15.519325881319324
4.65001653832459 2.9306603546158096 0.8725117481596787 7.651469567151369
1.3391659506975533 2.9651201838515324 0.8952933771398109 2.4543669935700394
4.788712448242687 2.9886505330887214 0.8349895421908404 1.3957096739501245
3.908191197542911 2.99556398211754 0.9352857174067528 2.7293401341833263
2.0712440930600438 2.9980665920629073 0.8621798915383604 0.23408327065288578
2.2936327006815236 2.9993714484316363 0.8695670904001835 0.33383188041554335
1.5247599193515027 2.9976143922087135 0.879398750620051 1.3714504157635883
2.780384253502947 2.9925835203503315 0.9875719440708801 0.744308859919416
3.9581602090413996 2.9993563584818386 0.9300820951353138 2.01330842434256
2.0002110143980447 2.996645290803952 1.1630134115991513 0.32954693093361503
4.032028035256158 2.993467848300586 0.9148023513889377 6.454950673921145
2.628196796154508 2.9989908189671053 1.0784771602923 0.3669498916295891
1.6742715961439922 2.9824255599386857 1.1308988778972353 0.26340000353116316
0.027442338084574774 2.959087296206009 1.0483025500004945 459.9504743333379
0.18257258488631628 2.951899589690792 0.3241246014289637 184.53339625108484
0.45357571935579066 2.9162736146802897 2.3471054868655874 8407.931203757433
3.121810539459468 2.9320931256726097 0.9144515475079118 3.4147191451740126
3.1261793995813774 2.9352837357261685 0.9133898162854996 4.515769505185711
2.9403079600255513 2.9382978135516544 0.9124420740551719 1.7520378353221606
2.9484375199660438 2.9411621875889375 0.9116021622353525 0.6783990704066805
2.8347683562174506 2.943874799717074 0.9108677363487546 0.48297415937451843
3.3779993670246506 2.9464360726051892 0.9102415968005821 4.267580102007728
