0.3371776443570819 1.0304458521174062 1.3653093781460035 134238.054147399
0.2800829470687042 1.48219647374078 2.0096768670998717 224890.1794506655
2.5388940094507686 0.6852522967451039 0.03160931424708997 28.887410459975673
3.6212507399697396 1.3741862803929479 1.6219036717803028 145.43768606381371
4.656231857068178 2.698836321178058 1.5723257461754558 20.600331869003487
2.4539015421664128 1.298629992495506 0.13318518117568637 13.64717296535838
2.364008751917956 2.935203974547808 0.5283230518585229 20.781634866757056
2.5040591064910465 2.789056795711196 1.5876363071071076 21.547497373064672
1.156341208614117 0.9878090046793123 2.496921060241916 730105.4640131235
3.2996804259425976 2.3277949950026176 0.31673351806480765 252.59424214227286
1.0146716291468882 2.9971399178905367 0.37619523922497444 555092.9437051557
2.595452989206614 1.9025986845562646 0.540903171766987 26.409968424192538
2.606724526455494 1.958664295456156 0.5402309577669087 1.9101896440678605
2.6139264908468935 1.9143319317550387 0.5330144615426906 329.9062663021326
2.6191332783466597 1.9145134767467498 0.5306208511759737 243.2469940276161
2.62317600849203 1.8447242732363176 0.8766017578506806 29.318669175982755
2.6264958401269354 1.9073950697301196 0.5664179612444958 34.51367840655985
2.629341569814005 1.9108259133085328 0.5621172815264892 4.570706471616362
2.6318564518312653 1.9085632856962496 0.5625464099299392 17.049908444034262
2.6341286582621017 1.9088193199390249 0.561224676354633 18.958888191082472
2.6362185374233618 1.9106289638240075 0.5603173853701992 20.293195797361598
2.6381630064442128 1.8989614552223077 0.5589677680451702 4.673720435952631
2.6399969776376135 1.9116573493473656 0.5554785176645964 10.18639085405931
2.641736172692789 1.9100586677599205 0.5543960682541378 18.822455634236324
2.6433991076679235 1.8925769860781223 0.5665363917626741 117.08454276150111
2.644990729691574 1.9072196594918895 0.5531970267726765 18.23735565912965
2.6465314889670783 1.9113879184098888 0.5519094476734983 3895.2846902483643
2.647945089060161 1.9096036206875044 0.5519024348981765 15327.24940485562
2.649084711174449 1.98949877125598 0.5898697973870077 5.075552103521238
2.650505136799572 2.0574220775354144 0.5847681724185814 49.22191614665307
2.6518944016708725 1.9222419103650639 0.5538169284771891 15.86488358180886
2.653253308027193 1.9214350319212499 0.5518519699668849 7.1618737710149
2.654588110420246 1.9222834441297048 0.5506363055881416 37.3206455167996
2.6559004382754225 1.8822491424224246 0.5541748863800677 126.7367828978158
2.657189615480014 1.5744337502886523 0.7081004428330206 971.9503843086666
2.65844098738309 1.9077113149528462 0.5541898589182106 22.486672663033396
2.6596985818255265 1.8597760455854537 0.5725382392569558 3.6291621576091195
2.660942308687699 1.9073259677114354 0.5504903375944767 419.10679401713594
2.6621607264353164 1.9072330036890595 0.5522790234646162 42.51463903666974
2.663376303025373 1.9097800311681674 0.5496613472161727 7.461508694941283
