stick yball 4 -0.045000000000000005 0.0 -1 -1 -0.1784013773880583 -0.03645483376738852 -1 -1
stick yball 4 -0.045000000000000005 0.0 -1 -1 -0.2239921349210173 -0.006530039315450753 -1 -1
stick yball 4 -0.045000000000000005 0.0 -1 -1 -0.15297930205995397 0.007236768453514288 -1 -1
stick yball 4 -0.045000000000000005 0.0 -1 -1 -0.13205926876640195 -0.037943215017075156 -1 -1
stick yball 4 -0.045000000000000005 0.0 -1 -1 -0.13646498401792467 -0.038276751446707356 -1 -1
stick yball 4 -0.045000000000000005 0.0 -1 -1 -0.17026728550147435 -0.00815052641778253 -1 -1
stick yball 4 -0.045000000000000005 0.0 -1 -1 -0.14587868894922915 -0.029335432659768755 -1 -1
stick yball 4 -0.045000000000000005 0.0 -1 -1 -0.18650065556748846 0.008923975237571265 -1 -1
stick yball 4 -0.045000000000000005 0.0 -1 -1 -0.15005919463836473 -0.019955608950395193 -1 -1
stick yball 4 -0.045000000000000005 0.0 -1 -1 -0.1443643850628286 -0.02923511632818612 -1 -1
stick yball 4 -0.045000000000000005 0.0 -1 -1 -0.1599873456811722 0.0042865613340427175 -1 -1
stick yball 4 -0.045000000000000005 0.0 -1 -1 -0.15288436675803396 0.008369978423150536 -1 -1
stick yball 4 -0.045000000000000005 0.0 -1 -1 -0.14927802142633884 -0.025662063580087477 -1 -1
stick yball 4 -0.045000000000000005 0.0 -1 -1 -0.15308351185909697 0.005865382561820452 -1 -1
stick yball 4 -0.045000000000000005 0.0 -1 -1 -0.14650459775396885 0.033876353737859584 -1 -1
stick yball 4 -0.045000000000000005 0.0 -1 -1 -0.1401939798377312 0.07008486132248819 -1 -1
stick yball 4 -0.045000000000000005 0.0 -1 -1 -0.14897063528933666 -0.02182665035290831 -1 -1
stick yball 4 -0.045000000000000005 0.0 -1 -1 -0.1506419607326635 -0.020776195332908524 -1 -1
stick yball 4 -0.045000000000000005 0.0 -1 -1 -0.16960751194978055 -0.01653828694616304 -1 -1
stick yball 4 -0.045000000000000005 0.0 -1 -1 -0.15535118639672027 -0.012415327181569642 -1 -1
stick yball 4 -0.045000000000000005 0.0 -1 -1 -0.16204308824567124 -0.024500119946826278 -1 -1
stick yball 4 -0.045000000000000005 0.0 -1 -1 -0.1391002131887317 0.034002737634519435 -1 -1
stick yball 4 -0.045000000000000005 0.0 -1 -1 -0.13486556524243395 -0.03644879047772587 -1 -1
stick yball 4 -0.045000000000000005 0.0 -1 -1 -0.14816959072316432 -0.023310132830264254 -1 -1
stick yball 4 -0.045000000000000005 0.0 -1 -1 -0.15138973303499717 -0.02587083809653237 -1 -1
stick yball 4 -0.045000000000000005 0.0 -1 -1 -0.1590739595811207 -0.001666758596578464 -1 -1
stick yball 4 -0.045000000000000005 0.0 -1 -1 -0.14347606529027704 0.030248286230129005 -1 -1
stick yball 4 -0.045000000000000005 0.0 -1 -1 -0.131393412169319 0.053507363078036406 -1 -1
stick yball 4 -0.045000000000000005 0.0 -1 -1 -0.15327790616652232 0.003814248833732806 -1 -1
stick yball 4 -0.045000000000000005 0.0 -1 -1 -0.14822116419084513 0.04374737349706391 -1 -1
stick yball 4 -0.045000000000000005 0.0 -1 -1 -0.14184533192958867 0.046200626440447014 -1 -1
stick yball 4 -0.045000000000000005 0.0 -1 -1 -0.1224467045986903 -0.04134599053969973 -1 -1
stick yball 4 -0.045000000000000005 0.0 -1 -1 -0.1660818943588247 0.024328139523875848 -1 -1
stick yball 4 -0.045000000000000005 0.0 -1 -1 -0.16124110545109718 0.030161567925582593 -1 -1
stick yball 4 -0.045000000000000005 0.0 -1 -1 -0.14645131332109976 0.026166862031611168 -1 -1
stick yball 4 -0.045000000000000005 0.0 -1 -1 -0.3659065414125401 0.21590731690566864 -1 -1
stick yball 4 -0.045000000000000005 0.0 -1 -1 -0.15601165494971916 -0.009322898950347335 -1 -1
stick yball 4 -0.045000000000000005 0.0 -1 -1 -0.2505266654550876 -0.040048439558327806 -1 -1
stick yball 4 -0.045000000000000005 0.0 -1 -1 -0.26621628230599614 -0.16237681070488139 -1 -1
stick yball 4 -0.045000000000000005 0.0 -1 -1 -0.16439832527879084 0.008133858641984999 -1 -1
