stick yball 4 -0.045000000000000005 0.0 -1 -1 -0.15308974939776424 -3.672924427933918e-05 -1 -1
stick yball 4 -0.045000000000000005 0.0 -1 -1 -0.15327831779578419 -3.806722598038862e-05 -1 -1
stick yball 4 -0.045000000000000005 0.0 -1 -1 -0.15343979967449076 3.769429165421144e-05 -1 -1
stick yball 4 -0.045000000000000005 0.0 -1 -1 -0.1532638133693209 -4.367288665479497e-05 -1 -1
stick yball 4 -0.045000000000000005 0.0 -1 -1 -0.1530682295208171 -3.4459930997818575e-05 -1 -1
stick yball 4 -0.045000000000000005 0.0 -1 -1 -0.1531861786232646 -3.73771641594381e-05 -1 -1
stick yball 4 -0.045000000000000005 0.0 -1 -1 -0.15302010019479512 -3.546650115267506e-05 -1 -1
stick yball 4 -0.045000000000000005 0.0 -1 -1 -0.15312798485184864 3.769120614597957e-05 -1 -1
stick yball 4 -0.045000000000000005 0.0 -1 -1 -0.15338500603184535 3.8620711856364294e-05 -1 -1
stick yball 4 -0.045000000000000005 0.0 -1 -1 -0.15326699808398692 -3.201896647022823e-05 -1 -1
stick yball 4 -0.045000000000000005 0.0 -1 -1 -0.15317756011690078 4.0049157673630075e-05 -1 -1
stick yball 4 -0.045000000000000005 0.0 -1 -1 -0.15317728492031715 -3.567102479910845e-05 -1 -1
stick yball 4 -0.045000000000000005 0.0 -1 -1 -0.1532481612228922 -3.7845182758697845e-05 -1 -1
stick yball 4 -0.045000000000000005 0.0 -1 -1 -0.15314758747730473 5.3805557976318406e-05 -1 -1
stick yball 4 -0.045000000000000005 0.0 -1 -1 -0.15323994195405524 -3.328168771027794e-05 -1 -1
stick yball 4 -0.045000000000000005 0.0 -1 -1 -0.15349865416141686 -3.9723464195235275e-05 -1 -1
stick yball 4 -0.045000000000000005 0.0 -1 -1 -0.15328368062958506 3.531623658873324e-05 -1 -1
stick yball 4 -0.045000000000000005 0.0 -1 -1 -0.15303647882600416 3.7322133313426676e-05 -1 -1
stick yball 4 -0.045000000000000005 0.0 -1 -1 -0.1531794570090202 3.71472176549734e-05 -1 -1
stick yball 4 -0.045000000000000005 0.0 -1 -1 -0.15329954598827045 -3.9935114633557525e-05 -1 -1
stick yball 4 -0.045000000000000005 0.0 -1 -1 -0.15299290037688584 -3.5481066319167024e-05 -1 -1
stick yball 4 -0.045000000000000005 0.0 -1 -1 -0.15322234455343575 -9.686621379472943e-06 -1 -1
stick yball 4 -0.045000000000000005 0.0 -1 -1 -0.15322305158986188 -3.4390702792504525e-05 -1 -1
stick yball 4 -0.045000000000000005 0.0 -1 -1 -0.15348298476332145 3.926235659411688e-05 -1 -1
stick yball 4 -0.045000000000000005 0.0 -1 -1 -0.15334735723133405 -3.5995662363663236e-05 -1 -1
stick yball 4 -0.045000000000000005 0.0 -1 -1 -0.15326788913451622 -3.4900947043152065e-05 -1 -1
stick yball 4 -0.045000000000000005 0.0 -1 -1 -0.15330231544701411 3.682825591961967e-05 -1 -1
stick yball 4 -0.045000000000000005 0.0 -1 -1 -0.15295772996207427 4.567064693079391e-05 -1 -1
stick yball 4 -0.045000000000000005 0.0 -1 -1 -0.15322414987027397 -4.065571201484069e-05 -1 -1
stick yball 4 -0.045000000000000005 0.0 -1 -1 -0.153332248106556 3.83784361599452e-05 -1 -1
stick yball 4 -0.045000000000000005 0.0 -1 -1 -0.15302386103604823 -3.5220591112355426e-05 -1 -1
stick yball 4 -0.045000000000000005 0.0 -1 -1 -0.15333519332716863 4.655517686217171e-05 -1 -1
stick yball 4 -0.045000000000000005 0.0 -1 -1 -0.15324717869204588 -2.7849317455106165e-05 -1 -1
stick yball 4 -0.045000000000000005 0.0 -1 -1 -0.1530261886226797 -3.784333213077625e-05 -1 -1
stick yball 4 -0.045000000000000005 0.0 -1 -1 -0.15334599608965108 -3.829192815033393e-05 -1 -1
stick yball 4 -0.045000000000000005 0.0 -1 -1 -0.1533101042666697 -3.966030666946581e-05 -1 -1
stick yball 4 -0.045000000000000005 0.0 -1 -1 -0.1531447462969049 1.6201133597835827e-05 -1 -1
stick yball 4 -0.045000000000000005 0.0 -1 -1 -0.1532708733840439 -3.605514789779144e-05 -1 -1
stick yball 4 -0.045000000000000005 0.0 -1 -1 -0.15331246555322206 -4.0209238903045784e-05 -1 -1
stick yball 4 -0.045000000000000005 0.0 -1 -1 -0.1532762216193174 -3.780398894014167e-05 -1 -1
