stick yball 4 -0.045000000000000005 0.0 -1 -1 -0.1525179931044284 -0.04616371017709377 -1 -1
stick yball 4 -0.045000000000000005 0.0 -1 -1 0.009244873022104317 0.08552325607651522 -1 -1
stick yball 4 -0.045000000000000005 0.0 -1 -1 -0.1521001193076802 -0.012732338691662896 -1 -1
stick yball 4 -0.045000000000000005 0.0 -1 -1 -0.15295798235104222 0.009237792402279536 -1 -1
stick yball 4 -0.045000000000000005 0.0 -1 -1 -0.10085504592969381 -0.04331542212848444 -1 -1
stick yball 4 -0.045000000000000005 0.0 -1 -1 -0.0566523016360101 -0.04089641549616396 -1 -1
stick yball 4 -0.045000000000000005 0.0 -1 -1 -0.15215854643992874 0.013050319212209538 -1 -1
stick yball 4 -0.045000000000000005 0.0 -1 -1 -0.1900131335370979 0.3028640766548436 -1 -1
stick yball 4 -0.045000000000000005 0.0 -1 -1 -0.14236558566800814 0.03305007707525547 -1 -1
stick yball 4 -0.045000000000000005 0.0 -1 -1 -0.1533389944024037 -0.011455943593815972 -1 -1
stick yball 4 -0.045000000000000005 0.0 -1 -1 -0.09040180292107095 -0.04257874720783391 -1 -1
stick yball 4 -0.045000000000000005 0.0 -1 -1 -0.06321774628312034 0.0419615891318675 -1 -1
stick yball 4 -0.045000000000000005 0.0 -1 -1 -0.10920227186106092 0.08472905106323632 -1 -1
stick yball 4 -0.045000000000000005 0.0 -1 -1 -0.14788405424691836 -0.02389698089946058 -1 -1
stick yball 4 -0.045000000000000005 0.0 -1 -1 -0.18514995379829138 0.3328504931558953 -1 -1
stick yball 4 -0.045000000000000005 0.0 -1 -1 -0.11164166921100184 -0.040826438552919786 -1 -1
stick yball 4 -0.045000000000000005 0.0 -1 -1 -0.09837828551507449 0.040988083358962965 -1 -1
stick yball 4 -0.045000000000000005 0.0 -1 -1 -0.10705038731151453 -0.04140169157244237 -1 -1
stick yball 4 -0.045000000000000005 0.0 -1 -1 -0.07743784963331717 0.04102350004156285 -1 -1
stick yball 4 -0.045000000000000005 0.0 -1 -1 -0.15900695412222587 -0.01356778317970473 -1 -1
stick yball 4 -0.045000000000000005 0.0 -1 -1 -0.18073775192056027 -0.0031188774811264745 -1 -1
stick yball 4 -0.045000000000000005 0.0 -1 -1 -0.09419226897841423 0.040996879062366924 -1 -1
stick yball 4 -0.045000000000000005 0.0 -1 -1 -0.06984082431299095 0.04680306159657376 -1 -1
stick yball 4 -0.045000000000000005 0.0 -1 -1 -0.14397693089933236 0.02963373511379447 -1 -1
stick yball 4 -0.045000000000000005 0.0 -1 -1 -0.1154391986784425 0.04151484090808455 -1 -1
stick yball 4 -0.045000000000000005 0.0 -1 -1 -0.22122452421767913 0.048195474422004295 -1 -1
stick yball 4 -0.045000000000000005 0.0 -1 -1 -0.15076040376804462 -0.017780614783536385 -1 -1
stick yball 4 -0.045000000000000005 0.0 -1 -1 -0.15333725450243696 -0.006359277726050622 -1 -1
stick yball 4 -0.045000000000000005 0.0 -1 -1 -0.2454872209903202 0.006115741997544514 -1 -1
stick yball 4 -0.045000000000000005 0.0 -1 -1 -0.15158628983450234 -0.013146140628086719 -1 -1
stick yball 4 -0.045000000000000005 0.0 -1 -1 -0.13548942403585748 0.03768425596664127 -1 -1
stick yball 4 -0.045000000000000005 0.0 -1 -1 -0.14226852063846884 0.03730330081759289 -1 -1
stick yball 4 -0.045000000000000005 0.0 -1 -1 -0.15598203802086852 -0.022220237194233543 -1 -1
stick yball 4 -0.045000000000000005 0.0 -1 -1 -0.14577959647652167 0.02945077141373108 -1 -1
stick yball 4 -0.045000000000000005 0.0 -1 -1 -0.15302996795319798 -0.008470911159492223 -1 -1
stick yball 4 -0.045000000000000005 0.0 -1 -1 -0.05543291325123776 -0.04075279492064491 -1 -1
stick yball 4 -0.045000000000000005 0.0 -1 -1 -0.12439455452948851 0.04053273733372342 -1 -1
stick yball 4 -0.045000000000000005 0.0 -1 -1 -0.4512934636205346 -0.18440650473857026 -1 -1
stick yball 4 -0.045000000000000005 0.0 -1 -1 -0.14399695158259773 -0.31813013157607 -1 -1
stick yball 4 -0.045000000000000005 0.0 -1 -1 -0.138091360638603 -0.037106788232806005 -1 -1
