stick yball 4 -0.045000000000000005 0.0 -1 -1 -0.153191032990852 -3.4692177409332904e-05 -1 -1
stick yball 4 -0.045000000000000005 0.0 -1 -1 -0.15324850103419213 -4.160354852525983e-05 -1 -1
stick yball 4 -0.045000000000000005 0.0 -1 -1 -0.15320906150648805 3.5286415750813985e-05 -1 -1
stick yball 4 -0.045000000000000005 0.0 -1 -1 -0.15310071155567587 3.830956316892857e-05 -1 -1
stick yball 4 -0.045000000000000005 0.0 -1 -1 -0.15318333833075473 -3.891653417611925e-05 -1 -1
stick yball 4 -0.045000000000000005 0.0 -1 -1 -0.1532778640370026 -3.7311325214228156e-05 -1 -1
stick yball 4 -0.045000000000000005 0.0 -1 -1 -0.15327303939775566 -3.63780508936446e-05 -1 -1
stick yball 4 -0.045000000000000005 0.0 -1 -1 -0.1530784804272537 3.7848703278737906e-05 -1 -1
stick yball 4 -0.045000000000000005 0.0 -1 -1 -0.15298819082379816 -3.826059747345024e-05 -1 -1
stick yball 4 -0.045000000000000005 0.0 -1 -1 -0.15334213527956544 -5.1596538635256506e-05 -1 -1
stick yball 4 -0.045000000000000005 0.0 -1 -1 -0.1530300952556941 3.6798340051628494e-05 -1 -1
stick yball 4 -0.045000000000000005 0.0 -1 -1 -0.15306433876433406 -3.753170180836926e-05 -1 -1
stick yball 4 -0.045000000000000005 0.0 -1 -1 -0.15330436121979382 -2.2870052457118793e-06 -1 -1
stick yball 4 -0.045000000000000005 0.0 -1 -1 -0.15328833297517727 -3.7814049042487527e-05 -1 -1
stick yball 4 -0.045000000000000005 0.0 -1 -1 -0.1530276479939719 -3.811460116400275e-05 -1 -1
stick yball 4 -0.045000000000000005 0.0 -1 -1 -0.15328451690826123 3.3875309969229216e-05 -1 -1
stick yball 4 -0.045000000000000005 0.0 -1 -1 -0.1532757341184524 -3.9746725299577954e-05 -1 -1
stick yball 4 -0.045000000000000005 0.0 -1 -1 -0.15329476611758158 3.651203745548313e-05 -1 -1
stick yball 4 -0.045000000000000005 0.0 -1 -1 -0.15333275260964177 3.908605285683354e-05 -1 -1
stick yball 4 -0.045000000000000005 0.0 -1 -1 -0.1533031863830253 -3.574519354039245e-05 -1 -1
