stick yball 4 -0.045000000000000005 0.0 -1 -1 -0.1531992633083135 3.719801013216229e-05 -1 -1
stick yball 4 -0.045000000000000005 0.0 -1 -1 -0.15296837313848766 -3.483289444836304e-05 -1 -1
stick yball 4 -0.045000000000000005 0.0 -1 -1 -0.15334439840041653 -3.0249787818267557e-05 -1 -1
stick yball 4 -0.045000000000000005 0.0 -1 -1 -0.15300519846874422 2.1778815073203596e-05 -1 -1
stick yball 4 -0.045000000000000005 0.0 -1 -1 -0.15304836544742498 3.800863716858991e-05 -1 -1
stick yball 4 -0.045000000000000005 0.0 -1 -1 -0.15320415854576191 -6.615731573663455e-05 -1 -1
stick yball 4 -0.045000000000000005 0.0 -1 -1 -0.15326437956659458 -3.796172564134623e-05 -1 -1
stick yball 4 -0.045000000000000005 0.0 -1 -1 -0.15317710463697343 -3.558071572709129e-05 -1 -1
stick yball 4 -0.045000000000000005 0.0 -1 -1 -0.1531847396567024 -3.771444374727177e-05 -1 -1
stick yball 4 -0.045000000000000005 0.0 -1 -1 -0.15329140992149043 -3.7720053101044827e-05 -1 -1
stick yball 4 -0.045000000000000005 0.0 -1 -1 -0.15329465610698503 3.738970319483551e-05 -1 -1
stick yball 4 -0.045000000000000005 0.0 -1 -1 -0.15330229192288028 -3.8308549383121704e-05 -1 -1
stick yball 4 -0.045000000000000005 0.0 -1 -1 -0.15326373715147584 -4.851217781416998e-05 -1 -1
stick yball 4 -0.045000000000000005 0.0 -1 -1 -0.15301020501083065 -3.5177409359864486e-05 -1 -1
stick yball 4 -0.045000000000000005 0.0 -1 -1 -0.1532429841552764 4.337425683427294e-05 -1 -1
