stick yball 4 -0.045000000000000005 0.0 -1 -1 -0.15260403000006592 -0.009236818671750862 -1 -1
stick yball 4 -0.045000000000000005 0.0 -1 -1 -0.14024466286065235 0.033167752439037565 -1 -1
stick yball 4 -0.045000000000000005 0.0 -1 -1 -0.07494760237752439 -0.24125777532745968 -1 -1
stick yball 4 -0.045000000000000005 0.0 -1 -1 -0.13920908344683286 -0.03376550351394554 -1 -1
stick yball 4 -0.045000000000000005 0.0 -1 -1 -0.15480412248429123 0.008841939127682805 -1 -1
stick yball 4 -0.045000000000000005 0.0 -1 -1 -0.15094361172137255 -0.016163020166008284 -1 -1
stick yball 4 -0.045000000000000005 0.0 -1 -1 -0.12422623436394051 -0.04058083185951202 -1 -1
stick yball 4 -0.045000000000000005 0.0 -1 -1 -0.1448634855271337 -0.028225959699091096 -1 -1
stick yball 4 -0.045000000000000005 0.0 -1 -1 -0.15352261882829898 -0.004984662042466968 -1 -1
stick yball 4 -0.045000000000000005 0.0 -1 -1 -0.14024037360635366 -0.03291635969856791 -1 -1
stick yball 4 -0.045000000000000005 0.0 -1 -1 -0.17288399301127444 0.015172140869430426 -1 -1
stick yball 4 -0.045000000000000005 0.0 -1 -1 -0.1796543531077931 0.06506828934780749 -1 -1
stick yball 4 -0.045000000000000005 0.0 -1 -1 -0.1576402170665776 0.013588215756690223 -1 -1
stick yball 4 -0.045000000000000005 0.0 -1 -1 -0.1751120394793623 -0.00538729275231646 -1 -1
stick yball 4 -0.045000000000000005 0.0 -1 -1 -0.1585956400151598 -0.04276368389011792 -1 -1
stick yball 4 -0.045000000000000005 0.0 -1 -1 -0.2069378405956045 0.02429865655570165 -1 -1
stick yball 4 -0.045000000000000005 0.0 -1 -1 -0.13494959200530315 0.03867499765639099 -1 -1
stick yball 4 -0.045000000000000005 0.0 -1 -1 -0.17144780240503743 -0.0018353351384463462 -1 -1
stick yball 4 -0.045000000000000005 0.0 -1 -1 -0.17829080119028445 -0.05555984476273437 -1 -1
stick yball 4 -0.045000000000000005 0.0 -1 -1 -0.22276537471138685 -0.04039988282967105 -1 -1
stick yball 4 -0.045000000000000005 0.0 -1 -1 -0.14510198609199382 -0.02824503008131011 -1 -1
stick yball 4 -0.045000000000000005 0.0 -1 -1 -0.15300132248208667 -0.004960038500663618 -1 -1
stick yball 4 -0.045000000000000005 0.0 -1 -1 -0.3816514271376306 -0.18644129260671508 -1 -1
stick yball 4 -0.045000000000000005 0.0 -1 -1 -0.13004089092444202 -0.039010825139001254 -1 -1
stick yball 4 -0.045000000000000005 0.0 -1 -1 -0.14050202726751698 -0.04884519507158351 -1 -1
stick yball 4 -0.045000000000000005 0.0 -1 -1 -0.1538703517532455 -0.0038178018649275345 -1 -1
stick yball 4 -0.045000000000000005 0.0 -1 -1 -0.1585566397061944 -0.23063803814503334 -1 -1
stick yball 4 -0.045000000000000005 0.0 -1 -1 -0.15435569742475483 0.009757525254290383 -1 -1
stick yball 4 -0.045000000000000005 0.0 -1 -1 -0.1515789599479967 -0.015540732775753881 -1 -1
stick yball 4 -0.045000000000000005 0.0 -1 -1 -0.150736313378101 0.026960252466681153 -1 -1
stick yball 4 -0.045000000000000005 0.0 -1 -1 -0.15321943983977937 -0.005897523134198707 -1 -1
stick yball 4 -0.045000000000000005 0.0 -1 -1 -0.16499638875666922 0.022623506067825757 -1 -1
stick yball 4 -0.045000000000000005 0.0 -1 -1 -0.15567805377304292 -0.02101640327319455 -1 -1
stick yball 4 -0.045000000000000005 0.0 -1 -1 -0.15284542097519996 0.006073680178473005 -1 -1
stick yball 4 -0.045000000000000005 0.0 -1 -1 -0.1489385877238166 -0.021543577575501703 -1 -1
stick yball 4 -0.045000000000000005 0.0 -1 -1 -0.15444614143814278 -0.0012300720814355439 -1 -1
stick yball 4 -0.045000000000000005 0.0 -1 -1 -0.1541962694739003 -0.02808918254312844 -1 -1
stick yball 4 -0.045000000000000005 0.0 -1 -1 -0.14864868698659772 -0.026610836876044475 -1 -1
stick yball 4 -0.045000000000000005 0.0 -1 -1 -0.15524661477191856 -0.016107120520928067 -1 -1
stick yball 4 -0.045000000000000005 0.0 -1 -1 -0.1343179706320672 -0.03981135249698964 -1 -1
