stick yball 4 -0.045000000000000005 0.0 -1 -1 -0.15392485709345538 -0.0060426151124298895 -1 -1
stick yball 4 -0.045000000000000005 0.0 -1 -1 -0.33880397394888334 0.049220172033493666 -1 -1
stick yball 4 -0.045000000000000005 0.0 -1 -1 -0.09977369674804822 -0.0442405910091563 -1 -1
stick yball 4 -0.045000000000000005 0.0 -1 -1 -0.24401955870358666 0.12535391517602504 -1 -1
stick yball 4 -0.045000000000000005 0.0 -1 -1 -0.15237728380325552 -0.02095434498854179 -1 -1
stick yball 4 -0.045000000000000005 0.0 -1 -1 -0.27776298954062656 0.08286543396929867 -1 -1
stick yball 4 -0.045000000000000005 0.0 -1 -1 -0.07262551014546983 -0.04622191124240846 -1 -1
stick yball 4 -0.045000000000000005 0.0 -1 -1 -0.15423340783686132 0.04599777846265082 -1 -1
stick yball 4 -0.045000000000000005 0.0 -1 -1 -0.09862959602934626 -0.04076799245336057 -1 -1
stick yball 4 -0.045000000000000005 0.0 -1 -1 -0.06215659778700726 0.056384145991089644 -1 -1
stick yball 4 -0.045000000000000005 0.0 -1 -1 -0.15319081220393072 -0.0064413220469027475 -1 -1
stick yball 4 -0.045000000000000005 0.0 -1 -1 -0.15213425734184216 0.012347599742037276 -1 -1
stick yball 4 -0.045000000000000005 0.0 -1 -1 -0.1209629287434269 -0.04115202466452267 -1 -1
stick yball 4 -0.045000000000000005 0.0 -1 -1 -0.06543955974920172 0.16155976889966206 -1 -1
stick yball 4 -0.045000000000000005 0.0 -1 -1 -0.09685430411963762 0.04194567766814029 -1 -1
stick yball 4 -0.045000000000000005 0.0 -1 -1 -0.12429443263695784 -0.055287131430241915 -1 -1
stick yball 4 -0.045000000000000005 0.0 -1 -1 -0.060629824320964434 0.04089758595839536 -1 -1
stick yball 4 -0.045000000000000005 0.0 -1 -1 -0.15089666191409398 0.03997586854738789 -1 -1
stick yball 4 -0.045000000000000005 0.0 -1 -1 -0.16303406757764208 0.0121657461438476 -1 -1
stick yball 4 -0.045000000000000005 0.0 -1 -1 -0.17832961619849316 -0.04446886649822502 -1 -1
stick yball 4 -0.045000000000000005 0.0 -1 -1 -0.14212861287919534 -0.0317439952617251 -1 -1
stick yball 4 -0.045000000000000005 0.0 -1 -1 -0.19291538409293918 0.03428309500279815 -1 -1
stick yball 4 -0.045000000000000005 0.0 -1 -1 -0.10759435803239584 -0.04084372576340737 -1 -1
stick yball 4 -0.045000000000000005 0.0 -1 -1 -0.14396696735267386 -0.02876213328630211 -1 -1
stick yball 4 -0.045000000000000005 0.0 -1 -1 -0.1585024152259047 0.027257858425450504 -1 -1
stick yball 4 -0.045000000000000005 0.0 -1 -1 -0.1469020010623838 0.027090814740759656 -1 -1
stick yball 4 -0.045000000000000005 0.0 -1 -1 -0.1445574216319102 -0.040241948473807666 -1 -1
stick yball 4 -0.045000000000000005 0.0 -1 -1 -0.33956787841369007 -0.32824685214257104 -1 -1
stick yball 4 -0.045000000000000005 0.0 -1 -1 -0.06337518054212628 -0.04902883543065731 -1 -1
stick yball 4 -0.045000000000000005 0.0 -1 -1 -0.19802262362996848 0.07823348056992403 -1 -1
stick yball 4 -0.045000000000000005 0.0 -1 -1 -0.12418248348470264 0.10966415798431589 -1 -1
stick yball 4 -0.045000000000000005 0.0 -1 -1 -0.15803923307356357 0.01376801901836648 -1 -1
stick yball 4 -0.045000000000000005 0.0 -1 -1 -0.15272906790618931 0.013093884031154761 -1 -1
stick yball 4 -0.045000000000000005 0.0 -1 -1 -0.24522662112948346 -0.013028068491002137 -1 -1
stick yball 4 -0.045000000000000005 0.0 -1 -1 -0.15146602929501943 -0.01608307793330182 -1 -1
stick yball 4 -0.045000000000000005 0.0 -1 -1 -0.12620579209223778 0.04018265903743915 -1 -1
stick yball 4 -0.045000000000000005 0.0 -1 -1 -0.1069982472946082 -0.041752373401172355 -1 -1
stick yball 4 -0.045000000000000005 0.0 -1 -1 -0.24773423220906954 -0.06554436148756025 -1 -1
stick yball 4 -0.045000000000000005 0.0 -1 -1 -0.16803241226341784 0.018595659402593914 -1 -1
stick yball 4 -0.045000000000000005 0.0 -1 -1 -0.1503458510954075 0.022614376206097207 -1 -1
