stick yball 4 -0.045000000000000005 0.0 -1 -1 -0.1314943708459264 -0.04972072285761567 -1 -1
stick yball 4 -0.045000000000000005 0.0 -1 -1 -0.14685254273170337 -0.025711041840011162 -1 -1
stick yball 4 -0.045000000000000005 0.0 -1 -1 -0.15541518785629566 -0.0008328414450218814 -1 -1
stick yball 4 -0.045000000000000005 0.0 -1 -1 -0.13344173996400216 0.04217767629409059 -1 -1
stick yball 4 -0.045000000000000005 0.0 -1 -1 -0.11890413899076063 -0.04436306344644808 -1 -1
stick yball 4 -0.045000000000000005 0.0 -1 -1 -0.21038416383065547 -0.016138630312094816 -1 -1
stick yball 4 -0.045000000000000005 0.0 -1 -1 -0.1532105718666021 0.004484205899087081 -1 -1
stick yball 4 -0.045000000000000005 0.0 -1 -1 -0.14467243745655547 0.03976987300648259 -1 -1
stick yball 4 -0.045000000000000005 0.0 -1 -1 -0.14121868441442298 -0.03231427798257074 -1 -1
stick yball 4 -0.045000000000000005 0.0 -1 -1 -0.15391813621810707 -0.00048557999006750447 -1 -1
stick yball 4 -0.045000000000000005 0.0 -1 -1 -0.1531740241265383 -0.005456724776126685 -1 -1
stick yball 4 -0.045000000000000005 0.0 -1 -1 -0.13791684512715915 -0.0349224985846948 -1 -1
stick yball 4 -0.045000000000000005 0.0 -1 -1 -0.16242846547008155 -0.03498581685759467 -1 -1
stick yball 4 -0.045000000000000005 0.0 -1 -1 -0.15116170757013725 -0.01647529220831452 -1 -1
stick yball 4 -0.045000000000000005 0.0 -1 -1 -0.15245260693337478 -0.01057665045602698 -1 -1
stick yball 4 -0.045000000000000005 0.0 -1 -1 -0.16203697247121657 -0.0493645089691345 -1 -1
stick yball 4 -0.045000000000000005 0.0 -1 -1 -0.17811570073557242 -0.005877577504158906 -1 -1
stick yball 4 -0.045000000000000005 0.0 -1 -1 -0.15437922295887058 -0.0013148277773455995 -1 -1
stick yball 4 -0.045000000000000005 0.0 -1 -1 -0.24478572259199435 -0.07940073013037617 -1 -1
stick yball 4 -0.045000000000000005 0.0 -1 -1 -0.19281275905073372 -0.05282845155166921 -1 -1
stick yball 4 -0.045000000000000005 0.0 -1 -1 -0.13910695436109113 0.033972342642668324 -1 -1
stick yball 4 -0.045000000000000005 0.0 -1 -1 -0.09988638055893383 -0.09275054099971325 -1 -1
stick yball 4 -0.045000000000000005 0.0 -1 -1 -0.15337988705752528 -0.0012365944776659983 -1 -1
stick yball 4 -0.045000000000000005 0.0 -1 -1 -0.15273224458711143 -0.008780103863257173 -1 -1
stick yball 4 -0.045000000000000005 0.0 -1 -1 -0.18490281724241128 -0.033448373360103575 -1 -1
stick yball 4 -0.045000000000000005 0.0 -1 -1 -0.03163744615016955 0.13751347872708164 -1 -1
stick yball 4 -0.045000000000000005 0.0 -1 -1 -0.16480164807751568 0.03854785471768041 -1 -1
stick yball 4 -0.045000000000000005 0.0 -1 -1 -0.14425893476914517 0.028977951617642 -1 -1
stick yball 4 -0.045000000000000005 0.0 -1 -1 -0.33918492869366074 -0.08376028356210459 -1 -1
stick yball 4 -0.045000000000000005 0.0 -1 -1 -0.15396963802549354 -0.006992551406419578 -1 -1
stick yball 4 -0.045000000000000005 0.0 -1 -1 -0.2111239790508979 -0.06381463583688272 -1 -1
stick yball 4 -0.045000000000000005 0.0 -1 -1 -0.15999116459380042 0.019844076684579933 -1 -1
stick yball 4 -0.045000000000000005 0.0 -1 -1 -0.1542403415189983 -0.003604337124012384 -1 -1
stick yball 4 -0.045000000000000005 0.0 -1 -1 -0.3076475226846399 0.07622448147191657 -1 -1
stick yball 4 -0.045000000000000005 0.0 -1 -1 -0.1528707848582896 0.010351777701774902 -1 -1
stick yball 4 -0.045000000000000005 0.0 -1 -1 -0.13131081288146512 -0.03864070210811486 -1 -1
stick yball 4 -0.045000000000000005 0.0 -1 -1 -0.1525400044337196 -0.007930855043394601 -1 -1
stick yball 4 -0.045000000000000005 0.0 -1 -1 -0.14127997553855282 -0.0321103939910285 -1 -1
stick yball 4 -0.045000000000000005 0.0 -1 -1 -0.1468039103270203 -0.060191786153593815 -1 -1
stick yball 4 -0.045000000000000005 0.0 -1 -1 -0.14652138550378585 0.02995312755018063 -1 -1
