stick yball 4 -0.045000000000000005 0.0 -1 -1 -0.15152491778101262 -0.014712491067027668 -1 -1
stick yball 4 -0.045000000000000005 0.0 -1 -1 -0.1532594902599494 -0.0070905139639057795 -1 -1
stick yball 4 -0.045000000000000005 0.0 -1 -1 -0.15280330152269755 0.009013055159927254 -1 -1
stick yball 4 -0.045000000000000005 0.0 -1 -1 -0.14675279508475647 -0.026158161518922585 -1 -1
stick yball 4 -0.045000000000000005 0.0 -1 -1 -0.15194972734122061 -0.029558343851917745 -1 -1
stick yball 4 -0.045000000000000005 0.0 -1 -1 -0.15025982531534687 -0.018651081691512104 -1 -1
stick yball 4 -0.045000000000000005 0.0 -1 -1 -0.33176056501842 -0.15010594623897133 -1 -1
stick yball 4 -0.045000000000000005 0.0 -1 -1 -0.15288678084183996 0.007993634630652148 -1 -1
stick yball 4 -0.045000000000000005 0.0 -1 -1 -0.1655382086210814 -0.019783028311143626 -1 -1
stick yball 4 -0.045000000000000005 0.0 -1 -1 -0.15294078408046352 -0.00475640491110801 -1 -1
stick yball 4 -0.045000000000000005 0.0 -1 -1 -0.15614857785825167 0.005285913569164698 -1 -1
stick yball 4 -0.045000000000000005 0.0 -1 -1 -0.15299084991473733 -0.0006459292962288682 -1 -1
stick yball 4 -0.045000000000000005 0.0 -1 -1 -0.16715412298308957 -0.03547906476744115 -1 -1
stick yball 4 -0.045000000000000005 0.0 -1 -1 -0.2442807565110174 0.1973474106055493 -1 -1
stick yball 4 -0.045000000000000005 0.0 -1 -1 -0.285389384499337 0.2432508592065177 -1 -1
stick yball 4 -0.045000000000000005 0.0 -1 -1 -0.2888439675569928 0.23937649050140233 -1 -1
stick yball 4 -0.045000000000000005 0.0 -1 -1 -0.0861111854961152 0.04127253072672909 -1 -1
stick yball 4 -0.045000000000000005 0.0 -1 -1 -0.15302101092749523 -0.008160739230207003 -1 -1
stick yball 4 -0.045000000000000005 0.0 -1 -1 -0.17139361469273906 -0.02085233272056348 -1 -1
stick yball 4 -0.045000000000000005 0.0 -1 -1 -0.1970729123960994 0.03581267978103989 -1 -1
stick yball 4 -0.045000000000000005 0.0 -1 -1 -0.13140878241500661 -0.03855817807743289 -1 -1
stick yball 4 -0.045000000000000005 0.0 -1 -1 -0.2711385927973144 -0.12455735402470419 -1 -1
stick yball 4 -0.045000000000000005 0.0 -1 -1 -0.15238637219621026 -0.07546846726819628 -1 -1
stick yball 4 -0.045000000000000005 0.0 -1 -1 -0.1533001895829718 -0.001431435051692458 -1 -1
stick yball 4 -0.045000000000000005 0.0 -1 -1 -0.13818428376287165 0.13613054934267788 -1 -1
stick yball 4 -0.045000000000000005 0.0 -1 -1 -0.16701691457201223 0.0801824914545332 -1 -1
stick yball 4 -0.045000000000000005 0.0 -1 -1 -0.22958835990988694 -0.09168088726791915 -1 -1
stick yball 4 -0.045000000000000005 0.0 -1 -1 -0.1493976831382825 -0.020671915368781175 -1 -1
stick yball 4 -0.045000000000000005 0.0 -1 -1 -0.15378327719230972 -0.009240058859360842 -1 -1
stick yball 4 -0.045000000000000005 0.0 -1 -1 -0.14104501215811185 -0.03251281139961303 -1 -1
stick yball 4 -0.045000000000000005 0.0 -1 -1 -0.34891566913039773 0.016201268180545157 -1 -1
stick yball 4 -0.045000000000000005 0.0 -1 -1 -0.1862801946440577 -0.10024199928232917 -1 -1
stick yball 4 -0.045000000000000005 0.0 -1 -1 -0.016991756305925546 -0.6628335379873265 -1 -1
stick yball 4 -0.045000000000000005 0.0 -1 -1 -0.15566985792528645 0.04014222857583609 -1 -1
stick yball 4 -0.045000000000000005 0.0 -1 -1 -0.10931507011820679 0.04357522896177017 -1 -1
stick yball 4 -0.045000000000000005 0.0 -1 -1 -0.15178268007873782 -0.014873257204450185 -1 -1
stick yball 4 -0.045000000000000005 0.0 -1 -1 -0.15271943393931012 0.00965415643648687 -1 -1
stick yball 4 -0.045000000000000005 0.0 -1 -1 -0.1365007815471951 0.03586589351385103 -1 -1
stick yball 4 -0.045000000000000005 0.0 -1 -1 -0.15310252378499015 0.006355792037950745 -1 -1
stick yball 4 -0.045000000000000005 0.0 -1 -1 -0.15977756565355253 0.02590521214725503 -1 -1
