stick yball 4 -0.045000000000000005 0.0 -1 -1 -0.15296381819825264 3.9052521483386616e-05 -1 -1
stick yball 4 -0.045000000000000005 0.0 -1 -1 -0.15316578186981167 3.678865322749367e-05 -1 -1
stick yball 4 -0.045000000000000005 0.0 -1 -1 -0.15329599438298203 3.8491400261697594e-05 -1 -1
stick yball 4 -0.045000000000000005 0.0 -1 -1 -0.15327596299396515 -3.8386022878395035e-05 -1 -1
stick yball 4 -0.045000000000000005 0.0 -1 -1 -0.1532227315604388 -4.883101883583395e-05 -1 -1
stick yball 4 -0.045000000000000005 0.0 -1 -1 -0.15337229406691005 -3.5213992889864026e-05 -1 -1
stick yball 4 -0.045000000000000005 0.0 -1 -1 -0.15331905133245688 3.783248051741659e-05 -1 -1
stick yball 4 -0.045000000000000005 0.0 -1 -1 -0.15316201474736105 -4.8506722200999246e-05 -1 -1
stick yball 4 -0.045000000000000005 0.0 -1 -1 -0.15299464543514635 4.1775826930974975e-05 -1 -1
stick yball 4 -0.045000000000000005 0.0 -1 -1 -0.1533027863328392 3.183758142805065e-05 -1 -1
stick yball 4 -0.045000000000000005 0.0 -1 -1 -0.1532906845371879 -4.861434477674577e-05 -1 -1
stick yball 4 -0.045000000000000005 0.0 -1 -1 -0.15323818351462956 -4.3960767446798486e-05 -1 -1
stick yball 4 -0.045000000000000005 0.0 -1 -1 -0.15331085211111645 -2.0139544505502534e-05 -1 -1
stick yball 4 -0.045000000000000005 0.0 -1 -1 -0.1531864199141338 -3.825805538650454e-05 -1 -1
stick yball 4 -0.045000000000000005 0.0 -1 -1 -0.1532053690501386 3.6186083825124646e-05 -1 -1
stick yball 4 -0.045000000000000005 0.0 -1 -1 -0.15345699345181105 3.653841462980221e-05 -1 -1
stick yball 4 -0.045000000000000005 0.0 -1 -1 -0.15301815444428407 5.547867512730501e-06 -1 -1
stick yball 4 -0.045000000000000005 0.0 -1 -1 -0.15299282482654314 -3.547420207841245e-05 -1 -1
stick yball 4 -0.045000000000000005 0.0 -1 -1 -0.15350013085603303 -3.835996719658458e-05 -1 -1
stick yball 4 -0.045000000000000005 0.0 -1 -1 -0.1533668216409751 3.82032652810053e-05 -1 -1
stick yball 4 -0.045000000000000005 0.0 -1 -1 -0.15326471667984812 -5.1658787926612816e-05 -1 -1
stick yball 4 -0.045000000000000005 0.0 -1 -1 -0.1530083232533466 -3.6228461016179204e-05 -1 -1
stick yball 4 -0.045000000000000005 0.0 -1 -1 -0.15322336214584978 -3.567547040144635e-05 -1 -1
stick yball 4 -0.045000000000000005 0.0 -1 -1 -0.1531965854215403 3.846218934479144e-05 -1 -1
stick yball 4 -0.045000000000000005 0.0 -1 -1 -0.15306771246941103 -3.41786693710629e-05 -1 -1
stick yball 4 -0.045000000000000005 0.0 -1 -1 -0.15313966048995767 1.0606621139809683e-05 -1 -1
stick yball 4 -0.045000000000000005 0.0 -1 -1 -0.15303078237254777 -3.76129779652603e-05 -1 -1
stick yball 4 -0.045000000000000005 0.0 -1 -1 -0.1531399600014887 1.3375286702964863e-05 -1 -1
stick yball 4 -0.045000000000000005 0.0 -1 -1 -0.15325317175224412 -3.6104478756330965e-05 -1 -1
stick yball 4 -0.045000000000000005 0.0 -1 -1 -0.153252827937945 -3.60784074681325e-05 -1 -1
stick yball 4 -0.045000000000000005 0.0 -1 -1 -0.15327594302003697 -3.815502041871862e-05 -1 -1
stick yball 4 -0.045000000000000005 0.0 -1 -1 -0.15334868323634415 -5.7249397310727185e-05 -1 -1
stick yball 4 -0.045000000000000005 0.0 -1 -1 -0.15337142338246834 -3.464581822226906e-05 -1 -1
stick yball 4 -0.045000000000000005 0.0 -1 -1 -0.15314195208263068 3.993546926366355e-05 -1 -1
stick yball 4 -0.045000000000000005 0.0 -1 -1 -0.1531867821899569 4.0074336183675966e-05 -1 -1
stick yball 4 -0.045000000000000005 0.0 -1 -1 -0.15329307843319523 3.621332701016505e-05 -1 -1
stick yball 4 -0.045000000000000005 0.0 -1 -1 -0.1530196367122293 -3.5484046133065874e-05 -1 -1
stick yball 4 -0.045000000000000005 0.0 -1 -1 -0.1531848774290688 -3.8447804493121364e-05 -1 -1
stick yball 4 -0.045000000000000005 0.0 -1 -1 -0.15326911848294952 -3.7265030838231033e-05 -1 -1
stick yball 4 -0.045000000000000005 0.0 -1 -1 -0.15326437639939997 -3.791159048465244e-05 -1 -1
stick yball 4 -0.045000000000000005 0.0 -1 -1 -0.1532591301737659 -3.733142127307244e-05 -1 -1
stick yball 4 -0.045000000000000005 0.0 -1 -1 -0.15300115459652552 3.791369224973136e-05 -1 -1
stick yball 4 -0.045000000000000005 0.0 -1 -1 -0.1533330367582315 3.9555192325803446e-05 -1 -1
stick yball 4 -0.045000000000000005 0.0 -1 -1 -0.15318529880628393 3.4453209159819324e-05 -1 -1
stick yball 4 -0.045000000000000005 0.0 -1 -1 -0.15314933027254676 2.776459321828533e-06 -1 -1
stick yball 4 -0.045000000000000005 0.0 -1 -1 -0.15319063563686453 3.875198504157869e-05 -1 -1
stick yball 4 -0.045000000000000005 0.0 -1 -1 -0.15315038342289947 3.601356207962377e-05 -1 -1
stick yball 4 -0.045000000000000005 0.0 -1 -1 -0.1532923225347737 -3.887295171739662e-05 -1 -1
stick yball 4 -0.045000000000000005 0.0 -1 -1 -0.1533892888132083 3.5388963882357496e-05 -1 -1
stick yball 4 -0.045000000000000005 0.0 -1 -1 -0.15328086901148819 3.9329951668769826e-05 -1 -1
stick yball 4 -0.045000000000000005 0.0 -1 -1 -0.15329937230532964 -3.491970381471488e-05 -1 -1
stick yball 4 -0.045000000000000005 0.0 -1 -1 -0.15332735952990867 -3.947875043638732e-05 -1 -1
stick yball 4 -0.045000000000000005 0.0 -1 -1 -0.15332354450625457 -3.384730264551577e-05 -1 -1
stick yball 4 -0.045000000000000005 0.0 -1 -1 -0.15313001188100392 3.643086197925518e-05 -1 -1
stick yball 4 -0.045000000000000005 0.0 -1 -1 -0.15328089695836947 -3.6703766639141036e-05 -1 -1
stick yball 4 -0.045000000000000005 0.0 -1 -1 -0.15310617871242502 -3.3089738514523435e-05 -1 -1
stick yball 4 -0.045000000000000005 0.0 -1 -1 -0.15309435017220413 3.911463612847311e-05 -1 -1
stick yball 4 -0.045000000000000005 0.0 -1 -1 -0.15336234549808309 3.635255124081347e-05 -1 -1
stick yball 4 -0.045000000000000005 0.0 -1 -1 -0.15334990379992355 -3.448679537833683e-05 -1 -1
stick yball 4 -0.045000000000000005 0.0 -1 -1 -0.1532080808688817 3.5269301454548936e-05 -1 -1
