stick yball 4 -0.045000000000000005 0.0 -1 -1 -0.14269211039251467 -0.03035728687807272 -1 -1
stick yball 4 -0.045000000000000005 0.0 -1 -1 -0.16194771408199415 0.006020345109649658 -1 -1
stick yball 4 -0.045000000000000005 0.0 -1 -1 -0.148290803960838 -0.023243378669187787 -1 -1
stick yball 4 -0.045000000000000005 0.0 -1 -1 -0.15350162177239884 0.0030754707045164784 -1 -1
stick yball 4 -0.045000000000000005 0.0 -1 -1 -0.30263190046310356 0.0861422791229289 -1 -1
stick yball 4 -0.045000000000000005 0.0 -1 -1 -0.1497241178034818 -0.02073253330408361 -1 -1
stick yball 4 -0.045000000000000005 0.0 -1 -1 -0.06329923078159569 -0.04241325990826566 -1 -1
stick yball 4 -0.045000000000000005 0.0 -1 -1 -0.15335544234990833 -0.0025771796433484394 -1 -1
stick yball 4 -0.045000000000000005 0.0 -1 -1 -0.23561350594738392 0.016785712366721724 -1 -1
stick yball 4 -0.045000000000000005 0.0 -1 -1 -0.10708356012629332 0.043489079640098426 -1 -1
stick yball 4 -0.045000000000000005 0.0 -1 -1 -0.15298632175597013 0.0041746635289637 -1 -1
stick yball 4 -0.045000000000000005 0.0 -1 -1 -0.05632433562276052 0.04353246372047776 -1 -1
stick yball 4 -0.045000000000000005 0.0 -1 -1 -0.16915705631381334 0.00971652295581 -1 -1
stick yball 4 -0.045000000000000005 0.0 -1 -1 -0.26386846883064397 -0.07618417517327075 -1 -1
stick yball 4 -0.045000000000000005 0.0 -1 -1 -0.1222383495669392 0.05897410339983167 -1 -1
stick yball 4 -0.045000000000000005 0.0 -1 -1 -0.06962667374865178 0.04985435245202018 -1 -1
stick yball 4 -0.045000000000000005 0.0 -1 -1 -0.3668999574083396 0.08888993533009254 -1 -1
stick yball 4 -0.045000000000000005 0.0 -1 -1 -0.14172058183118116 -0.0322212914568998 -1 -1
stick yball 4 -0.045000000000000005 0.0 -1 -1 -0.13170108990548393 0.0851603364272977 -1 -1
stick yball 4 -0.045000000000000005 0.0 -1 -1 -0.08450916873841115 -0.04204660298080201 -1 -1
stick yball 4 -0.045000000000000005 0.0 -1 -1 -0.13565462895512087 0.0396852278086126 -1 -1
stick yball 4 -0.045000000000000005 0.0 -1 -1 -0.14985975313859531 -0.01927920712476971 -1 -1
stick yball 4 -0.045000000000000005 0.0 -1 -1 -0.0816363699721453 -0.08916144771466963 -1 -1
stick yball 4 -0.045000000000000005 0.0 -1 -1 -0.16132782394068204 0.012664314411189832 -1 -1
stick yball 4 -0.045000000000000005 0.0 -1 -1 -0.13753495437261506 0.055583467273366514 -1 -1
stick yball 4 -0.045000000000000005 0.0 -1 -1 -0.15299602829754338 0.005623047505837221 -1 -1
stick yball 4 -0.045000000000000005 0.0 -1 -1 -0.10205655156957108 0.042703045228503086 -1 -1
stick yball 4 -0.045000000000000005 0.0 -1 -1 -0.1529069543948744 -0.007628452174201812 -1 -1
stick yball 4 -0.045000000000000005 0.0 -1 -1 -0.1288681776582067 0.03951108654495834 -1 -1
stick yball 4 -0.045000000000000005 0.0 -1 -1 -0.15291117725613665 0.008798078711796 -1 -1
stick yball 4 -0.045000000000000005 0.0 -1 -1 -0.09295767960922573 -0.04719461293203064 -1 -1
stick yball 4 -0.045000000000000005 0.0 -1 -1 -0.17340718030175037 0.06860817103774469 -1 -1
stick yball 4 -0.045000000000000005 0.0 -1 -1 -0.09383156425293947 0.04201781037917974 -1 -1
stick yball 4 -0.045000000000000005 0.0 -1 -1 -0.06637964078484204 0.04087596229418909 -1 -1
stick yball 4 -0.045000000000000005 0.0 -1 -1 -0.15299612354567724 0.008562358351961286 -1 -1
stick yball 4 -0.045000000000000005 0.0 -1 -1 -0.22430287537488525 0.11011936146690995 -1 -1
stick yball 4 -0.045000000000000005 0.0 -1 -1 0.008924363352261806 0.251451179172348 -1 -1
stick yball 4 -0.045000000000000005 0.0 -1 -1 -0.15597312725339843 -0.01621352583807553 -1 -1
stick yball 4 -0.045000000000000005 0.0 -1 -1 -0.15437903275490766 -0.002103799106484564 -1 -1
stick yball 4 -0.045000000000000005 0.0 -1 -1 -0.09271645237040574 0.06613386233433552 -1 -1
