stick yball 4 -0.045000000000000005 0.0 -1 -1 -0.1439493675948538 -0.04362734273955358 -1 -1
stick yball 4 -0.045000000000000005 0.0 -1 -1 -0.14363507834631029 0.03989568806969481 -1 -1
stick yball 4 -0.045000000000000005 0.0 -1 -1 -0.05329204285704769 -0.170468941603353 -1 -1
stick yball 4 -0.045000000000000005 0.0 -1 -1 -0.17437561338896093 -0.12274442657197247 -1 -1
stick yball 4 -0.045000000000000005 0.0 -1 -1 -0.21719505268856207 0.30869517747702435 -1 -1
stick yball 4 -0.045000000000000005 0.0 -1 -1 -0.17637063641198683 0.08378291132757436 -1 -1
stick yball 4 -0.045000000000000005 0.0 -1 -1 -0.15567892277729234 -0.0052723755521941005 -1 -1
stick yball 4 -0.045000000000000005 0.0 -1 -1 -0.171389214165033 0.0366582276282352 -1 -1
stick yball 4 -0.045000000000000005 0.0 -1 -1 -0.33105834729244565 -0.022420897422152187 -1 -1
stick yball 4 -0.045000000000000005 0.0 -1 -1 -0.15974774511441006 -0.0009390732604524216 -1 -1
stick yball 4 -0.045000000000000005 0.0 -1 -1 -0.17541510859850232 -0.062201496789452096 -1 -1
stick yball 4 -0.045000000000000005 0.0 -1 -1 -0.07751831164239165 0.04257547629550481 -1 -1
stick yball 4 -0.045000000000000005 0.0 -1 -1 -0.15400054995159576 0.0019859295194043247 -1 -1
stick yball 4 -0.045000000000000005 0.0 -1 -1 -0.09894305013524048 -0.0411245000749317 -1 -1
stick yball 4 -0.045000000000000005 0.0 -1 -1 -0.26716247175627444 0.062423301303649696 -1 -1
stick yball 4 -0.045000000000000005 0.0 -1 -1 -0.14829712164357814 -0.023525998049635746 -1 -1
stick yball 4 -0.045000000000000005 0.0 -1 -1 -0.15927570601530933 -0.031188037678250534 -1 -1
stick yball 4 -0.045000000000000005 0.0 -1 -1 -0.18001873050087783 -0.017505754676608542 -1 -1
stick yball 4 -0.045000000000000005 0.0 -1 -1 -0.20619079141092925 0.0817356093743515 -1 -1
stick yball 4 -0.045000000000000005 0.0 -1 -1 -0.231733981263694 -0.07985517303790433 -1 -1
stick yball 4 -0.045000000000000005 0.0 -1 -1 -0.1516148491264227 0.014357504342609267 -1 -1
stick yball 4 -0.045000000000000005 0.0 -1 -1 -0.19536324742383876 -0.06838455307785095 -1 -1
stick yball 4 -0.045000000000000005 0.0 -1 -1 -0.29250571523562335 0.06690469095706206 -1 -1
stick yball 4 -0.045000000000000005 0.0 -1 -1 -0.1759988784754551 0.051761284376358255 -1 -1
stick yball 4 -0.045000000000000005 0.0 -1 -1 -0.15397458734112238 -0.07764585906453537 -1 -1
stick yball 4 -0.045000000000000005 0.0 -1 -1 -0.15218906560365916 0.013178591000443664 -1 -1
stick yball 4 -0.045000000000000005 0.0 -1 -1 -0.12306959798190123 0.045726186989680305 -1 -1
stick yball 4 -0.045000000000000005 0.0 -1 -1 -0.12996686657467632 0.04391220422721642 -1 -1
stick yball 4 -0.045000000000000005 0.0 -1 -1 -0.06855200799549832 -0.040960443478156285 -1 -1
stick yball 4 -0.045000000000000005 0.0 -1 -1 -0.1352841385175237 0.03734506871571202 -1 -1
stick yball 4 -0.045000000000000005 0.0 -1 -1 -0.10638766842512222 -0.05148652821947706 -1 -1
stick yball 4 -0.045000000000000005 0.0 -1 -1 -0.10099791868651604 -0.04113443820305085 -1 -1
stick yball 4 -0.045000000000000005 0.0 -1 -1 -0.14235395387505553 0.03181566957120764 -1 -1
stick yball 4 -0.045000000000000005 0.0 -1 -1 -0.1092239711090724 -0.04094590352719872 -1 -1
stick yball 4 -0.045000000000000005 0.0 -1 -1 -0.16340945045238042 -0.01708414144482093 -1 -1
stick yball 4 -0.045000000000000005 0.0 -1 -1 -0.3894109344047273 -0.16934328520200437 -1 -1
stick yball 4 -0.045000000000000005 0.0 -1 -1 -0.15404776878334497 -0.00688952231791713 -1 -1
stick yball 4 -0.045000000000000005 0.0 -1 -1 -0.34221000531941703 -0.10684974472064712 -1 -1
stick yball 4 -0.045000000000000005 0.0 -1 -1 -0.11754103600519734 -0.041133756070805605 -1 -1
stick yball 4 -0.045000000000000005 0.0 -1 -1 -0.1617661568902658 0.01562879104510772 -1 -1
