0.410165737377725
0.1772560353407973
1.220843915948676
0.3511845020520592
0.10521815162242426
0.039162836598929954
0.08681038683635517
0.44087644925593095
1.4903361701502131
2.8755560938385396
0.7253620875143025
0.03930975454073715
0.23645328891345258
0.31593227534370544
0.0782304322445099
0.29403165904423834
0.34838671948802813
0.2524708169253627
0.28295517896177924
0.5376837346480308
0.7881814401122804
0.10935639075330883
0.053561772135237454
0.0933761715381794
0.5330162653257717
0.44398756741230977
1.83464721854408
0.6662203222205787
0.3433103518939211
0.3731225882014618
0.0739923982329238
0.09684658341064176
1.6917147532678007
0.6850548509745067
1.3310475707032214
0.14297184198034713
0.2984248159674834
0.24407759116777783
0.08267554128627713
0.23742893579714264
0.06847536842089152
0.3419488945155105
0.5127807259872708
0.27136687658079994
1.0748095035674816
0.9427208658305981
0.07927629293967722
0.009736431207331663
1.7559672256766756
0.4655521615624941
0.3917140235224089
1.4569179046182814
0.35853345956829635
0.09894258439647274
0.20696386052484106
0.24293550939277103
0.49711069976595934
0.604448740446148
1.534142199950923
0.17771688607919647
0.31348764994774125
0.4083153142441911
0.16679598814999658
0.21169724966522396
0.8348886666961053
0.2252573315826139
0.6273322223614178
0.042666783525528704
0.3970106488911479
0.6597359404985477
0.08658730141458063
0.3276443118030054
0.5376321227989624
0.5219506556186952
1.9374430190991148
0.14594551699292335
0.38076459203801777
0.39078926064946534
0.06527521356257585
0.2893723376456644
0.6066671790139682
0.9191775563185016
1.049654534278686
0.6961557981147464
0.10918308129843682
0.15191105881367506
0.06379343582776165
0.4603373056263467
0.5957477453021778
0.15475453993172178
1.2204123369191966
1.2005132022235605
0.688120676331349
0.1262601631038393
0.21900873624785352
0.37061680479160103
0.8508814564011375
0.302084286009081
1.3344856749671088
0.6899500444720866
0.17898437505813655
0.8067914985902622
0.10848355744205287
0.047666994828974185
0.057114431669010174
0.293278109872645
0.691950453110982
0.607931057723943
0.24732271330423417
0.37348313256372434
0.08626578187850466
0.0947354742389957
0.06477096554360373
0.6457485274968965
1.1155239292899268
0.7088378372560074
0.3150564426400777
0.35656751077730975
0.06664889482564904
0.2282451528511431
0.42951944786521823
0.17613835962105037
0.967327873256738
0.16317204533346302
0.4638650834744963
0.06017626240665029
0.21809127538322765
0.09161737360627181
0.2113358289020218
1.2210573639138103
1.085576167194002
0.5205034434920207
0.29501740056099535
0.0890229683051239
0.05391136534187996
0.053341404024478525
0.5645546966692957
0.6888509313132419
1.8220566628713255
0.2856562089845174
0.8008204936620866
0.2503655441917354
0.05303230725851314
0.5084891591373424
0.4283212357117212
0.24963159685022138
0.09379432325402592
0.5142933133101001
0.19641492032196683
1.2100270450392587
0.0610871643636883
0.3918702346771501
0.5650148936083477
0.5300961544461797
2.0028706456027296
0.4821903701190995
0.46919522386647494
0.3057587944086697
0.07766460988062111
0.28402275051238873
0.48074979885937674
0.7038082237786432
0.8149335155538385
0.4126240931148909
0.0910383389536722
0.23227401662635067
0.07465085019926088
0.1523276688714567
0.8122633646346442
0.5384505611218752
0.3233275659992009
0.4460409917681974
0.38900667137818873
0.15944285508241507
0.06949245955000549
0.21074863356453932
0.6124938801799493
0.15704047930870116
0.5433998422734821
0.452220077327147
0.7338565933536398
0.5064827799879379
0.05060222072878884
0.2981533458563743
0.47818095444624853
0.39994800572148836
1.1640798004374542
0.07920805024904409
0.24783010737440836
0.4236658647972249
0.17747597032738704
0.6568444849549563
0.7765791613494505
0.2618955877322439
1.671698854675392
0.3485950844508615
0.2764434776303438
0.1468698454457743
0.14593214657698272
0.09368765164257875
0.3140675803750449
0.25371245398595077
1.4902201089707887
0.13644962659079532
0.12239189642600198
0.46804943786091313
0.20535378012820685
0.24416700310933082
0.3117248995793459
0.4279089694194101
1.3908674536186236
0.20972854213951508
0.5490161791494691
0.346663632055996
0.29112566282469654
0.3805497836739465
0.7075716917504835
0.37765092070735795
1.0994606111821912
0.2780590679620637
0.3059363370007036
0.3541929729128179
0.06860808838918411
0.33227818624841904
0.5219801456731823
0.39669870527448076
0.6717453109763442
0.8809260208654541
0.31288786775156724
0.07404709652043928
0.08715052529386164
0.3346779567176804
0.32060045984358243
1.38714881538707
1.064266759982225
0.9569620351893982
0.288502803634349
0.1993919985414002
0.11847158245875458
0.157994795750083
