4.865713097559066 0.0005243462125084303 0.19047303051090012 144.6805426027344
0.34683709248224953 0.0006223834523323135 0.14263201442453172 248.13530290071978
1.2181144040668788 0.00020210892707176614 0.1947526137621478 26.84128532125672
0.13698901105380068 0.0006294357843292615 0.07792558434661892 313.6224827164033
1.4579159002083624 0.0008253909226706713 0.15616447005156903 397.90729840278914
0.014074508363360296 0.0008136842118792748 0.034755765498411084 294001.04845677176
4.658197961403403 0.0007900573555295314 0.04117108107342321 275.76470229773855
3.212445444989547 0.0006240399284491209 0.030919949324308565 168.9966840246822
2.3786976071846015 0.00023144209823393043 0.18563800563633295 20.51369461694787
0.2806331918393164 0.000488475911100408 0.04791253730370633 206.21777358242977
1.2181138925649577 0.00020210897025814406 0.19475258098155251 18.09369946420164
4.865713125868091 0.0005243461975680131 0.19047302938249294 113.05810807724853
4.865713025976561 0.0005243461990899801 0.1904730242426326 127.593211309691
4.865713182840805 0.0005243462132719485 0.19047303155663525 139.98131569600045
4.865713102149806 0.0005243462056552523 0.19047302900292604 130.44443643535845
4.865713510294608 0.0005243462481226142 0.19047304045268137 147.27236448629031
4.865713174057568 0.0005243462126939544 0.19047303085603115 130.61353122827967
4.865713174049928 0.0005243462126945274 0.19047303085612202 151.510647776355
1.2181141845309171 0.00020210893760460146 0.19475260307625755 18.09149120846498
4.865712678087797 0.0005243462902331358 0.19047301008215425 102.67781186528765
