3.8304827528772347 1.0902509167693295 1.950568640769057 138.18231041115013
0.8060238861272914 2.491127085731154 2.858990746480839 84673.20578794206
0.7756465731307312 2.4765740972428083 0.23602053351354965 89320.69331603148
1.0809818616631706 1.497914452676098 2.6126586867129014 40863.1492029622
2.4976131901052 0.19863735681688424 2.9594430576520354 21.32777138553045
0.24783349100171045 2.778062122031928 2.7578380573000167 517850.0905499537
2.2371205620731356 1.4794472540289 2.10391674080619 75.53733738675298
1.4493234725738644 2.6662274200762055 1.4701980397832752 10729.49399434354
3.674975033910566 1.4104271356250357 0.31337770712234636 43.93242524675826
2.4718363633429243 0.321704526926164 2.4618601571469214 51.3861386258111
2.4235551566294378 0.6698149588766247 2.5146624931073602 46.363682094475024
2.4478217000493445 0.5781503387261439 2.3735381016876573 5.103126568047854
2.4621778082775143 0.6477027482263462 2.441330589764533 16.28558817196945
2.4713304635653026 0.9991335974021974 2.140555337766847 14.793820325695135
2.4777678553346956 0.7088078251891661 2.38029970935095 4.896421810371739
2.482667697524419 0.7043032408310747 2.378885765768608 11.403072568466255
2.4866296520763327 0.41541398135266794 2.092518939850394 9.981255229409221
2.489993424656696 0.6685642282591598 2.351667741197863 14.288551523264546
2.492905194229799 0.6664130981918731 2.350334460126219 18.874795983589163
2.495535262296712 0.6634715421460674 2.3515134745627027 20.900544310324094
2.497933509846645 0.6611289653919463 2.351789982838212 17.457520953421554
2.500158315655453 0.656694663868662 2.353099733429154 20.46497960179716
2.50224248776042 0.656827753014457 2.352312862924417 17.598921759667938
2.5042151585851804 0.6555891751749223 2.3524726995343017 8.271082503587289
2.506087884669359 0.6532444158938014 2.3526553220644923 13.768526980927234
2.507901128879727 0.5311036489842205 1.9798691459805422 6.577497038472809
2.509632013527 0.6426740463905243 2.3332012887893883 20.064708859618563
2.5113119735283376 0.6420872934859244 2.3332950962305867 6.268377886186998
2.5129411658600205 0.6405056768355298 2.3332109587797665 5.935760615617297
2.5145271622182364 0.6382464852522671 2.334723362319188 19.463581897571434
2.516073612362783 0.6375044766819525 2.3333930448418774 11.049474495461537
2.5175868881767673 0.6362967072864029 2.3335815316388713 13.682706717949698
2.519069831126533 0.6350360689983481 2.333477431699068 5.549498345761154
2.520525390861706 0.6337715883060124 2.333626066032778 19.3468503144589
2.5219559014521127 0.6325108841414272 2.333548940383192 9.037793305269707
2.5233633649195593 0.397194939635686 2.685065132879758 41.56825830162184
2.5247492677045758 0.6216522940374721 2.346732430771138 13.026935991442882
2.526120050319465 0.6205126935823381 2.346340363747701 5.124482573964264
2.527473364319217 0.6195046725703294 2.346006251614228 5.041660340046016
2.528810872176342 0.6180979899837629 2.3462295059996294 15.781069543444094
