3.008025024004016 0.0006441487490222514 0.08162463638778461 192.1158187206923
2.097939954998033 0.0007014926795669355 0.045806396323023586 291.95781410911223
0.4621981567963301 0.00022005549988462792 0.10068784415485454 31.283697682378975
3.335602924887788 2.97414085528574e-05 0.18578693448882413 1.2447389550975798
0.9235911445959137 0.0006165128237364128 0.12342165047535034 381.72871182871756
4.301325563573155 0.00042269502915909165 0.06941814452220403 85.27059051087764
1.8010137057149047 0.00028157854981986395 0.18780793235967363 40.05938062390598
2.0585998872125817 0.00024018030111375754 0.06337520607691888 26.401624506122623
0.6740707370969589 0.0009591177679131992 0.0755168992176959 1087.83454290917
2.9293600901002064 0.0006607767899387733 0.16575456402936908 154.21313555194803
3.4044768206060896 3.579796258940071e-05 0.18884099072368024 2.8181863301418026
3.313836774367243 6.816965600310872e-05 0.08690063734661965 3.3719529917022837
2.057179646105673 4.236149546657519e-05 0.11223027884131051 1.7663529569447372
0.9051135555777579 1.0879159079984549e-05 0.05090551180726776 1.582384618365521
3.482632390334483 2.4069241064886835e-07 0.05611942894025015 0.5073271928725182
2.5830370988902875 4.635468443855534e-05 0.11409745630120025 1.4482853293137785
4.054484828710695 5.78712428690875e-09 0.13251302366189166 0.33916871313119235
3.5675920815017954 9.636783258282631e-07 0.1335365770595591 0.44895911557059354
2.3917441114895515 2.0321887097870395e-05 0.13080703677814917 0.9465021784366231
2.8945692119915787 1.4241317890134973e-05 0.09652870009939422 0.8613946061683012
