4.460790937645356 2.728634680524921 2.391005839794136 142.4212191021954
0.10435630442683527 2.3803980685948485 2.0354969829132563 2287.999190540117
4.647269858389348 0.7014913405503739 2.569567343535613 114.2440188236939
0.9233698722395981 1.0461438326487458 2.4959305964059793 16701.907545826594
3.1675809608526504 1.8884299759613954 2.1034112182850353 142.83242647491667
1.8057654554025708 0.3468855719093976 0.8112132670338795 609.8430873136746
4.420000881314991 2.05715981321827 1.0688183258668016 135.40602316924313
4.094278936261585 2.4971687288689495 2.918539398051562 142.9052618285238
0.9885022591585814 0.13521676225190865 2.289847462114267 70956.9954365181
4.895498657839458 2.627686361035872 2.5210406014941693 77.81540076341072
2.0705828939690973 1.6656766902408144 2.651558259618582 6.599095317747818
2.070582892706424 1.6656767148020244 2.651558297882232 5.021583504981346
4.501105535489536 1.8185631306627161 1.783167978530409 107.50529729821018
4.5014250041557045 1.683607571262144 2.2577664412554785 122.77659889940192
3.6179904029082737 2.0611527755196724 2.1283809947401293 103.03573684237526
3.7041679814666177 2.0746006905851746 1.9874233703025455 97.24630891204374
4.465764121240923 1.6751660740322247 2.208881557907218 51.583127871920105
4.4614551945071845 1.9663696092216083 2.01075489947647 179.9524917834023
4.45816736297659 2.33849176277475 2.0166072495866336 121.83619530969014
4.455510531282487 1.5430047083077953 2.2169422312907163 109.50806972111806
4.4533506187605925 2.219529152150306 1.6994258607552803 61.29319094816269
4.451565756276433 1.9627963136419206 2.078076232877271 50.95755103938584
4.450085298362875 1.9633365087979915 2.0825542726229966 107.39894900412561
4.4488736337567785 1.96320366590249 2.080248554448911 90.70644444182838
4.4478490289069725 2.209117680961788 1.9469866827966893 75.57509911189874
4.44698221304627 1.9793540483745142 2.0733683899147146 107.44498487089429
4.446252513343145 1.9797624396108562 2.07358912883923 206.86962362335157
4.445687845548554 1.9805570768529852 2.0742874010735486 95.9643568752656
4.44510986639093 2.6073884286557716 2.1736864129695204 127.95225977277485
4.4446509054522085 1.9531414985507205 1.8891616500307875 94.52242430293768
4.444236488483675 1.8663267076179728 1.9261437697429131 150.31534855072934
4.443885317986603 2.001452621468644 2.0761730315179623 104.78396111744928
4.4435641514798325 2.0036604919364707 2.0653558413402853 180.7540417129179
4.443292453544263 2.0653144394137994 1.6774977840078833 88.64101993022678
4.443033416053504 2.006262344782318 2.05007511264382 107.79831135750963
4.442802269356171 2.0065776076593944 2.0503660602305933 144.08649732524623
4.442596846868268 2.0065613515845158 2.051128272987341 132.9292152800262
4.442409842070431 2.0062090781542126 2.0503655606342757 162.54052665707042
4.442239176455699 2.006476079281315 2.0510592104473404 91.26892621691763
4.442075835564834 2.0065376435807507 2.050837278227952 200.8633726004541
