3.8979879301535183 0.0008753270798558161 0.042473020769478294 401.66266606378497
3.8914413993837833 0.00033907799436022965 0.07708208797340207 66.30984717949379
2.434638927162288 0.0004979098515874787 0.11881743953215644 87.80280416964783
1.4534027305959911 0.0002344854511331573 0.16563057346280313 26.681594526835152
2.01135935155131 0.0007616852485199069 0.018006933663121425 262.56198221021987
3.2203315113799222 0.000522173202708768 0.0422607854707986 149.29061562912293
3.6664619400734835 0.0009930947029224962 0.02695818289796406 666.5460012857911
2.0222890976529486 0.0005832412283952081 0.044552421517652055 154.49294198548733
2.7829237270073754 0.00041361400891491224 0.14360156764169846 76.08028595278434
0.19747408883926906 0.0004561023922556085 0.13227947530930906 129.0446137615794
3.891441346376767 0.0003390780654077995 0.07708207695590624 63.3359030129926
3.891441382706115 0.0003390780278950662 0.0770820821135866 65.66227620826562
3.8914413747135477 0.00033907802966148283 0.07708208243073825 54.17781199878228
3.1919342858884625 0.0003390780292468452 0.07708208113707292 64.71901551375177
3.7510702222502252 0.00033907803014802246 0.07708208202678873 55.9881275524896
3.2830778838460475 0.0002732674163189344 0.12917551677649783 39.29932127093763
2.623343392145663 0.00025480660647423287 0.14872635221265415 44.04830646627725
3.636959740032526 0.00023712975255778306 0.10993894568122002 33.54908944014734
3.204653690595965 0.00021772565374790834 0.12459915808740907 26.493029266052844
3.249108251517954 0.00019714885071628164 0.1345258772668303 23.73550364630374
