4.5717076351612445 0.320401919467796 2.597695407111498 64.1883025063212
4.790846962693279 0.9306623184517229 0.7530487497048893 72.29523892912542
3.3320434065582094 0.4932947715087949 1.8290831877569078 66.50582093579335
2.983256450198604 2.233150393242912 2.470483120883821 37.44117610013863
4.360163703884772 2.942655028062675 2.4436209079997515 124.22972591029153
3.4410249823878263 0.654622858102316 1.9709878707629087 106.16019296091498
3.4106397769851493 2.8198418911239775 0.8780983917254089 104.21655118898546
4.912700325408448 2.8649070539080705 0.684312451663333 66.50196826849402
1.9458954656405676 2.2581027970830494 1.506342615066909 52.719330526028244
1.876581915489583 1.8818489473007816 2.7776302835631608 212.11695608729212
1.9212979489310091 2.2657295735595846 1.5187009100718802 64.45766890615339
4.920133473900403 2.171579173150533 2.2827568173721757 113.37125539764996
0.3109047370509981 2.2376414905042785 2.1615122384233523 411634.4748217829
4.447715875594824 1.9926135546366406 1.6033653421420142 100.91440359142537
4.413427453718865 1.5970662389203087 1.6521866967855878 105.80489423214074
4.394302355389468 2.027246862305088 1.9460685668989028 103.35042699183975
4.383677274520767 1.9734060611304451 1.6242360511322795 182.87996915689385
4.377391745475302 1.8087390758905844 1.7646207411646122 68.34578454032894
4.373604802490502 1.807227812836309 1.765141321183684 191.29938939256868
4.371339913447966 1.4087240382123947 1.8491263215885703 36.24903040519492
4.369950198940152 1.6977406925368745 1.7747242212807897 116.70905483433856
4.369173019864678 1.3962809684822628 1.4637705555263703 85.1706217334238
4.368731113252631 1.230061580554412 1.9188911927450176 108.02000953672845
4.368517657302032 1.38225002034249 1.521655929184636 95.07969808446813
4.3684692315578255 1.6899419917953924 1.7478595013305342 132.37413174796214
4.368520663271239 1.6360102357766237 1.4617156856982647 107.14816473329795
4.368620527642023 1.6830461852170953 1.7264890565893698 90.27481775402568
4.368762191428628 1.6851930266887107 1.7296165461396482 91.92621281739859
4.368928810610481 1.6849899970851858 1.7294441642464762 156.39771394261246
4.369099100539406 1.6837825412001257 1.733596739691261 141.36402170215703
4.369288287529858 1.6564487118298854 1.7341554957358563 83.83465987899487
4.369476848573581 1.6824782475488929 1.7289505016934779 78.27111188847473
4.3696337594978845 1.8229996562819415 2.1575885340634873 39.48044331891891
4.369836947219577 1.6888891072114418 1.748552882425001 117.46599133918845
4.37000891235751 1.681594968677732 1.747021249096403 111.61154497958042
4.370177697359959 1.6725860406794213 1.7704753941371272 73.15957787889259
4.370335085617631 1.6884496740197736 1.747462055160407 74.24547500685246
4.370486464759382 1.686777509606247 1.7467205601054332 50.984607673155836
4.370632360191171 1.6875540000799198 1.7476503438141517 69.04051026210995
4.370771080074829 1.6544877323520562 1.779800067577532 138.2898957068463
