0.9958059406448497 2.768139916540086 2.5708251466002974 2367.9815657851577
2.5555584946413834 2.9045472904400653 1.520734865808517 6.162081648040825
3.3452956914053624 2.7455024821521246 1.768933870027223 158.09829088372112
3.7027314873104604 1.9831640956195389 0.0054357980661554435 170.07158108859343
1.5187142651191543 0.7390319340239004 1.0033554146803474 4270.858565409787
4.607032566463176 0.039821035700702466 0.02283614110050903 59.179663702544715
4.43007458818025 0.17932714507192685 2.3109944891225345 160.4915942232691
2.38287930334723 2.823197489850298 1.7135514362050799 4.41103452046341
1.128560740577642 1.388067709743773 0.8980989381491176 47308.8667565676
1.2904254788633829 0.43615805077196335 1.3437449343679304 1806.3936221427282
1.2740915774783514 2.812699408297833 1.1372011258747805 4188.057660639405
2.2119001861863534 2.812888834764076 2.257349888034937 47.620604044015764
2.852617133947843 2.813457772067178 2.026719182882838 116.03248285545975
2.901427534102634 2.813929304241676 2.3709042758751746 187.5100458753909
3.2133034624722545 2.8143366977725672 1.4590692540739814 192.3027324069504
2.9977252853811884 2.8147038092062036 1.5834316835830524 182.84437893849486
2.5743911943791207 2.815037986513251 2.571821727069916 14.520276254226639
2.7722737869443677 2.8153466326937076 1.9820803645134795 144.56998804132851
2.1710608267558182 2.8156353554028737 2.065263425091109 16.84050164094472
2.422855384560359 2.815909093227046 1.538483154499731 5.1551364129960096
2.735553838842108 2.8161720291712555 1.959797110306619 6.761292930495461
3.1393876135849967 2.8164241933505836 2.0137475478978617 177.46744565934247
1.2417987442088687 2.8166522076958476 1.6760737916126984 20975.455881120666
2.8025956407648467 2.822446384463542 1.9303951624223583 147.31607964755992
2.8055512403411043 2.820749247381378 1.9268644647138773 112.08671931467447
2.8077444994644947 2.821238029929042 1.9268230378795754 191.59710875274342
2.8093736202960042 2.821925936450272 1.9270737293206477 182.20961217312174
2.8106657019999552 2.8225637435423394 1.9273626610875991 308.8998242642247
2.8116631736895537 2.8236393505943247 1.9298957526890053 156.5445987946849
2.812549433507493 2.823713674430464 1.9280967645343903 11.94119803153433
2.813342580215603 2.824572180047792 1.9284549664714623 102.35381770045511
2.813996979237141 2.8247546767705067 1.9286841436213606 6.837124259001428
2.814591343526129 2.8259122401963075 1.929825577953739 140.41129070984542
2.815084089469255 2.82580799840959 1.9292497811230638 7.420820666998412
2.815555524359567 2.475716702678519 1.4180117839183106 95.56792286167445
2.815954878172304 2.8563328794892455 1.4423766664879636 6.8593422344364745
2.816352582306531 2.8123551029765634 1.8835411511308586 90.63848757795047
2.8166964576740026 2.812855582690107 1.8837424921574883 78.98873671929114
2.8170186135182425 2.814269643193392 1.8833383922248608 101.6754703107954
2.817317642358524 2.813338407343221 1.8839218750596827 268.82413478132077
