3.922163126234265 0.0006629402332503227 0.18995624632123492 479.0513552613556
0.5711754570321749 0.00019779119246576715 0.1945106894958317 68.28505389739752
2.2084561748462956 0.0009724012711423216 0.08208005958745548 853.1689254018877
1.657110536847585 0.0009925816208879346 0.06198181591864346 931.2184732712855
4.711144578855265 0.0002781852147983205 0.054430569294201876 61.42425392693447
4.4952832056511 0.00018921456772995232 0.17531166530577633 46.938220126162435
4.954837090086999 0.0008180462911083517 0.018219810608415266 670.386983481449
3.2376881656219068 0.0004225398169729161 0.11924725005898615 155.14473871698607
4.456614865408771 0.0007781667210276424 0.05611069067559024 655.2210701409366
3.7588747834706973 0.000596620160868068 0.157038098196443 297.5522837905552
2.954237166687527 0.00023235610047706948 0.13799005814262358 597.4228686572771
2.6360064387828945 0.00023717852796934495 0.15918982908444057 64.59982575113811
3.2166981098607277 0.00023064277898261773 0.160410364159931 48.56249930697993
2.831654749073241 0.00022537624731356828 0.17259636003229342 89.39479132584451
3.3776256554191284 0.00022137930654659766 0.14876173753486682 59.29463805140556
2.7279657203499323 0.00021746304767219292 0.1773336524005004 56.3753820777392
3.1025064290239404 0.00021375491529016002 0.16264253962153624 33.54799380374462
2.336795909119683 0.00020994244151648387 0.1620723696336465 40.825875836683636
2.7132183706861674 0.0002062771447420154 0.1657066986354814 44.30390804429646
2.7462713711801374 0.0002026509602262068 0.14970731656527037 57.1847678373253
