0.09214624881344236
1.3304938607357706
0.37945868531239113
1.2820106039712182
0.49550163230899935
0.599750897272613
0.021644631803090918
1.3736102588516532
0.15564973235648355
1.797640010364093
0.3895416633390616
1.5651627228055687
0.2359944012016839
0.847907824465312
0.18296235311460124
0.3792777435296772
1.9282204843739348
0.24351315019302994
0.4109864328020818
0.43687576935909633
0.8496378969774632
0.2740139090452255
0.0555768980211188
1.3139037438795218
0.11136485993205947
0.7113256409397679
0.2501718942712605
1.328928566073449
0.17397613678163998
0.22589613941274467
0.0712732198355733
0.8549190567938794
0.7611308877839658
0.13592291603514092
0.38687834384311226
0.8064204257312342
0.5826578723505613
1.110090258194496
0.06623010232071104
0.535588983573381
