0.22254826601365407
1.0149436509356518
0.33603618787425393
0.830715725686046
0.26497280461699274
1.7717995621624176
0.021026259190462193
0.5136677517572801
0.47258536373009763
0.9527357252669906
33.30955558247175
0.09173791836286599
0.21501856320754503
0.3184321534924437
0.02583224796621683
1.0443826881633425
0.34356061763431467
0.15857620849794143
0.5184810925795358
1.285111905298302
0.2755992041126184
0.523015281463626
0.09376607605530227
0.26369102879488093
0.19806712009106087
1.316933410384034
0.777176299181355
2.863345435792693
0.486279986271101
0.41370061481583087
0.041361198751954716
0.8586278998738974
0.39013179356291194
0.30294568660374366
0.40959301748941696
0.17439109568005096
0.08822283067317438
0.37007330574185654
0.30948409541047633
0.3647291335806979
0.4063846007831611
2.7751161571075564
0.049023464071003664
0.15701505053828096
0.24165222186077978
0.507719178627463
0.022628547895419515
0.2961789553610735
0.05974382312224691
1.7038390630375666
0.7423847389170752
0.4430753945993464
0.11888100733049077
0.9750935349798497
0.15916724624952255
0.1867677065284839
0.2555651546029516
0.2547101864829554
0.33237771478476175
0.08843927734071066
0.44231228968290415
0.8546041481208879
0.012736994152233047
0.278774938877843
0.08460194495642265
0.2652880285825094
0.4193301965179542
0.09887366618780263
1.1423417413718702
0.9956687952685201
0.14693757122649298
0.22569330969436296
0.47606927849170455
2.325002235286629
0.2044079750391511
0.24054877057652724
0.6421280243735819
0.5975335903437264
0.019257142201658722
0.295610341757188
0.04821916357417699
0.08609149323888649
0.6753726602682759
0.032859350001637096
3.826392913469327
0.19519448446761836
0.04323693028995587
0.2722619061652535
0.08176415776179674
0.34151464480204896
0.4265127841279338
0.3372676322702234
0.9115896896710824
0.4715964528772211
0.0786255965202666
0.25412127406563034
0.17292279255632023
0.9380224064204576
0.25769259284677415
1.0044530408252346
0.2904722710955402
0.30750744831019006
0.12372371018598807
0.20035437937290262
0.11279252321635211
0.309512027484498
0.4863398722699721
0.8160495685078939
0.5363814272042311
0.6019883857006689
0.03576178063346583
0.3357438834689113
0.12646342717096049
0.9635084132904903
0.966453282170521
0.5733038391911809
3.374970596233733
0.29741259274007875
0.0374787590551106
0.7909610787017171
0.3493939032644201
0.3224276493993947
0.43526264915176976
0.11012062065469475
0.19190520176976378
0.14308526609726613
0.07922411145167954
1.719409859118401
0.07591013932016047
0.7466179456038011
0.8769573638004677
0.47760147079109294
0.23514849328128495
0.4367461137755857
0.07859766362421067
0.4089017173934567
0.11892078989646149
0.9597197209965465
0.2419251540866424
0.4237854602581282
1.7023786461471118
1.2665453146230758
0.23352666290700175
0.1331643573704555
0.3833900779049886
1.3754853757868772
0.08659518216161961
0.6297660055055837
0.20669143622636993
0.3647419385614703
0.034967880750501126
0.2540816232290292
0.6794486407776532
0.5816566830166887
0.452095844397326
0.8879144915759598
0.04532640245130825
3.1924213080893376
0.044748490838683416
0.3883073605022567
0.1097729233648772
0.39324631355455375
0.6869929129882205
0.18283140093684058
0.09569400117393395
0.6241422754305067
0.06866810355006071
0.16641502896006985
0.1091155997401698
0.41398087590558375
0.08942396230845023
0.3164908221069571
1.2669685486691091
0.34467555366448077
0.17042915615243354
0.13831759019889112
0.12644139970628504
0.7791875704445881
0.23595372058619135
1.6504916632433178
0.3189326442485925
0.9326554257575022
0.06750655624490579
0.2553956204893938
0.9052283879499785
0.2025195638351916
0.1309314657841436
4.7294181976903715
0.4172429956990384
0.39120480165628635
0.2143959954496515
0.2592058628490975
0.06870012293686129
2.7606991279425603
0.3937339296735839
0.2537872868938358
0.15400329886455727
0.39644195515457537
0.13546673060473752
0.25487821195943006
0.172482658990392
2.998327251809318
0.6307932390637166
0.996039144373178
0.4056435792250984
0.4852089759287037
0.07706962438259013
0.4350943064806959
2.820579194436484
0.5292817974728351
0.5497800583966421
0.8955104579428024
0.1449505498457611
0.47320238365131795
0.14630329817114696
0.24894826768609646
0.034663901185625956
4.636071296722672
0.2931484017559999
0.08032694990238148
0.307534118739044
0.3001205987446697
0.15504743510092717
0.3237966172994854
0.3582995882066141
0.15716131785974896
0.2309168108185572
1.9198155594395425
0.037572716012480564
0.3951119227590149
0.03480759912079426
0.2301511297560222
0.3129257471980333
27.47056448863919
0.6165211774485571
0.5303008607747728
0.22992806830963097
0.2978137638104453
0.05953589622682458
0.11627566464513417
0.17014268053028975
1.7815294583915389
0.5207772734591806
1.659563178310675
0.5323804139432124
0.09367962084705778
0.08936549599993995
1.107105601799201
0.4323567762660956
0.9579543870030022
0.49562173529122566
1.3383230751140625
1.04543329650157
0.2725253497379142
0.08253803729256141
0.3241261716925812
0.15826408906077127
0.06362617572814569
0.46285153054666583
0.5092363433075693
1.0402059894996447
0.5891096179959314
0.10457514717040192
0.5871703004011513
0.6364338334616111
2.3271063542809958
0.1565484592431451
0.38436990901820933
0.3234460530529684
0.5504281079936764
0.06512226010181472
0.20481295686009712
0.487844291815388
0.3838538877384936
0.456815146203865
0.5217923776493535
0.6825626530047566
2.0079258210476123
0.10294284440603357
0.7178054584866604
1.3073187292431787
0.0498431461733221
0.5350759120688832
0.336622636257059
0.34410771208898994
0.16420899677479092
0.12295056921553382
0.3713021364288808
0.536128917171153
0.5370230389719426
0.7990223106901256
1.879807209163828
0.25133171446268054
0.11431417745518224
0.06205169350513358
0.24933720475281518
0.25660437924334245
3.973737650740853
0.11438888854695903
0.11579591759570734
0.6417413124245891
0.3299294207729119
0.019090534223622446
0.08649931455546184
0.46755769814266634
0.49749651468475387
0.3736718078705762
0.5618420195251224
1.0484310372469952
0.7744642571737412
0.15719624011680042
1.5209824232260916
0.6561512501635365
0.15867396817186658
0.316956211048513
0.2335974333271884
0.2653081436192048
0.4682712140312193
0.08709594689492972
0.8208617011883307
0.060626345484863564
0.19421277599228948
3.426972660585282
0.34092061642331817
0.9770552856750632
0.12214023358842185
0.09806911570720878
0.4709253518728001
0.16288988100057333
0.25239242033948384
0.17108621464262214
0.6793720089881379
0.08389817671687566
0.22743828583378384
0.06185157164999684
0.6168956439337006
0.252675632913282
1.588152410689573
0.5597370613321143
0.4508336368955346
0.06916060878688762
0.4526544636864037
0.020676467664857645
0.6813594945743344
0.11450297233563517
0.04506038042471244
0.34945018992297777
0.4020234275534671
1.8802507031865687
0.5178992577983493
0.11566292238240164
1.3481458282534104
0.36712749976288295
0.19193232056659515
0.799011674631958
0.1569752048232728
0.2366152275033233
0.8218225205988023
0.068169933051084
0.5308288499259795
0.4057488400110647
0.24707254232434023
0.36211693802625144
0.3266627867618712
0.11541817816875583
0.6606700234771927
0.07981667758155306
1.3140442920972992
0.08333954702926294
0.09188475110941768
0.11949265016261708
0.5028283154956654
1.0762758072567213
0.38189631739039
0.0387662489901717
0.29890245382302877
0.3322266513198653
1.8914536149882606
0.05323133915737978
3.271677104387485
0.3567963416840938
1.3369114628823193
0.26646136940340925
0.05479863051755193
0.16344208088274842
1.3638553395868824
0.4165261559527881
0.22649186673389288
0.17973896284315138
1.064956636280765
0.10062635010020886
0.48231260254459873
0.08207896269095302
0.7030997899425921
0.2310041308509649
0.7039790644923769
0.63635250790565
0.3024084681005843
0.05628968487633976
0.201737981692107
0.31060622139196503
0.38527848756844874
1.6020184868939338
0.287202485204613
0.39425670275642877
5.076271881900373
0.02671028807705103
0.4296472708869079
0.42235145592444656
2.203531839875906
0.4505105556839169
0.31502596266861393
0.4763998156748672
0.11286487734896178
0.056957685408486905
0.3056348681621931
0.13360899489024683
3.3340068975558808
0.23240611771717334
0.3830422337553924
0.18884638203246434
1.3974110500160282
0.1624542950117797
0.05528037111082579
0.4144922639789692
0.6778381065769609
0.5870249251226967
0.9992968763934325
1.3626337382040417
0.6243759762241323
0.07740020968480454
0.2624754747100921
1.0492308731522495
0.387633233851705
0.3116378618591236
0.5094710420153326
1.5631179906649542
0.4180951002057287
0.14477362781500197
0.6774834148291138
0.1998185823928076
0.3200138922619105
0.21698910895767165
0.6578472179366079
0.13321935815207483
0.07182602255459827
0.07060634708851818
0.05580270843850699
0.8852107370598092
0.23579218111015962
0.2869916821854277
1.2510817937548935
0.2934790364873906
0.11928527097453152
0.10479852673549307
0.4821861024200964
0.11700892585894951
0.14262370832755475
0.38665150486839484
0.2796716844416483
0.6943964093993904
0.9367250038577262
0.0903356838161484
0.496747419605877
0.7826240122517412
0.03331485862399228
0.6499710170220603
0.10465435653193692
0.2050984843551688
0.2895074983535322
0.09988153055811012
0.06326878769903266
0.7371440406733905
0.2788579248582083
1.447344486615639
0.6964109805973839
0.3358352240069639
0.4475731377431569
0.19502711608492268
0.4929549340206507
