stick ylego 1 0.06 -0.065 -1 -1 0.060988885150695483 -0.15087995192093936 -1 -1 0 -1.5707963267948966 0 
stick ylego 1 0.06 -0.065 -1 -1 0.062208002531313186 -0.1509088057409298 -1 -1 0 -1.0471975511965976 0 
stick ylego 1 0.06 -0.065 -1 -1 0.04482037948810477 -0.15083162379625195 -1 -1 0 -0.7853981633974483 0 
stick ylego 1 0.06 -0.065 -1 -1 0.06184152644832401 -0.15347039437216672 -1 -1 0 -0.5235987755982988 0 
stick ylego 1 0.06 -0.065 -1 -1 0.06144921541109698 -0.15341860323200343 -1 -1 0 -0.2617993877991494 0 
stick ylego 1 0.06 -0.065 -1 -1 0.06248446384893841 -0.15339413279686018 -1 -1 0 -0.08726646259971647 0 
stick ylego 1 0.06 -0.065 -1 -1 0.06184983396235537 -0.15341561355695355 -1 -1 0 0 0 
stick ylego 1 0.06 -0.065 -1 -1 0.0621797846431188 -0.15339843909657 -1 -1 0 0.08726646259971647 0 
stick ylego 1 0.06 -0.065 -1 -1 0.06072698274835423 -0.1534898415531603 -1 -1 0 0.2617993877991494 0 
stick ylego 1 0.06 -0.065 -1 -1 0.061989966500771876 -0.1534315656394588 -1 -1 0 0.5235987755982988 0 
stick ylego 1 0.06 -0.065 -1 -1 0.05627912171180364 -0.15077257933670343 -1 -1 0 0.7853981633974483 0 
stick ylego 1 0.06 -0.065 -1 -1 0.05719591725063549 -0.15081953316198216 -1 -1 0 1.0471975511965976 0 
stick ylego 1 0.06 -0.065 -1 -1 0.057506211931477653 -0.15091282172707035 -1 -1 0 1.5707963267948966 0 
