stick ylego 1 0.06 -0.065 -1 -1 0.06367775843465794 -0.15612621214565228 -1 -1
stick ylego 1 0.06 -0.065 -1 -1 0.060805270445449054 -0.17970412374619169 -1 -1
stick ylego 1 0.06 -0.065 -1 -1 0.05160590234160799 -0.17474934212409216 -1 -1
stick ylego 1 0.06 -0.065 -1 -1 0.06296090361403345 -0.17780601596916995 -1 -1
stick ylego 1 0.06 -0.065 -1 -1 0.06057402505358942 -0.17350234326148858 -1 -1
stick ylego 1 0.06 -0.065 -1 -1 0.05688769779854204 -0.17247338845740645 -1 -1
stick ylego 1 0.06 -0.065 -1 -1 0.05990397303862678 -0.17582252278525892 -1 -1
stick ylego 1 0.06 -0.065 -1 -1 0.058504140838849084 -0.17257221710816692 -1 -1
stick ylego 1 0.06 -0.065 -1 -1 0.060481264859182114 -0.17871853891725054 -1 -1
stick ylego 1 0.06 -0.065 -1 -1 0.06474759547436101 -0.17310756149722595 -1 -1
stick ylego 1 0.06 -0.065 -1 -1 0.0572766457771658 -0.17318490580221543 -1 -1
stick ylego 1 0.06 -0.065 -1 -1 0.059332206157442946 -0.17803864073823225 -1 -1
stick ylego 1 0.06 -0.065 -1 -1 0.0635688414768248 -0.17498337731366093 -1 -1
stick ylego 1 0.06 -0.065 -1 -1 0.06076921093441966 -0.16195106099999054 -1 -1
stick ylego 1 0.06 -0.065 -1 -1 0.05868814465832086 -0.1787312506455205 -1 -1
stick ylego 1 0.06 -0.065 -1 -1 0.05835742704837722 -0.16745003014208126 -1 -1
stick ylego 1 0.06 -0.065 -1 -1 0.06251535741236798 -0.162613629718065 -1 -1
stick ylego 1 0.06 -0.065 -1 -1 0.06189956677210667 -0.1783821271640192 -1 -1
stick ylego 1 0.06 -0.065 -1 -1 0.059051953397907836 -0.15354458967961812 -1 -1
stick ylego 1 0.06 -0.065 -1 -1 0.05659769218004228 -0.1733740016221549 -1 -1
stick ylego 1 0.06 -0.065 -1 -1 0.058609174564765235 -0.17495596336736796 -1 -1
stick ylego 1 0.06 -0.065 -1 -1 0.060555541614589405 -0.17374210287037523 -1 -1
stick ylego 1 0.06 -0.065 -1 -1 0.051943847993362276 -0.17572242026989862 -1 -1
stick ylego 1 0.06 -0.065 -1 -1 0.06014184508125105 -0.15019134462230527 -1 -1
stick ylego 1 0.06 -0.065 -1 -1 0.05978369470909022 -0.17639744967882756 -1 -1
stick ylego 1 0.06 -0.065 -1 -1 0.058795025443824415 -0.17576066536223833 -1 -1
stick ylego 1 0.06 -0.065 -1 -1 0.05992097882133097 -0.17269549853819013 -1 -1
stick ylego 1 0.06 -0.065 -1 -1 0.05725368421221544 -0.16972693558882182 -1 -1
stick ylego 1 0.06 -0.065 -1 -1 0.06038734939079068 -0.17510320875122198 -1 -1
stick ylego 1 0.06 -0.065 -1 -1 0.05588901110241515 -0.16974662062291576 -1 -1
stick ylego 1 0.06 -0.065 -1 -1 0.05762140614885608 -0.17451388762720174 -1 -1
stick ylego 1 0.06 -0.065 -1 -1 0.06416042319306677 -0.17368781749471796 -1 -1
stick ylego 1 0.06 -0.065 -1 -1 0.05754580586853529 -0.149826804819807 -1 -1
stick ylego 1 0.06 -0.065 -1 -1 0.06230552689985254 -0.17617295849349543 -1 -1
stick ylego 1 0.06 -0.065 -1 -1 0.061657273866026964 -0.17156653525590682 -1 -1
stick ylego 1 0.06 -0.065 -1 -1 0.06114600914667149 -0.17282207695463442 -1 -1
stick ylego 1 0.06 -0.065 -1 -1 0.061323602488351066 -0.17477834569080986 -1 -1
stick ylego 1 0.06 -0.065 -1 -1 0.05780795100403652 -0.17454462657146252 -1 -1
stick ylego 1 0.06 -0.065 -1 -1 0.06100286122816331 -0.17360923785489685 -1 -1
stick ylego 1 0.06 -0.065 -1 -1 0.060009842879056426 -0.17611487673865686 -1 -1
