stick ylego 1 0.06 -0.065 -1 -1 0.06238890659026815 -0.16041397052050668 -1 -1
stick ylego 1 0.06 -0.065 -1 -1 0.05391800533056154 -0.1549719447273531 -1 -1
stick ylego 1 0.06 -0.065 -1 -1 0.0517476427393859 -0.15552235178439952 -1 -1
stick ylego 1 0.06 -0.065 -1 -1 0.06828489748061116 -0.15527396609590202 -1 -1
stick ylego 1 0.06 -0.065 -1 -1 0.053146423621127994 -0.1551714510634611 -1 -1
stick ylego 1 0.06 -0.065 -1 -1 0.04600223460062729 -0.15677435677829535 -1 -1
stick ylego 1 0.06 -0.065 -1 -1 0.05048410090568323 -0.15582874991971105 -1 -1
stick ylego 1 0.06 -0.065 -1 -1 0.04395967141874247 -0.1571398379724894 -1 -1
stick ylego 1 0.06 -0.065 -1 -1 0.06839177111995345 -0.16238221161926755 -1 -1
stick ylego 1 0.06 -0.065 -1 -1 0.052157988709638566 -0.15542243782080906 -1 -1
stick ylego 1 0.06 -0.065 -1 -1 0.08016276411785926 -0.15704443546579008 -1 -1
stick ylego 1 0.06 -0.065 -1 -1 0.045371504281484065 -0.15689216135429268 -1 -1
stick ylego 1 0.06 -0.065 -1 -1 0.08142552967419799 -0.1571379094576754 -1 -1
stick ylego 1 0.06 -0.065 -1 -1 0.04591237368859995 -0.15857705212475434 -1 -1
stick ylego 1 0.06 -0.065 -1 -1 0.03829365578644718 -0.15367587028641796 -1 -1
stick ylego 1 0.06 -0.065 -1 -1 0.0417457905797934 -0.1574873806795591 -1 -1
stick ylego 1 0.06 -0.065 -1 -1 0.07433914744088127 -0.15636385659015495 -1 -1
stick ylego 1 0.06 -0.065 -1 -1 0.04509201649480251 -0.15694287853708125 -1 -1
stick ylego 1 0.06 -0.065 -1 -1 0.08474210698312623 -0.15728565844937212 -1 -1
stick ylego 1 0.06 -0.065 -1 -1 0.05514054258762756 -0.15463944786487202 -1 -1
