stick ylego 1 0.06 -0.065 -1 -1 0.06296923223777334 -0.1755732841103318 -1 -1
stick ylego 1 0.06 -0.065 -1 -1 0.03797931910218153 -0.16627056302574725 -1 -1
stick ylego 1 0.06 -0.065 -1 -1 0.04923950483064669 -0.16814143347940622 -1 -1
stick ylego 1 0.06 -0.065 -1 -1 0.1020564607935779 -0.16073966777836005 -1 -1
stick ylego 1 0.06 -0.065 -1 -1 0.05701737078103466 -0.17129850694417442 -1 -1
stick ylego 1 0.06 -0.065 -1 -1 0.0465854471034706 -0.15449495176201827 -1 -1
stick ylego 1 0.06 -0.065 -1 -1 0.059067949041727984 -0.17631046701375347 -1 -1
stick ylego 1 0.06 -0.065 -1 -1 0.056142227765942444 -0.17082380331235678 -1 -1
stick ylego 1 0.06 -0.065 -1 -1 0.029427526962098716 -0.168236259259696 -1 -1
stick ylego 1 0.06 -0.065 -1 -1 0.060104524453507016 -0.17243862162778512 -1 -1
stick ylego 1 0.06 -0.065 -1 -1 0.05449539087260595 -0.1753830282614067 -1 -1
stick ylego 1 0.06 -0.065 -1 -1 0.059444632121601906 -0.17595425763313766 -1 -1
stick ylego 1 0.06 -0.065 -1 -1 0.10099540582524737 -0.16280791160741823 -1 -1
stick ylego 1 0.06 -0.065 -1 -1 0.050983011379204156 -0.16938479898901854 -1 -1
stick ylego 1 0.06 -0.065 -1 -1 0.05630950580265082 -0.17067046597049876 -1 -1
stick ylego 1 0.06 -0.065 -1 -1 0.05797526527801853 -0.1681946423712636 -1 -1
stick ylego 1 0.06 -0.065 -1 -1 0.05944298861773003 -0.17352075938453163 -1 -1
stick ylego 1 0.06 -0.065 -1 -1 0.052583802201079825 -0.17738489227929843 -1 -1
stick ylego 1 0.06 -0.065 -1 -1 0.06914997687013782 -0.1748132027519079 -1 -1
stick ylego 1 0.06 -0.065 -1 -1 0.0635631099742136 -0.17267065342987223 -1 -1
stick ylego 1 0.06 -0.065 -1 -1 0.03693041266477511 -0.16387325734029268 -1 -1
stick ylego 1 0.06 -0.065 -1 -1 0.04428145893143991 -0.16573843860595755 -1 -1
stick ylego 1 0.06 -0.065 -1 -1 0.05442100818744738 -0.17236435511821785 -1 -1
stick ylego 1 0.06 -0.065 -1 -1 0.05560967943413499 -0.17060964759203653 -1 -1
stick ylego 1 0.06 -0.065 -1 -1 0.059424027344740414 -0.17791694538964828 -1 -1
stick ylego 1 0.06 -0.065 -1 -1 0.056051826230467706 -0.174053067199261 -1 -1
stick ylego 1 0.06 -0.065 -1 -1 0.053248900222859684 -0.1466903692543924 -1 -1
stick ylego 1 0.06 -0.065 -1 -1 0.05042810729311701 -0.16432475039361727 -1 -1
stick ylego 1 0.06 -0.065 -1 -1 0.13023229120821508 -0.15309099764599685 -1 -1
stick ylego 1 0.06 -0.065 -1 -1 0.05836579839198377 -0.17990832786084449 -1 -1
stick ylego 1 0.06 -0.065 -1 -1 0.04259301919732261 -0.16782717461343333 -1 -1
stick ylego 1 0.06 -0.065 -1 -1 0.06362852106733406 -0.17218115469950762 -1 -1
stick ylego 1 0.06 -0.065 -1 -1 0.060666118948476955 -0.17454182986798586 -1 -1
stick ylego 1 0.06 -0.065 -1 -1 0.05914156402120567 -0.17491862226931137 -1 -1
stick ylego 1 0.06 -0.065 -1 -1 0.01933722709093254 -0.16848493691527955 -1 -1
stick ylego 1 0.06 -0.065 -1 -1 0.018370848523675157 -0.16502461824303102 -1 -1
stick ylego 1 0.06 -0.065 -1 -1 0.058077927392714765 -0.17312100624924326 -1 -1
stick ylego 1 0.06 -0.065 -1 -1 0.06347247426420279 -0.17493051786259942 -1 -1
stick ylego 1 0.06 -0.065 -1 -1 0.02530957992143205 -0.16036388387149933 -1 -1
stick ylego 1 0.06 -0.065 -1 -1 0.014936616760211265 -0.16009948438862517 -1 -1
