stick ylego 1 0.06 -0.065 -1 -1 0.05838942102587237 -0.1755011322929896 -1 -1
stick ylego 1 0.06 -0.065 -1 -1 0.060128901153910605 -0.17587253511450593 -1 -1
stick ylego 1 0.06 -0.065 -1 -1 0.059656979357806 -0.17644201760843298 -1 -1
stick ylego 1 0.06 -0.065 -1 -1 0.0633571690330467 -0.1713549701256772 -1 -1
stick ylego 1 0.06 -0.065 -1 -1 0.058195179254223794 -0.17567859268106084 -1 -1
stick ylego 1 0.06 -0.065 -1 -1 0.05996563862811169 -0.17465950343771042 -1 -1
stick ylego 1 0.06 -0.065 -1 -1 0.05866816264620364 -0.17730311438693425 -1 -1
stick ylego 1 0.06 -0.065 -1 -1 0.05994383025409285 -0.17072965059081938 -1 -1
stick ylego 1 0.06 -0.065 -1 -1 0.05829451246064057 -0.1776078081967692 -1 -1
stick ylego 1 0.06 -0.065 -1 -1 0.05803165758372997 -0.17548421734207892 -1 -1
stick ylego 1 0.06 -0.065 -1 -1 0.05990850190818801 -0.17720091146109423 -1 -1
stick ylego 1 0.06 -0.065 -1 -1 0.0609501395188239 -0.17124124298418514 -1 -1
stick ylego 1 0.06 -0.065 -1 -1 0.05794216280263082 -0.17557503673185776 -1 -1
stick ylego 1 0.06 -0.065 -1 -1 0.0610966074374972 -0.17830934850790434 -1 -1
stick ylego 1 0.06 -0.065 -1 -1 0.05823080156904578 -0.1744797647070801 -1 -1
stick ylego 1 0.06 -0.065 -1 -1 0.061780860746021724 -0.17799967089129173 -1 -1
stick ylego 1 0.06 -0.065 -1 -1 0.05949117023144444 -0.17167690273377775 -1 -1
stick ylego 1 0.06 -0.065 -1 -1 0.05916673553042973 -0.1753920977964024 -1 -1
stick ylego 1 0.06 -0.065 -1 -1 0.05975562651894831 -0.17456445055134903 -1 -1
stick ylego 1 0.06 -0.065 -1 -1 0.0599878515982086 -0.17502109539198912 -1 -1
stick ylego 1 0.06 -0.065 -1 -1 0.05919845982733297 -0.17945389151624766 -1 -1
stick ylego 1 0.06 -0.065 -1 -1 0.058399175787999545 -0.17811584796230692 -1 -1
stick ylego 1 0.06 -0.065 -1 -1 0.06128093319609451 -0.17421665773503603 -1 -1
stick ylego 1 0.06 -0.065 -1 -1 0.05637138295484433 -0.17702085200206433 -1 -1
stick ylego 1 0.06 -0.065 -1 -1 0.06087251984005573 -0.17377115264409346 -1 -1
stick ylego 1 0.06 -0.065 -1 -1 0.0607377430233069 -0.17691094145201167 -1 -1
stick ylego 1 0.06 -0.065 -1 -1 0.0607724946100635 -0.1774581560077037 -1 -1
stick ylego 1 0.06 -0.065 -1 -1 0.06092985993791886 -0.17779625032660815 -1 -1
stick ylego 1 0.06 -0.065 -1 -1 0.05391346374690433 -0.1753534712349393 -1 -1
stick ylego 1 0.06 -0.065 -1 -1 0.05745338979592036 -0.17409837729122532 -1 -1
stick ylego 1 0.06 -0.065 -1 -1 0.062069913240006776 -0.17845592974434735 -1 -1
stick ylego 1 0.06 -0.065 -1 -1 0.05943921425915039 -0.17783962324081345 -1 -1
stick ylego 1 0.06 -0.065 -1 -1 0.06101590641569035 -0.17224480415515694 -1 -1
stick ylego 1 0.06 -0.065 -1 -1 0.05577359472821074 -0.1773210280580713 -1 -1
stick ylego 1 0.06 -0.065 -1 -1 0.056037879280572134 -0.17486493896753397 -1 -1
stick ylego 1 0.06 -0.065 -1 -1 0.057760114699680225 -0.17764461852056315 -1 -1
stick ylego 1 0.06 -0.065 -1 -1 0.05961452559196613 -0.17587008851034044 -1 -1
stick ylego 1 0.06 -0.065 -1 -1 0.057904976693782834 -0.17576693368390187 -1 -1
stick ylego 1 0.06 -0.065 -1 -1 0.05787827047538177 -0.17498001977998529 -1 -1
stick ylego 1 0.06 -0.065 -1 -1 0.06051996317001556 -0.17770744496835741 -1 -1
