stick ylego 1 0.06 -0.065 -1 -1 0.06965524733571685 -0.15555163346640977 -1 -1
stick ylego 1 0.06 -0.065 -1 -1 0.06338066706566108 -0.1541434149457155 -1 -1
stick ylego 1 0.06 -0.065 -1 -1 0.038547267908040306 -0.15789499666502138 -1 -1
stick ylego 1 0.06 -0.065 -1 -1 0.08285794533257342 -0.15721867224892663 -1 -1
stick ylego 1 0.06 -0.065 -1 -1 0.05133848540836781 -0.15562096922848465 -1 -1
stick ylego 1 0.06 -0.065 -1 -1 0.05079430654880945 -0.15574992797878756 -1 -1
stick ylego 1 0.06 -0.065 -1 -1 0.06731009508605458 -0.15506207105484232 -1 -1
stick ylego 1 0.06 -0.065 -1 -1 0.08463790929961652 -0.15728164107144282 -1 -1
stick ylego 1 0.06 -0.065 -1 -1 0.05046226152558948 -0.1558298275268741 -1 -1
stick ylego 1 0.06 -0.065 -1 -1 0.05405839368439405 -0.16182520618305243 -1 -1
stick ylego 1 0.06 -0.065 -1 -1 0.059979166830552946 -0.15340738639482318 -1 -1
stick ylego 1 0.06 -0.065 -1 -1 0.0461942923970294 -0.1567367573912201 -1 -1
stick ylego 1 0.06 -0.065 -1 -1 0.08713739512719915 -0.1572954894527882 -1 -1
stick ylego 1 0.06 -0.065 -1 -1 0.041810697186761135 -0.15747892793650167 -1 -1
stick ylego 1 0.06 -0.065 -1 -1 0.07104753508631675 -0.15581552035883506 -1 -1
stick ylego 1 0.06 -0.065 -1 -1 0.08605161113479506 -0.15729938145828432 -1 -1
stick ylego 1 0.06 -0.065 -1 -1 0.07464683639381889 -0.15641123701790982 -1 -1
stick ylego 1 0.06 -0.065 -1 -1 0.07892286812511141 -0.15693488096155536 -1 -1
stick ylego 1 0.06 -0.065 -1 -1 0.05183086301381076 -0.15550123037187516 -1 -1
stick ylego 1 0.06 -0.065 -1 -1 0.049845711373078104 -0.1559699740565019 -1 -1
