stick ylego 1 0.06 -0.065 -1 -1 0.040343792561224 -0.15768343523022424 -1 -1
stick ylego 1 0.06 -0.065 -1 -1 0.05998321469714343 -0.15348912290761024 -1 -1
stick ylego 1 0.06 -0.065 -1 -1 0.04856637380601266 -0.15625790052751395 -1 -1
stick ylego 1 0.06 -0.065 -1 -1 0.07679770194015771 -0.15669911106973528 -1 -1
stick ylego 1 0.06 -0.065 -1 -1 0.056712729729932174 -0.15419451900091297 -1 -1
stick ylego 1 0.06 -0.065 -1 -1 0.07562685872544028 -0.15654936532426458 -1 -1
stick ylego 1 0.06 -0.065 -1 -1 0.053022761680975826 -0.15520304494666887 -1 -1
stick ylego 1 0.06 -0.065 -1 -1 0.0637990257110272 -0.1542271330388113 -1 -1
stick ylego 1 0.06 -0.065 -1 -1 0.04063309335194648 -0.15764486609881762 -1 -1
stick ylego 1 0.06 -0.065 -1 -1 0.05991813414308944 -0.15364597441461594 -1 -1
stick ylego 1 0.06 -0.065 -1 -1 0.08293431428711943 -0.15722502752904177 -1 -1
stick ylego 1 0.06 -0.065 -1 -1 0.07620221380554477 -0.1566240194883354 -1 -1
stick ylego 1 0.06 -0.065 -1 -1 0.073792991002274 -0.15627966830699383 -1 -1
stick ylego 1 0.06 -0.065 -1 -1 0.07340141787812648 -0.15621884580123002 -1 -1
stick ylego 1 0.06 -0.065 -1 -1 0.05998291653885432 -0.15341622309161027 -1 -1
stick ylego 1 0.06 -0.065 -1 -1 0.055160097820560125 -0.15463394438026024 -1 -1
stick ylego 1 0.06 -0.065 -1 -1 0.0673637275601877 -0.1550727974795857 -1 -1
stick ylego 1 0.06 -0.065 -1 -1 0.08318479647465603 -0.15723339215674648 -1 -1
stick ylego 1 0.06 -0.065 -1 -1 0.07051090365213777 -0.15571567775253037 -1 -1
stick ylego 1 0.06 -0.065 -1 -1 0.043615427594001076 -0.15719956359059092 -1 -1
stick ylego 1 0.06 -0.065 -1 -1 0.08566660513670826 -0.15729837475142253 -1 -1
stick ylego 1 0.06 -0.065 -1 -1 0.07556016025831946 -0.15654213446066034 -1 -1
stick ylego 1 0.06 -0.065 -1 -1 0.08037804796615546 -0.15340642940691082 -1 -1
stick ylego 1 0.06 -0.065 -1 -1 0.08510829060663049 -0.15729169372309917 -1 -1
stick ylego 1 0.06 -0.065 -1 -1 0.039255968603672114 -0.15781683475938965 -1 -1
stick ylego 1 0.06 -0.065 -1 -1 0.07381852926360646 -0.1562897775152774 -1 -1
stick ylego 1 0.06 -0.065 -1 -1 0.07908986906116236 -0.15695014034992058 -1 -1
stick ylego 1 0.06 -0.065 -1 -1 0.07056898436149436 -0.155731511615632 -1 -1
stick ylego 1 0.06 -0.065 -1 -1 0.04937050640644708 -0.15608211555036075 -1 -1
stick ylego 1 0.06 -0.065 -1 -1 0.0867550080487021 -0.1572979966306302 -1 -1
stick ylego 1 0.06 -0.065 -1 -1 0.04785922772425545 -0.15640570196442374 -1 -1
stick ylego 1 0.06 -0.065 -1 -1 0.04538453802819586 -0.15688749919871595 -1 -1
stick ylego 1 0.06 -0.065 -1 -1 0.04085773143380819 -0.1576144629201408 -1 -1
stick ylego 1 0.06 -0.065 -1 -1 0.07837212592020013 -0.15687805673253127 -1 -1
stick ylego 1 0.06 -0.065 -1 -1 0.0733204611897994 -0.1562046520689529 -1 -1
stick ylego 1 0.06 -0.065 -1 -1 0.06246040943555137 -0.1538846213877462 -1 -1
stick ylego 1 0.06 -0.065 -1 -1 0.056753988194572745 -0.1541805914648748 -1 -1
stick ylego 1 0.06 -0.065 -1 -1 0.07652776872004866 -0.15666105816934484 -1 -1
stick ylego 1 0.06 -0.065 -1 -1 0.07130258583005693 -0.15586671026139037 -1 -1
stick ylego 1 0.06 -0.065 -1 -1 0.060098162806977266 -0.1538993065519596 -1 -1
