stick ylego 1 0.06 -0.065 -1 -1 0.06923397423965343 -0.1469121281673129 -1 -1 -1.5707963267948966 0 0 
stick ylego 1 0.06 -0.065 -1 -1 0.07280996625181117 -0.15561276398142704 -1 -1 -1.0471975511965976 0 0 
stick ylego 1 0.06 -0.065 -1 -1 0.0019255915918388454 -0.14936989645562748 -1 -1 -0.7853981633974483 0 0 
stick ylego 1 0.06 -0.065 -1 -1 0.012186638246364184 -0.16273497905420514 -1 -1 -0.5235987755982988 0 0 
stick ylego 1 0.06 -0.065 -1 -1 0.05455476051054538 -0.16857782541768593 -1 -1 -0.2617993877991494 0 0 
stick ylego 1 0.06 -0.065 -1 -1 0.05887512205856294 -0.1705207882148963 -1 -1 -0.08726646259971647 0 0 
stick ylego 1 0.06 -0.065 -1 -1 0.05364340826409954 -0.17614340678478896 -1 -1 0 0 0 
stick ylego 1 0.06 -0.065 -1 -1 0.053653137875298566 -0.1779672523557566 -1 -1 0.08726646259971647 0 0 
stick ylego 1 0.06 -0.065 -1 -1 0.06528200436576413 -0.1743173672638993 -1 -1 0.2617993877991494 0 0 
stick ylego 1 0.06 -0.065 -1 -1 0.11806239202187253 -0.17416494000143784 -1 -1 0.5235987755982988 0 0 
stick ylego 1 0.06 -0.065 -1 -1 0.10197298034222661 -0.153844900614262 -1 -1 0.7853981633974483 0 0 
stick ylego 1 0.06 -0.065 -1 -1 0.0653498495684276 -0.1509302522982618 -1 -1 1.0471975511965976 0 0 
stick ylego 1 0.06 -0.065 -1 -1 0.056290174409938866 -0.17688581584985658 -1 -1 1.5707963267948966 0 0 
