stick ylego 1 0.06 -0.065 -1 -1 0.059839107725710626 -0.1461650808522368 -1 -1 -1.5707963267948966 0 0 
stick ylego 1 0.06 -0.065 -1 -1 0.060704688923662015 -0.14612769403593392 -1 -1 -1.0471975511965976 0 0 
stick ylego 1 0.06 -0.065 -1 -1 0.05910639991820748 -0.14620716649341764 -1 -1 -0.7853981633974483 0 0 
stick ylego 1 0.06 -0.065 -1 -1 0.06667801435824057 -0.15339090246093803 -1 -1 -0.5235987755982988 0 0 
stick ylego 1 0.06 -0.065 -1 -1 0.06259223031078702 -0.15336211912683054 -1 -1 -0.2617993877991494 0 0 
stick ylego 1 0.06 -0.065 -1 -1 0.06109795247110426 -0.15338457367188915 -1 -1 -0.08726646259971647 0 0 
stick ylego 1 0.06 -0.065 -1 -1 0.06184983396235537 -0.15341561355695355 -1 -1 0 0 0 
stick ylego 1 0.06 -0.065 -1 -1 0.06144542247927417 -0.1534205327322341 -1 -1 0.08726646259971647 0 0 
stick ylego 1 0.06 -0.065 -1 -1 0.059443538392100224 -0.15345282116395426 -1 -1 0.2617993877991494 0 0 
stick ylego 1 0.06 -0.065 -1 -1 0.056864363408677135 -0.15340277210629277 -1 -1 0.5235987755982988 0 0 
stick ylego 1 0.06 -0.065 -1 -1 0.06307958909721505 -0.14636911861459165 -1 -1 0.7853981633974483 0 0 
stick ylego 1 0.06 -0.065 -1 -1 0.06321299832902268 -0.14636051561596322 -1 -1 1.0471975511965976 0 0 
stick ylego 1 0.06 -0.065 -1 -1 0.06148522746831721 -0.1463286168040792 -1 -1 1.5707963267948966 0 0 
