stick ylego 1 0.06 -0.065 -1 -1 0.06184983396235537 -0.15341561355695355 -1 -1 0 0 0 
stick ylego 1 0.06 -0.065 -1 -1 0.06164873620586081 -0.15340861490804872 -1 -1 0 0 0.08726646259971647 
stick ylego 1 0.06 -0.065 -1 -1 0.060522705022521474 -0.15342142543856788 -1 -1 0 0 0.5235987755982988 
stick ylego 1 0.06 -0.065 -1 -1 0.06020745459627956 -0.14947984915934862 -1 -1 0 0 1.5707963267948966 
stick ylego 1 0.06 -0.065 -1 -1 0.061772785624380766 -0.15355042969128926 -1 -1 0 0.08726646259971647 0.08726646259971647 
stick ylego 1 0.06 -0.065 -1 -1 0.06047048553170163 -0.15346063894031817 -1 -1 0 0.08726646259971647 0.5235987755982988 
stick ylego 1 0.06 -0.065 -1 -1 0.06038727741115939 -0.14939017258152654 -1 -1 0 0.08726646259971647 1.5707963267948966 
stick ylego 1 0.06 -0.065 -1 -1 0.061624462926184634 -0.1535453665368606 -1 -1 0 0.5235987755982988 0.5235987755982988 
stick ylego 1 0.06 -0.065 -1 -1 0.06038272616871858 -0.1494275527653182 -1 -1 0 0.5235987755982988 1.5707963267948966 
stick ylego 1 0.06 -0.065 -1 -1 0.06154486603185213 -0.14966347863114016 -1 -1 0 1.5707963267948966 1.5707963267948966 
stick ylego 1 0.06 -0.065 -1 -1 0.05992109978004355 -0.15333661421478628 -1 -1 0.08726646259971647 0.08726646259971647 0.08726646259971647 
stick ylego 1 0.06 -0.065 -1 -1 0.0599323761821729 -0.15333661132523768 -1 -1 0.08726646259971647 0.08726646259971647 0.5235987755982988 
stick ylego 1 0.06 -0.065 -1 -1 0.06434357097396587 -0.14951248345963983 -1 -1 0.08726646259971647 0.08726646259971647 1.5707963267948966 
stick ylego 1 0.06 -0.065 -1 -1 0.06391353874930945 -0.15340132278223775 -1 -1 0.08726646259971647 0.5235987755982988 0.5235987755982988 
stick ylego 1 0.06 -0.065 -1 -1 0.06022595807922808 -0.14959478583053484 -1 -1 0.08726646259971647 0.5235987755982988 1.5707963267948966 
stick ylego 1 0.06 -0.065 -1 -1 0.060665640477052495 -0.14953535844582297 -1 -1 0.08726646259971647 1.5707963267948966 1.5707963267948966 
stick ylego 1 0.06 -0.065 -1 -1 0.05991807971793502 -0.15333569347364992 -1 -1 0.5235987755982988 0.5235987755982988 0.5235987755982988 
stick ylego 1 0.06 -0.065 -1 -1 0.057431057521643174 -0.14949601008442948 -1 -1 0.5235987755982988 0.5235987755982988 1.5707963267948966 
stick ylego 1 0.06 -0.065 -1 -1 0.06157252375950784 -0.1495120860759601 -1 -1 0.5235987755982988 1.5707963267948966 1.5707963267948966 
stick ylego 1 0.06 -0.065 -1 -1 0.057506211931619394 -0.1509128217270746 -1 -1 1.5707963267948966 1.5707963267948966 1.5707963267948966 
