stick ylego 1 0.06 -0.065 -1 -1 0.061150562717940234 -0.15137990941218019 -1 -1
stick ylego 1 0.06 -0.065 -1 -1 0.05911754823167492 -0.15207757033733726 -1 -1
stick ylego 1 0.06 -0.065 -1 -1 0.0773437341075727 -0.16102588083785518 -1 -1
stick ylego 1 0.06 -0.065 -1 -1 0.058870369760743745 -0.17680720457563523 -1 -1
stick ylego 1 0.06 -0.065 -1 -1 0.06710402320984114 -0.1629603060265066 -1 -1
stick ylego 1 0.06 -0.065 -1 -1 0.05604336508008873 -0.14922215925954743 -1 -1
stick ylego 1 0.06 -0.065 -1 -1 0.05552098437122065 -0.17402959248444924 -1 -1
stick ylego 1 0.06 -0.065 -1 -1 0.06497913892328867 -0.15862963550089226 -1 -1
stick ylego 1 0.06 -0.065 -1 -1 0.07441110452320543 -0.1606200543048703 -1 -1
stick ylego 1 0.06 -0.065 -1 -1 0.05863477937457895 -0.17770140422638928 -1 -1
stick ylego 1 0.06 -0.065 -1 -1 0.0740920701919229 -0.17201911543729836 -1 -1
stick ylego 1 0.06 -0.065 -1 -1 0.08141524506858223 -0.15774933216522213 -1 -1
stick ylego 1 0.06 -0.065 -1 -1 0.07386229271134784 -0.17200927885125789 -1 -1
stick ylego 1 0.06 -0.065 -1 -1 0.07383773658244923 -0.17211466193625252 -1 -1
stick ylego 1 0.06 -0.065 -1 -1 0.07253802423111116 -0.1606209462798032 -1 -1
stick ylego 1 0.06 -0.065 -1 -1 0.05686941031593024 -0.16508944220441513 -1 -1
stick ylego 1 0.06 -0.065 -1 -1 0.06720820264118213 -0.1559780686333413 -1 -1
stick ylego 1 0.06 -0.065 -1 -1 0.06624354388399922 -0.16626262242071757 -1 -1
stick ylego 1 0.06 -0.065 -1 -1 0.060316847925933705 -0.15972469630498437 -1 -1
stick ylego 1 0.06 -0.065 -1 -1 0.06823150641484355 -0.16291181804637223 -1 -1
stick ylego 1 0.06 -0.065 -1 -1 0.06371147069530611 -0.1554384089521346 -1 -1
stick ylego 1 0.06 -0.065 -1 -1 0.09120760962264622 -0.15272394956694862 -1 -1
stick ylego 1 0.06 -0.065 -1 -1 0.05954828981032013 -0.14994651269688827 -1 -1
stick ylego 1 0.06 -0.065 -1 -1 0.06581953698033993 -0.15338304557901533 -1 -1
stick ylego 1 0.06 -0.065 -1 -1 0.0565106181491459 -0.14979897444446721 -1 -1
stick ylego 1 0.06 -0.065 -1 -1 0.059383297048858426 -0.15454744013281585 -1 -1
stick ylego 1 0.06 -0.065 -1 -1 0.060919762524199554 -0.1603831959315086 -1 -1
stick ylego 1 0.06 -0.065 -1 -1 0.05871602405891048 -0.15044124382160876 -1 -1
stick ylego 1 0.06 -0.065 -1 -1 0.07482904839897389 -0.16054662474279224 -1 -1
stick ylego 1 0.06 -0.065 -1 -1 0.06405740270065138 -0.1792151794130336 -1 -1
stick ylego 1 0.06 -0.065 -1 -1 0.06073500188529457 -0.15710030028769303 -1 -1
stick ylego 1 0.06 -0.065 -1 -1 0.06485861952219352 -0.16426349283124742 -1 -1
stick ylego 1 0.06 -0.065 -1 -1 0.050746788835135725 -0.17137868078054816 -1 -1
stick ylego 1 0.06 -0.065 -1 -1 0.055219355421501956 -0.14942780202164233 -1 -1
stick ylego 1 0.06 -0.065 -1 -1 0.0667579040214419 -0.1640767962723224 -1 -1
stick ylego 1 0.06 -0.065 -1 -1 0.07130239771434295 -0.1616090760850511 -1 -1
stick ylego 1 0.06 -0.065 -1 -1 0.056309347987675964 -0.149974687507711 -1 -1
stick ylego 1 0.06 -0.065 -1 -1 0.05326227337313643 -0.1626214996348494 -1 -1
stick ylego 1 0.06 -0.065 -1 -1 0.06232012791933893 -0.14986659697008187 -1 -1
stick ylego 1 0.06 -0.065 -1 -1 0.07361923734116547 -0.1608479678130048 -1 -1
