stick ylego 1 0.06 -0.065 -1 -1 0.08468722156224585 -0.15728169101813946 -1 -1
stick ylego 1 0.06 -0.065 -1 -1 0.04004531144476862 -0.15772165993465187 -1 -1
stick ylego 1 0.06 -0.065 -1 -1 0.08414941740666942 -0.1572678654179516 -1 -1
stick ylego 1 0.06 -0.065 -1 -1 0.08201307550832615 -0.15717280583526902 -1 -1
stick ylego 1 0.06 -0.065 -1 -1 0.06396053487622441 -0.15427463106728934 -1 -1
stick ylego 1 0.06 -0.065 -1 -1 0.06896395605720732 -0.155414080173572 -1 -1
stick ylego 1 0.06 -0.065 -1 -1 0.051545586039758985 -0.1555720417496506 -1 -1
stick ylego 1 0.06 -0.065 -1 -1 0.07528040365823273 -0.15650155010845332 -1 -1
stick ylego 1 0.06 -0.065 -1 -1 0.06769250049040779 -0.15514757982643262 -1 -1
stick ylego 1 0.06 -0.065 -1 -1 0.043023353207030636 -0.15223855563950442 -1 -1
stick ylego 1 0.06 -0.065 -1 -1 0.05560968699317177 -0.15451431510120037 -1 -1
stick ylego 1 0.06 -0.065 -1 -1 0.06732673187860373 -0.15506475143129503 -1 -1
stick ylego 1 0.06 -0.065 -1 -1 0.08419751187903388 -0.15726962030869818 -1 -1
stick ylego 1 0.06 -0.065 -1 -1 0.08170065720184319 -0.15715469840779892 -1 -1
stick ylego 1 0.06 -0.065 -1 -1 0.04279104047159222 -0.15733100510302017 -1 -1
stick ylego 1 0.06 -0.065 -1 -1 0.04631602421366169 -0.15671521992430382 -1 -1
stick ylego 1 0.06 -0.065 -1 -1 0.04436903411102529 -0.15707182234230335 -1 -1
stick ylego 1 0.06 -0.065 -1 -1 0.03673579573280037 -0.1580729678400841 -1 -1
stick ylego 1 0.06 -0.065 -1 -1 0.04156843713013073 -0.1575149725785734 -1 -1
stick ylego 1 0.06 -0.065 -1 -1 0.03673592662525792 -0.15807357159247146 -1 -1
stick ylego 1 0.06 -0.065 -1 -1 0.05648234180572244 -0.15426087868396238 -1 -1
stick ylego 1 0.06 -0.065 -1 -1 0.07417319299595722 -0.15634170314737475 -1 -1
stick ylego 1 0.06 -0.065 -1 -1 0.07602200768116764 -0.15660090068124743 -1 -1
stick ylego 1 0.06 -0.065 -1 -1 0.06893933548954205 -0.15540958063215124 -1 -1
stick ylego 1 0.06 -0.065 -1 -1 0.05015588786012441 -0.16306615910926192 -1 -1
stick ylego 1 0.06 -0.065 -1 -1 0.04601803726937374 -0.15805906465444156 -1 -1
stick ylego 1 0.06 -0.065 -1 -1 0.07618630683012353 -0.15617110532851466 -1 -1
stick ylego 1 0.06 -0.065 -1 -1 0.06936483712646299 -0.15549297828713224 -1 -1
stick ylego 1 0.06 -0.065 -1 -1 0.04917095494024122 -0.16179314542250953 -1 -1
stick ylego 1 0.06 -0.065 -1 -1 0.05833240153044383 -0.1616077644592701 -1 -1
stick ylego 1 0.06 -0.065 -1 -1 0.0766368113428473 -0.15667939361258446 -1 -1
stick ylego 1 0.06 -0.065 -1 -1 0.06270331212506791 -0.15396562471707675 -1 -1
stick ylego 1 0.06 -0.065 -1 -1 0.07813567721876676 -0.15685243089083664 -1 -1
stick ylego 1 0.06 -0.065 -1 -1 0.05228874164881689 -0.15538933205161837 -1 -1
stick ylego 1 0.06 -0.065 -1 -1 0.045923620724136985 -0.15679054896232406 -1 -1
stick ylego 1 0.06 -0.065 -1 -1 0.08250488643084702 -0.15720114811329616 -1 -1
stick ylego 1 0.06 -0.065 -1 -1 0.041338147997739466 -0.1575449886230093 -1 -1
stick ylego 1 0.06 -0.065 -1 -1 0.05736682062613744 -0.15400756174284888 -1 -1
stick ylego 1 0.06 -0.065 -1 -1 0.07584436245861621 -0.1565766184615589 -1 -1
stick ylego 1 0.06 -0.065 -1 -1 0.05760559489664523 -0.15393185920330119 -1 -1
stick ylego 1 0.06 -0.065 -1 -1 0.06578145144022736 -0.1631080951313279 -1 -1
stick ylego 1 0.06 -0.065 -1 -1 0.05997846589334456 -0.15333852453855076 -1 -1
stick ylego 1 0.06 -0.065 -1 -1 0.066897502352146 -0.16280803352857562 -1 -1
stick ylego 1 0.06 -0.065 -1 -1 0.07207258245199823 -0.1559971948834315 -1 -1
stick ylego 1 0.06 -0.065 -1 -1 0.07724811777593381 -0.1567531549012622 -1 -1
stick ylego 1 0.06 -0.065 -1 -1 0.04552745538795559 -0.156863609798605 -1 -1
stick ylego 1 0.06 -0.065 -1 -1 0.040120712576539784 -0.1577084409417211 -1 -1
stick ylego 1 0.06 -0.065 -1 -1 0.06288945462595612 -0.15401235019386902 -1 -1
stick ylego 1 0.06 -0.065 -1 -1 0.07593122854760795 -0.15659062100934976 -1 -1
stick ylego 1 0.06 -0.065 -1 -1 0.0790114319297965 -0.15694348460093166 -1 -1
stick ylego 1 0.06 -0.065 -1 -1 0.05950853413723889 -0.15342223676026281 -1 -1
stick ylego 1 0.06 -0.065 -1 -1 0.053617901481742704 -0.15505051177625134 -1 -1
stick ylego 1 0.06 -0.065 -1 -1 0.06891730294513318 -0.15539938216629195 -1 -1
stick ylego 1 0.06 -0.065 -1 -1 0.05997857929959395 -0.15347435351452432 -1 -1
stick ylego 1 0.06 -0.065 -1 -1 0.07285836776822027 -0.1561321618510658 -1 -1
stick ylego 1 0.06 -0.065 -1 -1 0.08384078034253228 -0.15152218758088515 -1 -1
stick ylego 1 0.06 -0.065 -1 -1 0.05755228799321387 -0.1539525313928635 -1 -1
stick ylego 1 0.06 -0.065 -1 -1 0.06959673084687967 -0.1555375725931929 -1 -1
stick ylego 1 0.06 -0.065 -1 -1 0.03870242747293576 -0.15788052293316088 -1 -1
stick ylego 1 0.06 -0.065 -1 -1 0.05843643251422083 -0.15368136236812283 -1 -1
