stick ylego 1 0.06 -0.065 -1 -1 0.065781322873882 -0.1623422179661718 -1 -1
stick ylego 1 0.06 -0.065 -1 -1 0.061986328967949714 -0.1622327673619392 -1 -1
stick ylego 1 0.06 -0.065 -1 -1 0.05376238521171982 -0.16442415843033373 -1 -1
stick ylego 1 0.06 -0.065 -1 -1 0.05830682594325993 -0.17709501485912327 -1 -1
stick ylego 1 0.06 -0.065 -1 -1 0.06013625528493226 -0.14878501164685123 -1 -1
stick ylego 1 0.06 -0.065 -1 -1 0.05510263970746269 -0.14968476492790014 -1 -1
stick ylego 1 0.06 -0.065 -1 -1 0.059580087360703714 -0.1743575383792894 -1 -1
stick ylego 1 0.06 -0.065 -1 -1 0.061120584293864966 -0.14907495338318322 -1 -1
stick ylego 1 0.06 -0.065 -1 -1 0.05848216114449577 -0.17871473735285207 -1 -1
stick ylego 1 0.06 -0.065 -1 -1 0.061534281202569624 -0.15101702683647966 -1 -1
stick ylego 1 0.06 -0.065 -1 -1 0.05675635615733843 -0.14954419597470442 -1 -1
stick ylego 1 0.06 -0.065 -1 -1 0.05920457597254946 -0.15044693256609293 -1 -1
stick ylego 1 0.06 -0.065 -1 -1 0.053592343824342796 -0.1638673386205778 -1 -1
stick ylego 1 0.06 -0.065 -1 -1 0.07002651725012396 -0.16461772531045718 -1 -1
stick ylego 1 0.06 -0.065 -1 -1 0.06353452765155224 -0.16190939071246865 -1 -1
stick ylego 1 0.06 -0.065 -1 -1 0.07103612411822821 -0.15660197486335103 -1 -1
stick ylego 1 0.06 -0.065 -1 -1 0.0754490017085469 -0.1533771668103782 -1 -1
stick ylego 1 0.06 -0.065 -1 -1 0.0497846944863476 -0.17422043601735024 -1 -1
stick ylego 1 0.06 -0.065 -1 -1 0.06926609398630929 -0.16089804678033964 -1 -1
stick ylego 1 0.06 -0.065 -1 -1 0.04583356349861152 -0.16339315172737978 -1 -1
stick ylego 1 0.06 -0.065 -1 -1 0.05830840167588169 -0.1607819849604941 -1 -1
stick ylego 1 0.06 -0.065 -1 -1 0.049767232495061785 -0.15037087847183664 -1 -1
stick ylego 1 0.06 -0.065 -1 -1 0.05974185517847349 -0.17448924514137723 -1 -1
stick ylego 1 0.06 -0.065 -1 -1 0.06028791127407183 -0.1703309676759221 -1 -1
stick ylego 1 0.06 -0.065 -1 -1 0.05969208873375813 -0.15017023060283097 -1 -1
stick ylego 1 0.06 -0.065 -1 -1 0.06043356422059793 -0.15161237890208593 -1 -1
stick ylego 1 0.06 -0.065 -1 -1 0.05948249862266903 -0.1507496410841829 -1 -1
stick ylego 1 0.06 -0.065 -1 -1 0.06240004851026436 -0.14950388375358978 -1 -1
stick ylego 1 0.06 -0.065 -1 -1 0.058311848345681115 -0.1602674267076566 -1 -1
stick ylego 1 0.06 -0.065 -1 -1 0.05525314578864424 -0.1508794373431903 -1 -1
stick ylego 1 0.06 -0.065 -1 -1 0.05102671000266396 -0.16425902598921044 -1 -1
stick ylego 1 0.06 -0.065 -1 -1 0.07397755921486497 -0.16311348845233486 -1 -1
stick ylego 1 0.06 -0.065 -1 -1 0.06454982211670551 -0.16142109351127173 -1 -1
stick ylego 1 0.06 -0.065 -1 -1 0.059347735950524595 -0.19519660688194468 -1 -1
stick ylego 1 0.06 -0.065 -1 -1 0.062122761925356706 -0.1500933077149049 -1 -1
stick ylego 1 0.06 -0.065 -1 -1 0.049702467217812685 -0.1640793899641393 -1 -1
stick ylego 1 0.06 -0.065 -1 -1 0.057767586639414906 -0.15032269208035687 -1 -1
stick ylego 1 0.06 -0.065 -1 -1 0.057197596447632275 -0.15034641828427317 -1 -1
stick ylego 1 0.06 -0.065 -1 -1 0.05042137332223302 -0.1613052204133296 -1 -1
stick ylego 1 0.06 -0.065 -1 -1 0.06700751152457235 -0.1670377363349438 -1 -1
