stick ylego 1 0.06 -0.065 -1 -1 0.06367566512002164 -0.15442084554559646 -1 -1 0 0 -1.5707963267948966 
stick ylego 1 0.06 -0.065 -1 -1 0.06331351402989537 -0.15438531690656632 -1 -1 0 0 -1.0471975511965976 
stick ylego 1 0.06 -0.065 -1 -1 0.06216293788074285 -0.1534423844374869 -1 -1 0 0 -0.7853981633974483 
stick ylego 1 0.06 -0.065 -1 -1 0.0613025308918051 -0.15352733301854546 -1 -1 0 0 -0.5235987755982988 
stick ylego 1 0.06 -0.065 -1 -1 0.06082436849245295 -0.15335553926116086 -1 -1 0 0 -0.2617993877991494 
stick ylego 1 0.06 -0.065 -1 -1 0.06086118150913791 -0.15347944885368298 -1 -1 0 0 -0.08726646259971647 
stick ylego 1 0.06 -0.065 -1 -1 0.06184983396235537 -0.15341561355695355 -1 -1 0 0 0 
stick ylego 1 0.06 -0.065 -1 -1 0.06164873620586081 -0.15340861490804872 -1 -1 0 0 0.08726646259971647 
stick ylego 1 0.06 -0.065 -1 -1 0.06323397707681887 -0.1535555444922958 -1 -1 0 0 0.2617993877991494 
stick ylego 1 0.06 -0.065 -1 -1 0.060522705022521474 -0.15342142543856788 -1 -1 0 0 0.5235987755982988 
stick ylego 1 0.06 -0.065 -1 -1 0.06052237589735853 -0.15337704333583768 -1 -1 0 0 0.7853981633974483 
stick ylego 1 0.06 -0.065 -1 -1 0.06081205682667667 -0.1495351704565755 -1 -1 0 0 1.0471975511965976 
stick ylego 1 0.06 -0.065 -1 -1 0.06020745459627956 -0.14947984915934862 -1 -1 0 0 1.5707963267948966 
