stick ylego 1 0.06 -0.065 -1 -1 0.05364340826409954 -0.17614340678478896 -1 -1 0 0 0 
stick ylego 1 0.06 -0.065 -1 -1 0.06406764352330173 -0.17194600225071857 -1 -1 0 0 0.08726646259971647 
stick ylego 1 0.06 -0.065 -1 -1 0.05887667811837971 -0.17641512968072368 -1 -1 0 0 0.5235987755982988 
stick ylego 1 0.06 -0.065 -1 -1 0.05801785845497619 -0.1506235659622362 -1 -1 0 0 1.5707963267948966 
stick ylego 1 0.06 -0.065 -1 -1 0.059183319124730564 -0.17879040730958587 -1 -1 0 0.08726646259971647 0.08726646259971647 
stick ylego 1 0.06 -0.065 -1 -1 0.07716120501182802 -0.1716522821267136 -1 -1 0 0.08726646259971647 0.5235987755982988 
stick ylego 1 0.06 -0.065 -1 -1 0.05580528110101572 -0.1496926697639999 -1 -1 0 0.08726646259971647 1.5707963267948966 
stick ylego 1 0.06 -0.065 -1 -1 0.05375711173289095 -0.16829368882802778 -1 -1 0 0.5235987755982988 0.5235987755982988 
stick ylego 1 0.06 -0.065 -1 -1 0.05758752908169555 -0.14989888938372126 -1 -1 0 0.5235987755982988 1.5707963267948966 
stick ylego 1 0.06 -0.065 -1 -1 0.06422845005986173 -0.15328336020184102 -1 -1 0 1.5707963267948966 1.5707963267948966 
stick ylego 1 0.06 -0.065 -1 -1 0.05663939291672833 -0.17766278604562827 -1 -1 0.08726646259971647 0.08726646259971647 0.08726646259971647 
stick ylego 1 0.06 -0.065 -1 -1 0.05672222949353666 -0.17220467434058767 -1 -1 0.08726646259971647 0.08726646259971647 0.5235987755982988 
stick ylego 1 0.06 -0.065 -1 -1 0.060482277537170274 -0.1512421344161405 -1 -1 0.08726646259971647 0.08726646259971647 1.5707963267948966 
stick ylego 1 0.06 -0.065 -1 -1 0.05234149659177072 -0.16914557487225534 -1 -1 0.08726646259971647 0.5235987755982988 0.5235987755982988 
stick ylego 1 0.06 -0.065 -1 -1 0.04769290611024246 -0.15134103855651312 -1 -1 0.08726646259971647 0.5235987755982988 1.5707963267948966 
stick ylego 1 0.06 -0.065 -1 -1 0.06417456701859883 -0.15394445170883278 -1 -1 0.08726646259971647 1.5707963267948966 1.5707963267948966 
stick ylego 1 0.06 -0.065 -1 -1 0.05906444812275352 -0.17490001991414073 -1 -1 0.5235987755982988 0.5235987755982988 0.5235987755982988 
stick ylego 1 0.06 -0.065 -1 -1 0.0856820315637372 -0.15550316584341947 -1 -1 0.5235987755982988 0.5235987755982988 1.5707963267948966 
stick ylego 1 0.06 -0.065 -1 -1 0.05293538234919304 -0.15594021826202878 -1 -1 0.5235987755982988 1.5707963267948966 1.5707963267948966 
stick ylego 1 0.06 -0.065 -1 -1 0.07556355305302644 -0.15300882995002754 -1 -1 1.5707963267948966 1.5707963267948966 1.5707963267948966 
