stick ylego 1 0.06 -0.065 -1 -1 0.06975131036263364 -0.1588046222660195 -1 -1
stick ylego 1 0.06 -0.065 -1 -1 0.013127011584384582 -0.15503694499831927 -1 -1
stick ylego 1 0.06 -0.065 -1 -1 0.06235220095221039 -0.15490632967519752 -1 -1
stick ylego 1 0.06 -0.065 -1 -1 0.05918977318990679 -0.1501231158901523 -1 -1
stick ylego 1 0.06 -0.065 -1 -1 0.11500149170597171 -0.15502161627260097 -1 -1
stick ylego 1 0.06 -0.065 -1 -1 0.06467886023274864 -0.16912299618436316 -1 -1
stick ylego 1 0.06 -0.065 -1 -1 0.05659181542782865 -0.15304930055756485 -1 -1
stick ylego 1 0.06 -0.065 -1 -1 0.005779148650545129 -0.15408847923771576 -1 -1
stick ylego 1 0.06 -0.065 -1 -1 0.028680313753842876 -0.15482473732818647 -1 -1
stick ylego 1 0.06 -0.065 -1 -1 0.060804187972758 -0.14694019366804204 -1 -1
stick ylego 1 0.06 -0.065 -1 -1 0.052745364233293825 -0.17434258524065482 -1 -1
stick ylego 1 0.06 -0.065 -1 -1 0.12714869328522566 -0.17185625284424633 -1 -1
stick ylego 1 0.06 -0.065 -1 -1 0.057161258100265976 -0.14921732347620778 -1 -1
stick ylego 1 0.06 -0.065 -1 -1 0.05287537099173148 -0.16364926468996488 -1 -1
stick ylego 1 0.06 -0.065 -1 -1 0.06178166162855901 -0.14695730106681093 -1 -1
stick ylego 1 0.06 -0.065 -1 -1 0.0594199619115 -0.15948497243909351 -1 -1
stick ylego 1 0.06 -0.065 -1 -1 0.045312161879765014 -0.1574980295669562 -1 -1
stick ylego 1 0.06 -0.065 -1 -1 0.007069517563748602 -0.15621510707171568 -1 -1
stick ylego 1 0.06 -0.065 -1 -1 0.04394072892502366 -0.15552459467187368 -1 -1
stick ylego 1 0.06 -0.065 -1 -1 0.05340536982239765 -0.17218430517840197 -1 -1
stick ylego 1 0.06 -0.065 -1 -1 0.12235752693282446 -0.15306285362288988 -1 -1
stick ylego 1 0.06 -0.065 -1 -1 0.08310795219636073 -0.17669474948903238 -1 -1
stick ylego 1 0.06 -0.065 -1 -1 0.10063180144240239 -0.15673026095700485 -1 -1
stick ylego 1 0.06 -0.065 -1 -1 0.058292056666596946 -0.14812616228125372 -1 -1
stick ylego 1 0.06 -0.065 -1 -1 0.06760120315627519 -0.15850885603073223 -1 -1
stick ylego 1 0.06 -0.065 -1 -1 0.0619076780459601 -0.16168559349404157 -1 -1
stick ylego 1 0.06 -0.065 -1 -1 0.11963320872443492 -0.15440906450444625 -1 -1
stick ylego 1 0.06 -0.065 -1 -1 0.059345572134001656 -0.15063935211425078 -1 -1
stick ylego 1 0.06 -0.065 -1 -1 0.05298770575057513 -0.1515972213333555 -1 -1
stick ylego 1 0.06 -0.065 -1 -1 0.05758122156484432 -0.149008581310738 -1 -1
stick ylego 1 0.06 -0.065 -1 -1 0.05854152374363752 -0.15419187231285644 -1 -1
stick ylego 1 0.06 -0.065 -1 -1 0.062111552441260216 -0.14640447267443032 -1 -1
stick ylego 1 0.06 -0.065 -1 -1 0.08395150813952892 -0.1737488651114297 -1 -1
stick ylego 1 0.06 -0.065 -1 -1 0.06171195816442759 -0.15745188804661817 -1 -1
stick ylego 1 0.06 -0.065 -1 -1 0.06790820440419573 -0.14961555073334443 -1 -1
stick ylego 1 0.06 -0.065 -1 -1 0.10412591455983743 -0.16222304010233815 -1 -1
stick ylego 1 0.06 -0.065 -1 -1 0.035927968181333814 -0.16516238747608672 -1 -1
stick ylego 1 0.06 -0.065 -1 -1 0.06505497510179979 -0.15545011028943803 -1 -1
stick ylego 1 0.06 -0.065 -1 -1 0.06108419980406794 -0.14692976230263438 -1 -1
stick ylego 1 0.06 -0.065 -1 -1 0.060805353341143925 -0.15185773213440917 -1 -1
