stick ylego 1 0.06 -0.065 -1 -1 0.05795112621585901 -0.1518713611005908 -1 -1
stick ylego 1 0.06 -0.065 -1 -1 0.06094169870123076 -0.15390714481686013 -1 -1
stick ylego 1 0.06 -0.065 -1 -1 0.060149595746871766 -0.17590955246306675 -1 -1
stick ylego 1 0.06 -0.065 -1 -1 0.10906408282997963 -0.16168405816699524 -1 -1
stick ylego 1 0.06 -0.065 -1 -1 0.0409370585222314 -0.17138964519206903 -1 -1
stick ylego 1 0.06 -0.065 -1 -1 0.10108994686488144 -0.1666959392642241 -1 -1
stick ylego 1 0.06 -0.065 -1 -1 0.05922638642544337 -0.17739912201719266 -1 -1
stick ylego 1 0.06 -0.065 -1 -1 0.03370137425590269 -0.16784733486519168 -1 -1
stick ylego 1 0.06 -0.065 -1 -1 0.09626368527880641 -0.1632351754779601 -1 -1
stick ylego 1 0.06 -0.065 -1 -1 0.0026854781872790215 -0.1577934472500716 -1 -1
stick ylego 1 0.06 -0.065 -1 -1 0.060972561322503546 -0.15494126400598845 -1 -1
stick ylego 1 0.06 -0.065 -1 -1 0.041772227130767746 -0.15171823814229468 -1 -1
stick ylego 1 0.06 -0.065 -1 -1 0.06624491725624154 -0.15465479733047682 -1 -1
stick ylego 1 0.06 -0.065 -1 -1 0.04338418665349567 -0.15597346480747185 -1 -1
stick ylego 1 0.06 -0.065 -1 -1 0.07774885581492103 -0.1540686624825714 -1 -1
stick ylego 1 0.06 -0.065 -1 -1 0.11403626269795726 -0.17014827230090743 -1 -1
stick ylego 1 0.06 -0.065 -1 -1 0.04317330718594993 -0.1526666476230531 -1 -1
stick ylego 1 0.06 -0.065 -1 -1 0.045658416323970503 -0.16128658965717568 -1 -1
stick ylego 1 0.06 -0.065 -1 -1 0.05960692802360246 -0.1519840927684353 -1 -1
stick ylego 1 0.06 -0.065 -1 -1 0.06814442110102008 -0.15140351209799727 -1 -1
stick ylego 1 0.06 -0.065 -1 -1 0.02830227694506901 -0.15056550163247745 -1 -1
stick ylego 1 0.06 -0.065 -1 -1 0.04966945041775853 -0.15329321664325996 -1 -1
stick ylego 1 0.06 -0.065 -1 -1 0.10341022496496738 -0.16921278992857378 -1 -1
stick ylego 1 0.06 -0.065 -1 -1 -0.005987114138507652 -0.11943845456141598 -1 -1
stick ylego 1 0.06 -0.065 -1 -1 0.05229047157286832 -0.15401357315816888 -1 -1
stick ylego 1 0.06 -0.065 -1 -1 0.05801521424844746 -0.15332139415029766 -1 -1
stick ylego 1 0.06 -0.065 -1 -1 0.08107505973546637 -0.16476371183054606 -1 -1
stick ylego 1 0.06 -0.065 -1 -1 0.06799005433392162 -0.15466713090727183 -1 -1
stick ylego 1 0.06 -0.065 -1 -1 0.06036161759264666 -0.16813360861312823 -1 -1
stick ylego 1 0.06 -0.065 -1 -1 0.051573002545661 -0.15339771178111614 -1 -1
stick ylego 1 0.06 -0.065 -1 -1 0.07416313988164594 -0.14976779713633928 -1 -1
stick ylego 1 0.06 -0.065 -1 -1 0.06874787254712118 -0.15295102403483238 -1 -1
stick ylego 1 0.06 -0.065 -1 -1 0.08699628104902352 -0.15441457937878458 -1 -1
stick ylego 1 0.06 -0.065 -1 -1 0.05513907242340242 -0.14852919034773016 -1 -1
stick ylego 1 0.06 -0.065 -1 -1 0.07601361849919473 -0.16423689642070619 -1 -1
stick ylego 1 0.06 -0.065 -1 -1 0.028119968615876685 -0.15105406818854236 -1 -1
stick ylego 1 0.06 -0.065 -1 -1 0.057391577542651055 -0.1542742995413443 -1 -1
stick ylego 1 0.06 -0.065 -1 -1 0.0558751369744833 -0.17055834023062347 -1 -1
stick ylego 1 0.06 -0.065 -1 -1 0.04805333248101811 -0.1698338012417653 -1 -1
stick ylego 1 0.06 -0.065 -1 -1 -0.002326242718932417 -0.097319024953846 -1 -1
