stick ylego 1 0.06 -0.065 -1 -1 0.05696680534933909 -0.17941722215126027 -1 -1
stick ylego 1 0.06 -0.065 -1 -1 0.058771990604213134 -0.17585500751497496 -1 -1
stick ylego 1 0.06 -0.065 -1 -1 0.06045167129056182 -0.17693617959712 -1 -1
stick ylego 1 0.06 -0.065 -1 -1 0.06418465471395711 -0.17428875225034215 -1 -1
stick ylego 1 0.06 -0.065 -1 -1 0.06094027975043535 -0.17761175761239098 -1 -1
stick ylego 1 0.06 -0.065 -1 -1 0.06280762600205002 -0.17745122184094964 -1 -1
stick ylego 1 0.06 -0.065 -1 -1 0.0659852135349118 -0.17692406115323198 -1 -1
stick ylego 1 0.06 -0.065 -1 -1 0.06036748939022568 -0.1767189574179662 -1 -1
stick ylego 1 0.06 -0.065 -1 -1 0.08833181211230787 -0.17016756994119162 -1 -1
stick ylego 1 0.06 -0.065 -1 -1 0.0623688893391228 -0.1751115989510584 -1 -1
stick ylego 1 0.06 -0.065 -1 -1 0.061707918154071104 -0.17235286678657602 -1 -1
stick ylego 1 0.06 -0.065 -1 -1 0.04878504739905376 -0.1719982504960804 -1 -1
stick ylego 1 0.06 -0.065 -1 -1 0.06308794451518153 -0.17511203444059428 -1 -1
stick ylego 1 0.06 -0.065 -1 -1 0.066343662142413 -0.176726472144415 -1 -1
stick ylego 1 0.06 -0.065 -1 -1 0.05647494876527735 -0.17681764967043698 -1 -1
stick ylego 1 0.06 -0.065 -1 -1 0.060481159968192734 -0.17420172024836578 -1 -1
stick ylego 1 0.06 -0.065 -1 -1 0.06593751323009332 -0.1750225749606633 -1 -1
stick ylego 1 0.06 -0.065 -1 -1 0.05882761648542752 -0.17467819536300994 -1 -1
stick ylego 1 0.06 -0.065 -1 -1 0.06076325699903999 -0.1745388882573069 -1 -1
stick ylego 1 0.06 -0.065 -1 -1 0.06619879795809495 -0.1760081012004413 -1 -1
stick ylego 1 0.06 -0.065 -1 -1 0.08016510441400518 -0.17193416163197994 -1 -1
stick ylego 1 0.06 -0.065 -1 -1 0.06259363358643716 -0.17387898131434218 -1 -1
stick ylego 1 0.06 -0.065 -1 -1 0.05824966384851726 -0.17366617053952357 -1 -1
stick ylego 1 0.06 -0.065 -1 -1 0.06496824731548616 -0.1757455209887678 -1 -1
stick ylego 1 0.06 -0.065 -1 -1 0.06015790860088558 -0.1774525828031302 -1 -1
stick ylego 1 0.06 -0.065 -1 -1 0.058724408587372795 -0.1748220664905806 -1 -1
stick ylego 1 0.06 -0.065 -1 -1 0.05798152255209384 -0.17748125183814 -1 -1
stick ylego 1 0.06 -0.065 -1 -1 0.05705500856526802 -0.17555647604321506 -1 -1
stick ylego 1 0.06 -0.065 -1 -1 0.05679479387092646 -0.17485602092063 -1 -1
stick ylego 1 0.06 -0.065 -1 -1 0.0629252543126689 -0.17245052194202412 -1 -1
stick ylego 1 0.06 -0.065 -1 -1 0.06271209302897982 -0.18047794795695843 -1 -1
stick ylego 1 0.06 -0.065 -1 -1 0.05552250502232923 -0.17300320073298867 -1 -1
stick ylego 1 0.06 -0.065 -1 -1 0.05939822778696883 -0.17433081887427657 -1 -1
stick ylego 1 0.06 -0.065 -1 -1 0.05052396922711558 -0.178205306515221 -1 -1
stick ylego 1 0.06 -0.065 -1 -1 0.06376643292497963 -0.17605122718611801 -1 -1
stick ylego 1 0.06 -0.065 -1 -1 0.06460536552459818 -0.16988611344720408 -1 -1
stick ylego 1 0.06 -0.065 -1 -1 0.061867718437457433 -0.1755905628006948 -1 -1
stick ylego 1 0.06 -0.065 -1 -1 0.06400057232479367 -0.17321448238463713 -1 -1
stick ylego 1 0.06 -0.065 -1 -1 0.0537615713273388 -0.17551414921250377 -1 -1
stick ylego 1 0.06 -0.065 -1 -1 0.055261228530301104 -0.17567702969811944 -1 -1
