stick ylego 1 0.06 -0.065 -1 -1 0.04942831467505046 -0.1580630892433779 -1 -1 0 -1.5707963267948966 0 
stick ylego 1 0.06 -0.065 -1 -1 0.04831734921013495 -0.15677055913254173 -1 -1 0 -1.0471975511965976 0 
stick ylego 1 0.06 -0.065 -1 -1 0.056384986540376936 -0.1564734373254939 -1 -1 0 -0.7853981633974483 0 
stick ylego 1 0.06 -0.065 -1 -1 0.057430923592399645 -0.17404770807151027 -1 -1 0 -0.5235987755982988 0 
stick ylego 1 0.06 -0.065 -1 -1 0.050686066986219996 -0.17683884689813037 -1 -1 0 -0.2617993877991494 0 
stick ylego 1 0.06 -0.065 -1 -1 0.058362871851492304 -0.18001824489000903 -1 -1 0 -0.08726646259971647 0 
stick ylego 1 0.06 -0.065 -1 -1 0.05364340826409954 -0.17614340678478896 -1 -1 0 0 0 
stick ylego 1 0.06 -0.065 -1 -1 0.053383134884128075 -0.16628154536737627 -1 -1 0 0.08726646259971647 0 
stick ylego 1 0.06 -0.065 -1 -1 0.059913052953194226 -0.17786328470951682 -1 -1 0 0.2617993877991494 0 
stick ylego 1 0.06 -0.065 -1 -1 0.05891282280850992 -0.17237226657627025 -1 -1 0 0.5235987755982988 0 
stick ylego 1 0.06 -0.065 -1 -1 0.06284391060682928 -0.15547163818682308 -1 -1 0 0.7853981633974483 0 
stick ylego 1 0.06 -0.065 -1 -1 0.06367793248665804 -0.15219388927017777 -1 -1 0 1.0471975511965976 0 
stick ylego 1 0.06 -0.065 -1 -1 0.06207745234728673 -0.15221563380445605 -1 -1 0 1.5707963267948966 0 
