stick ylego 1 0.06 -0.065 -1 -1 0.04583598537182131 -0.15680683697443307 -1 -1
stick ylego 1 0.06 -0.065 -1 -1 0.048442013132118156 -0.15628531122142073 -1 -1
stick ylego 1 0.06 -0.065 -1 -1 0.055828387935231844 -0.16194793878884825 -1 -1
stick ylego 1 0.06 -0.065 -1 -1 0.06622302507489687 -0.15481457089184125 -1 -1
stick ylego 1 0.06 -0.065 -1 -1 0.05997023642156117 -0.15337446856555542 -1 -1
stick ylego 1 0.06 -0.065 -1 -1 0.07950993846108696 -0.1569893599302498 -1 -1
stick ylego 1 0.06 -0.065 -1 -1 0.08188319671650535 -0.15232433482427593 -1 -1
stick ylego 1 0.06 -0.065 -1 -1 0.04491058975296976 -0.15697660120319057 -1 -1
stick ylego 1 0.06 -0.065 -1 -1 0.04611671835052905 -0.15675426975162327 -1 -1
stick ylego 1 0.06 -0.065 -1 -1 0.050769511002265164 -0.15575966807871763 -1 -1
stick ylego 1 0.06 -0.065 -1 -1 0.07322532704899849 -0.1561941243054528 -1 -1
stick ylego 1 0.06 -0.065 -1 -1 0.05604922988058944 -0.15438441332171263 -1 -1
stick ylego 1 0.06 -0.065 -1 -1 0.06243502479620739 -0.15387895822918976 -1 -1
stick ylego 1 0.06 -0.065 -1 -1 0.07363185654582774 -0.15626016734286868 -1 -1
stick ylego 1 0.06 -0.065 -1 -1 0.06580143758148031 -0.16095731182637968 -1 -1
stick ylego 1 0.06 -0.065 -1 -1 0.042252826056266006 -0.157415047915855 -1 -1
stick ylego 1 0.06 -0.065 -1 -1 0.06838240249419346 -0.1552894596944613 -1 -1
stick ylego 1 0.06 -0.065 -1 -1 0.07321122674078308 -0.156192030632976 -1 -1
stick ylego 1 0.06 -0.065 -1 -1 0.06482718266295112 -0.15448513452773352 -1 -1
stick ylego 1 0.06 -0.065 -1 -1 0.07856910467355946 -0.16124290846189288 -1 -1
stick ylego 1 0.06 -0.065 -1 -1 0.05584024906134555 -0.15444519374989385 -1 -1
stick ylego 1 0.06 -0.065 -1 -1 0.06671376164021163 -0.1549281518660347 -1 -1
stick ylego 1 0.06 -0.065 -1 -1 0.04070014422630821 -0.15763628106336158 -1 -1
stick ylego 1 0.06 -0.065 -1 -1 0.08709293591074149 -0.1572955973097952 -1 -1
stick ylego 1 0.06 -0.065 -1 -1 0.05778294520808988 -0.16195361850280596 -1 -1
stick ylego 1 0.06 -0.065 -1 -1 0.048622508350268934 -0.15624148834346155 -1 -1
stick ylego 1 0.06 -0.065 -1 -1 0.07449985842854011 -0.15638826201814543 -1 -1
stick ylego 1 0.06 -0.065 -1 -1 0.05292294081005455 -0.15522901612271175 -1 -1
stick ylego 1 0.06 -0.065 -1 -1 0.08047203399824093 -0.15707001415813382 -1 -1
stick ylego 1 0.06 -0.065 -1 -1 0.07514246964790319 -0.15648016026550354 -1 -1
stick ylego 1 0.06 -0.065 -1 -1 0.04064151238870365 -0.15764405528222453 -1 -1
stick ylego 1 0.06 -0.065 -1 -1 0.07556331242776906 -0.15654242387011655 -1 -1
stick ylego 1 0.06 -0.065 -1 -1 0.07129305466325171 -0.15586486913237507 -1 -1
stick ylego 1 0.06 -0.065 -1 -1 0.06653235419826069 -0.1548901757528807 -1 -1
stick ylego 1 0.06 -0.065 -1 -1 0.0851409936329657 -0.15729051263714272 -1 -1
stick ylego 1 0.06 -0.065 -1 -1 0.04514820046316736 -0.1569326014878833 -1 -1
stick ylego 1 0.06 -0.065 -1 -1 0.059827315595933864 -0.153368117892409 -1 -1
stick ylego 1 0.06 -0.065 -1 -1 0.08502997549243756 -0.15729195481717756 -1 -1
stick ylego 1 0.06 -0.065 -1 -1 0.08101230606172034 -0.157110111043188 -1 -1
stick ylego 1 0.06 -0.065 -1 -1 0.06352219808293764 -0.1541625882561349 -1 -1
stick ylego 1 0.06 -0.065 -1 -1 0.06301575344619365 -0.16190459806207336 -1 -1
stick ylego 1 0.06 -0.065 -1 -1 0.03800171248544814 -0.15795560024685756 -1 -1
stick ylego 1 0.06 -0.065 -1 -1 0.0864045862464304 -0.1573007022983355 -1 -1
stick ylego 1 0.06 -0.065 -1 -1 0.07513525099733818 -0.15647904659025255 -1 -1
stick ylego 1 0.06 -0.065 -1 -1 0.08466324710573611 -0.15090589479974212 -1 -1
stick ylego 1 0.06 -0.065 -1 -1 0.0743031196180344 -0.1563583753048942 -1 -1
stick ylego 1 0.06 -0.065 -1 -1 0.06824947722272359 -0.15526627562410356 -1 -1
stick ylego 1 0.06 -0.065 -1 -1 0.07193355881308894 -0.1560096014454349 -1 -1
stick ylego 1 0.06 -0.065 -1 -1 0.07906411178141277 -0.15694776552563594 -1 -1
stick ylego 1 0.06 -0.065 -1 -1 0.07639775838143015 -0.15664981604311837 -1 -1
stick ylego 1 0.06 -0.065 -1 -1 0.08696813518849499 -0.15729732997068036 -1 -1
stick ylego 1 0.06 -0.065 -1 -1 0.05763482075182309 -0.1539224400585756 -1 -1
stick ylego 1 0.06 -0.065 -1 -1 0.08540391381590076 -0.15401645293003874 -1 -1
stick ylego 1 0.06 -0.065 -1 -1 0.0704980481838668 -0.15571796587259093 -1 -1
stick ylego 1 0.06 -0.065 -1 -1 0.0428054299705894 -0.1573291954736729 -1 -1
stick ylego 1 0.06 -0.065 -1 -1 0.04773516672940382 -0.156425871640225 -1 -1
stick ylego 1 0.06 -0.065 -1 -1 0.06911746431933254 -0.15543845432975584 -1 -1
stick ylego 1 0.06 -0.065 -1 -1 0.04594735412432213 -0.1567795873329084 -1 -1
stick ylego 1 0.06 -0.065 -1 -1 0.053053916248081416 -0.15938722252728696 -1 -1
stick ylego 1 0.06 -0.065 -1 -1 0.05822751513984078 -0.1537441456218564 -1 -1
