stick ylego 1 0.06 -0.065 -1 -1 0.07277482211543475 -0.15739676508521214 -1 -1 0 0 -1.5707963267948966 
stick ylego 1 0.06 -0.065 -1 -1 0.08158604642560718 -0.16158691755580876 -1 -1 0 0 -1.0471975511965976 
stick ylego 1 0.06 -0.065 -1 -1 0.059004776018513394 -0.17197888445829201 -1 -1 0 0 -0.7853981633974483 
stick ylego 1 0.06 -0.065 -1 -1 0.06332092480647135 -0.17202582871834418 -1 -1 0 0 -0.5235987755982988 
stick ylego 1 0.06 -0.065 -1 -1 0.059000416868613535 -0.17581638111508913 -1 -1 0 0 -0.2617993877991494 
stick ylego 1 0.06 -0.065 -1 -1 0.06102655979087889 -0.173267703224427 -1 -1 0 0 -0.08726646259971647 
stick ylego 1 0.06 -0.065 -1 -1 0.05364340826409954 -0.17614340678478896 -1 -1 0 0 0 
stick ylego 1 0.06 -0.065 -1 -1 0.06406764352330173 -0.17194600225071857 -1 -1 0 0 0.08726646259971647 
stick ylego 1 0.06 -0.065 -1 -1 0.05970110505699724 -0.17619632683928077 -1 -1 0 0 0.2617993877991494 
stick ylego 1 0.06 -0.065 -1 -1 0.05887667811837971 -0.17641512968072368 -1 -1 0 0 0.5235987755982988 
stick ylego 1 0.06 -0.065 -1 -1 0.05617200032452744 -0.17293919658516865 -1 -1 0 0 0.7853981633974483 
stick ylego 1 0.06 -0.065 -1 -1 0.05180642899460073 -0.15039436521312202 -1 -1 0 0 1.0471975511965976 
stick ylego 1 0.06 -0.065 -1 -1 0.05801785845497619 -0.1506235659622362 -1 -1 0 0 1.5707963267948966 
