stick bball 3 0.035 0.03 -1 -1 0.03929879061739863 0.037291826810651026 -1 -1
stick bball 3 0.035 0.03 -1 -1 0.0381040701261817 0.03632173253455354 -1 -1
stick bball 3 0.035 0.03 -1 -1 0.0348902050274916 0.036800367046396214 -1 -1
stick bball 3 0.035 0.03 -1 -1 0.03687808662125016 0.03578148722624803 -1 -1
stick bball 3 0.035 0.03 -1 -1 0.03794704104597949 0.03686638949880828 -1 -1
stick bball 3 0.035 0.03 -1 -1 0.03794231914477733 0.03745573774121119 -1 -1
stick bball 3 0.035 0.03 -1 -1 0.03949450283692275 0.037558026423250145 -1 -1
stick bball 3 0.035 0.03 -1 -1 0.03588584105292482 0.03614338898601255 -1 -1
stick bball 3 0.035 0.03 -1 -1 0.03791666910216672 0.03713757214450752 -1 -1
stick bball 3 0.035 0.03 -1 -1 0.03818446302593913 0.0369093824970418 -1 -1
stick bball 3 0.035 0.03 -1 -1 0.03797428951847278 0.03595362875664116 -1 -1
stick bball 3 0.035 0.03 -1 -1 0.03663475382884701 0.03675738354390645 -1 -1
stick bball 3 0.035 0.03 -1 -1 0.03871369365291919 0.037241452962409494 -1 -1
stick bball 3 0.035 0.03 -1 -1 0.03806584089533236 0.03684781778585709 -1 -1
stick bball 3 0.035 0.03 -1 -1 0.035229532012902194 0.03683336672328714 -1 -1
stick bball 3 0.035 0.03 -1 -1 0.03744692775522036 0.036704454781902415 -1 -1
stick bball 3 0.035 0.03 -1 -1 0.03507467626202286 0.035391659931027546 -1 -1
stick bball 3 0.035 0.03 -1 -1 0.03897983959662504 0.036676511328030605 -1 -1
stick bball 3 0.035 0.03 -1 -1 0.04069593981813815 0.03878055295245871 -1 -1
stick bball 3 0.035 0.03 -1 -1 0.0354077821683852 0.03594770721848746 -1 -1
stick bball 3 0.035 0.03 -1 -1 0.04066086944484703 0.037145402689675464 -1 -1
stick bball 3 0.035 0.03 -1 -1 0.03920106445704438 0.03575611473839051 -1 -1
stick bball 3 0.035 0.03 -1 -1 0.038955407516957787 0.03644169911428094 -1 -1
stick bball 3 0.035 0.03 -1 -1 0.038133449767369515 0.036490913010370184 -1 -1
stick bball 3 0.035 0.03 -1 -1 0.03850665802563383 0.03644442168412441 -1 -1
stick bball 3 0.035 0.03 -1 -1 0.035893106140550954 0.03690779878528063 -1 -1
stick bball 3 0.035 0.03 -1 -1 0.03730110513787142 0.03573321101051224 -1 -1
stick bball 3 0.035 0.03 -1 -1 0.03588338560610396 0.03713789460524466 -1 -1
stick bball 3 0.035 0.03 -1 -1 0.03653388163474479 0.03701978789203828 -1 -1
stick bball 3 0.035 0.03 -1 -1 0.03687473375464063 0.03601995051377319 -1 -1
stick bball 3 0.035 0.03 -1 -1 0.03814190438762177 0.037041354176323926 -1 -1
stick bball 3 0.035 0.03 -1 -1 0.036406034069757016 0.03679420940190109 -1 -1
stick bball 3 0.035 0.03 -1 -1 0.03689852447848273 0.03648741243364657 -1 -1
stick bball 3 0.035 0.03 -1 -1 0.04049051043339023 0.036709669880714314 -1 -1
stick bball 3 0.035 0.03 -1 -1 0.0388070872545922 0.03610358622369116 -1 -1
stick bball 3 0.035 0.03 -1 -1 0.03546052557111311 0.03708094975542239 -1 -1
stick bball 3 0.035 0.03 -1 -1 0.036777535144993705 0.03594193390197485 -1 -1
stick bball 3 0.035 0.03 -1 -1 0.03584605120739238 0.037226260912957915 -1 -1
stick bball 3 0.035 0.03 -1 -1 0.03873715492207151 0.036819824090711835 -1 -1
stick bball 3 0.035 0.03 -1 -1 0.0360019635680452 0.03645663787015633 -1 -1
stick bball 3 0.035 0.03 -1 -1 0.035291817200045296 0.03618182420710926 -1 -1
stick bball 3 0.035 0.03 -1 -1 0.03906147753460463 0.03711383925754301 -1 -1
stick bball 3 0.035 0.03 -1 -1 0.036860561997477295 0.037267375538157434 -1 -1
stick bball 3 0.035 0.03 -1 -1 0.03718001270360883 0.03739887839522778 -1 -1
stick bball 3 0.035 0.03 -1 -1 0.03767379823011421 0.03672448847353102 -1 -1
stick bball 3 0.035 0.03 -1 -1 0.03761911037003182 0.03623890486470307 -1 -1
stick bball 3 0.035 0.03 -1 -1 0.03746238604521847 0.03515653119283725 -1 -1
stick bball 3 0.035 0.03 -1 -1 0.03993088351216711 0.03726412938223481 -1 -1
stick bball 3 0.035 0.03 -1 -1 0.0371330238573051 0.036502399361885304 -1 -1
stick bball 3 0.035 0.03 -1 -1 0.038868266476158646 0.036363577359000705 -1 -1
stick bball 3 0.035 0.03 -1 -1 0.036212547727303736 0.036567114099390764 -1 -1
stick bball 3 0.035 0.03 -1 -1 0.03463714293731013 0.035918117152976825 -1 -1
stick bball 3 0.035 0.03 -1 -1 0.03753229892592061 0.03737447209671851 -1 -1
stick bball 3 0.035 0.03 -1 -1 0.038698334955710206 0.03680998728050236 -1 -1
stick bball 3 0.035 0.03 -1 -1 0.03876045095434242 0.0371960796785262 -1 -1
stick bball 3 0.035 0.03 -1 -1 0.040427396916239436 0.037415624872306215 -1 -1
stick bball 3 0.035 0.03 -1 -1 0.03864958510320903 0.03641898660632167 -1 -1
stick bball 3 0.035 0.03 -1 -1 0.03783915216970232 0.0359926088929724 -1 -1
stick bball 3 0.035 0.03 -1 -1 0.03840575089451466 0.036961758698132285 -1 -1
stick bball 3 0.035 0.03 -1 -1 0.03934968686205782 0.036719791986921844 -1 -1
stick bball 3 0.035 0.03 -1 -1 0.038055391163889715 0.03656954273121301 -1 -1
stick bball 3 0.035 0.03 -1 -1 0.0367570204871252 0.03618392496972524 -1 -1
stick bball 3 0.035 0.03 -1 -1 0.03770910388201074 0.0368789127219853 -1 -1
stick bball 3 0.035 0.03 -1 -1 0.03621567724721407 0.03710872290383335 -1 -1
stick bball 3 0.035 0.03 -1 -1 0.03905595916513196 0.03721082530541376 -1 -1
stick bball 3 0.035 0.03 -1 -1 0.03661783226405172 0.03635122134470093 -1 -1
stick bball 3 0.035 0.03 -1 -1 0.03880007042602891 0.03720692802991047 -1 -1
stick bball 3 0.035 0.03 -1 -1 0.03709783600239964 0.0368007199177386 -1 -1
stick bball 3 0.035 0.03 -1 -1 0.03817117593279673 0.03666466099018554 -1 -1
stick bball 3 0.035 0.03 -1 -1 0.03696822864976631 0.036730770839935326 -1 -1
stick bball 3 0.035 0.03 -1 -1 0.038021149643314954 0.03700438957469112 -1 -1
stick bball 3 0.035 0.03 -1 -1 0.03530176554963271 0.036658689882127296 -1 -1
stick bball 3 0.035 0.03 -1 -1 0.03590732201814781 0.0369109556101084 -1 -1
stick bball 3 0.035 0.03 -1 -1 0.03579450114543718 0.03616739529803553 -1 -1
stick bball 3 0.035 0.03 -1 -1 0.038066646390112195 0.03688535444252356 -1 -1
stick bball 3 0.035 0.03 -1 -1 0.03522385935169033 0.036031523036568064 -1 -1
stick bball 3 0.035 0.03 -1 -1 0.037948521445268085 0.037208282140575005 -1 -1
stick bball 3 0.035 0.03 -1 -1 0.03525948239749186 0.03718176335319318 -1 -1
stick bball 3 0.035 0.03 -1 -1 0.037357919866834406 0.03706353208041255 -1 -1
stick bball 3 0.035 0.03 -1 -1 0.03642318554331932 0.037016054220303685 -1 -1
stick bball 3 0.035 0.03 -1 -1 0.04043047518123825 0.03769879657903289 -1 -1
stick bball 3 0.035 0.03 -1 -1 0.03712838457374082 0.036809238242822576 -1 -1
stick bball 3 0.035 0.03 -1 -1 0.037422727336026244 0.036857930898523676 -1 -1
stick bball 3 0.035 0.03 -1 -1 0.036328143778324586 0.036520405766402 -1 -1
stick bball 3 0.035 0.03 -1 -1 0.03872732407672075 0.03642521218781384 -1 -1
stick bball 3 0.035 0.03 -1 -1 0.03898092817559934 0.03931888692425686 -1 -1
stick bball 3 0.035 0.03 -1 -1 0.03592714786119379 0.035633996331123186 -1 -1
stick bball 3 0.035 0.03 -1 -1 0.03862011067919588 0.03601567374913884 -1 -1
stick bball 3 0.035 0.03 -1 -1 0.03767190826470988 0.0362416321826053 -1 -1
stick bball 3 0.035 0.03 -1 -1 0.036794824592941096 0.03655328664052677 -1 -1
stick bball 3 0.035 0.03 -1 -1 0.03705978508322474 0.03684022674363419 -1 -1
stick bball 3 0.035 0.03 -1 -1 0.0364811383794824 0.036762123920399604 -1 -1
stick bball 3 0.035 0.03 -1 -1 0.03847598920048874 0.03686249548444285 -1 -1
stick bball 3 0.035 0.03 -1 -1 0.03859758736496335 0.03683326302914694 -1 -1
stick bball 3 0.035 0.03 -1 -1 0.036623931323338736 0.03678417625697584 -1 -1
stick bball 3 0.035 0.03 -1 -1 0.036527450912937694 0.036177791274099126 -1 -1
stick bball 3 0.035 0.03 -1 -1 0.03805718647813544 0.03728776983655991 -1 -1
stick bball 3 0.035 0.03 -1 -1 0.03951653134017269 0.03653786480273714 -1 -1
stick bball 3 0.035 0.03 -1 -1 0.03585574844352277 0.036589364502023644 -1 -1
stick bball 3 0.035 0.03 -1 -1 0.04179860869797944 0.03642969360239205 -1 -1
