0.6999455264759187
7.838130860875672
41.26004029107557
0.2678574974312229
0.2504742541181841
0.07336374346397162
0.6528124974730913
0.796015093650279
0.1394016618773784
3.647836687910579
0.8400343957593359
0.4653334516478951
0.04447468175438782
0.1003461200038206
0.5721035772463448
0.13833284010499844
0.8469159251050663
3.653309521367138
6.463133052805713
0.38968401342811243
0.2542854036727454
0.2638464295987345
0.5935941407250167
0.808986229545663
1.1451418457812117
3.7294462799730494
1.5730490608615324
0.2644572276704307
0.020907403848333415
0.07266131103052301
0.35094191534691754
0.19107574924619672
0.16654837989739474
3.995729947595467
2.482713611729455
0.3530417500740057
0.017657572824654175
0.1865855782016138
0.04680951731897595
0.17086310774889255
0.8575877033206505
7.792506180311881
2.885841377026779
0.17849708293705516
0.11036689753942333
0.34670198944521397
2.191221483026572
0.16591765961195
0.16242444586256327
4.07300480193297
6.003160877540322
0.5096427408749613
0.13278430223718324
0.40468587915321486
0.7504856742773249
0.3401696748275608
0.056318154639442605
3.4004991688850117
14.954432864057793
2.9008062304130062
0.14385032288208616
0.05820765274850123
0.5040487453706488
0.19881455713497587
0.25088650820287106
3.090662830237007
1.8319793420940003
0.15682808359732758
0.17467753988428059
0.1036050925691347
0.31119374391912524
0.21883641865785444
1.2341529114865746
23.24420163910654
14.888480879295987
0.2431812471787479
0.0786684496972207
0.5824746011168207
0.05900691447035947
0.3268218551975251
0.915736850139506
3.703959937792413
9.1321674952059
0.35624872997012713
0.0783727824412592
0.21239335260256126
1.1955963579404223
0.14465401271835787
0.06183756147837649
1.8902897769250178
3.0973070402799543
0.1747808641896971
0.06921264273661895
0.3458592814273521
0.7660738273175876
0.019124818782130355
0.22671958633564177
11.754867979678533
46.369960857027124
0.20245108035359527
0.04962772567491283
0.11487272255282627
0.9491974702224055
0.4906805536247611
0.8161365194779349
4.239680590468802
0.2591230844133687
0.21146516596777715
0.19058285695661092
0.12962181559654992
0.5339257216149144
0.07340587662056702
0.453376341345999
15.257250948170249
12.876437117600496
0.19452097502324633
0.09535966324468423
0.01814615194042514
0.046960741121677446
0.20866163257751866
0.31689311393833564
7.893549633205763
3.581940002125603
0.2279236963479187
0.21927491481607664
0.035086425669706
1.762467291253429
0.1394223309562616
0.265433115845226
9.93808369016654
17.761235385921722
0.2508905426181939
0.13442171282890852
0.2602658018401178
1.1177345385364925
0.20621260069488528
0.5182773170571149
3.2152109368940933
1.3787637954765786
0.40866895259299124
0.04538412408921347
0.06625140254222939
0.7356062329176634
0.19750763507483626
0.8046501883996334
5.229890586625312
18.04121704140343
0.17904360248055343
0.2268010840396001
0.2078463710462597
0.03674380885247601
0.16870291299603213
0.1297998645982677
7.617429612155221
10.083255098299654
0.4032512919221589
0.06343589667868607
0.1359949517321195
1.1351321653092548
0.1710655294989838
0.07174930232437418
6.187248018959271
24.99519220306721
0.4333863923999234
0.10266689064850798
0.36250582420573246
0.33965142071578247
0.13861258207799895
0.4960608693462365
8.123872520625735
38.31308039704784
0.3573463603994879
0.050775161925346785
0.21973997314305282
0.2308581889366963
0.2904851982736667
1.0199745816356858
3.983879442448547
15.691909363952327
0.38731083525139487
0.12531542066487628
0.07390791906646346
0.6567876713604321
0.1917417101565072
0.25412943495290297
3.927405425269116
0.6089662163511718
0.20328644436696852
0.22980825232935573
0.21291360367354684
0.8612259744219053
0.21125914806584356
0.24927382710043888
3.6185138717857184
32.15968247848545
4.12147483958241
0.08405019569368283
0.1137928957350048
1.3980214506154143
0.06349275604734328
0.7660080723942213
5.8983274761478635
16.874442147414886
0.2394705917057458
0.21618048293381237
0.13619060013220646
0.417486379866463
0.4454249863036998
0.3110819631596665
9.777838938374195
7.027258260341885
0.5184016749544393
0.02120367940833537
0.13081208097527064
0.4510918128601975
0.6664786634004515
0.7265122672110742
6.370187640641061
38.70547819353149
0.24721602109546564
0.1752001614461068
0.026816831316562872
0.8688255887866583
0.30198402081583525
0.3246602830981439
5.44250241978303
7.804302380894242
0.11555840346304508
0.16817462560832663
0.017079665039794766
0.7681096321433707
0.8184138405646022
0.2846217352886832
2.535839721615001
5.4367411745991205
0.21713033075515448
0.15573850214755386
0.109695303816145
0.942149858401446
0.14099155795389084
