hook yball 4 -0.05 0.0 -1 -1 -0.15367107826876883 -0.006843868606517991 -1 -1
hook yball 4 -0.05 0.0 -1 -1 -0.15625871553406837 0.017388902988758802 -1 -1
hook yball 4 -0.05 0.0 -1 -1 -0.15330148483652473 -0.004028356399086743 -1 -1
hook yball 4 -0.05 0.0 -1 -1 -0.15437748947950203 -0.008871153387952642 -1 -1
hook yball 4 -0.05 0.0 -1 -1 -0.1535233885560599 -0.0024979138549542524 -1 -1
hook yball 4 -0.05 0.0 -1 -1 -0.15208294328384164 0.0075725950596016315 -1 -1
hook yball 4 -0.05 0.0 -1 -1 -0.1535132495020337 -0.006889412740735208 -1 -1
hook yball 4 -0.05 0.0 -1 -1 -0.15500806438055478 0.0007286481913882059 -1 -1
hook yball 4 -0.05 0.0 -1 -1 -0.1532131566729181 -0.005436363250190663 -1 -1
hook yball 4 -0.05 0.0 -1 -1 -0.15322182931020328 -0.004496845359416075 -1 -1
hook yball 4 -0.05 0.0 -1 -1 -0.15226521391572861 0.0054364041903352716 -1 -1
hook yball 4 -0.05 0.0 -1 -1 -0.15215528977125195 0.0019803520663617892 -1 -1
hook yball 4 -0.05 0.0 -1 -1 -0.15290172717957912 0.012508145794388685 -1 -1
hook yball 4 -0.05 0.0 -1 -1 -0.15304768163458266 -0.0025429914133074352 -1 -1
hook yball 4 -0.05 0.0 -1 -1 -0.15383855932527957 -0.004917991079502836 -1 -1
hook yball 4 -0.05 0.0 -1 -1 -0.1535144010941283 -0.004670066614823522 -1 -1
hook yball 4 -0.05 0.0 -1 -1 -0.15136650813874986 0.011960503566532363 -1 -1
hook yball 4 -0.05 0.0 -1 -1 -0.15375028250407077 0.015251786387806571 -1 -1
hook yball 4 -0.05 0.0 -1 -1 -0.15362985278569552 -0.006406664161711157 -1 -1
hook yball 4 -0.05 0.0 -1 -1 -0.1536575932652293 -0.004370686268312816 -1 -1
hook yball 4 -0.05 0.0 -1 -1 -0.15457736620436704 -0.00849765183543923 -1 -1
hook yball 4 -0.05 0.0 -1 -1 -0.15191048662478607 0.006190914361646928 -1 -1
hook yball 4 -0.05 0.0 -1 -1 -0.15328759756062046 -0.002805966839586362 -1 -1
hook yball 4 -0.05 0.0 -1 -1 -0.15221804647935894 0.0049473098815285554 -1 -1
hook yball 4 -0.05 0.0 -1 -1 -0.15356949765725517 -0.004742806678518816 -1 -1
hook yball 4 -0.05 0.0 -1 -1 -0.15370679648546848 0.007283683199185137 -1 -1
hook yball 4 -0.05 0.0 -1 -1 -0.1538955077163684 -0.007085714235124871 -1 -1
hook yball 4 -0.05 0.0 -1 -1 -0.1567554664106211 -0.03189018189885284 -1 -1
hook yball 4 -0.05 0.0 -1 -1 -0.15380211254445114 -0.006900070523203434 -1 -1
hook yball 4 -0.05 0.0 -1 -1 -0.15358198467004594 -0.013395775617579259 -1 -1
hook yball 4 -0.05 0.0 -1 -1 -0.15369031302984265 -0.00583732054855613 -1 -1
hook yball 4 -0.05 0.0 -1 -1 -0.14642306763580937 0.028872305938051696 -1 -1
hook yball 4 -0.05 0.0 -1 -1 -0.1523154296112805 0.005758846766138031 -1 -1
hook yball 4 -0.05 0.0 -1 -1 -0.15212555881264508 0.004825548251359999 -1 -1
hook yball 4 -0.05 0.0 -1 -1 -0.15212057791823133 0.005351650943171285 -1 -1
hook yball 4 -0.05 0.0 -1 -1 -0.15223285398390587 0.007167281380652876 -1 -1
hook yball 4 -0.05 0.0 -1 -1 -0.1480580989316812 0.02558551416304959 -1 -1
hook yball 4 -0.05 0.0 -1 -1 -0.15390017905425665 0.009676703712820527 -1 -1
hook yball 4 -0.05 0.0 -1 -1 -0.15355592853864192 -0.00600225624823644 -1 -1
hook yball 4 -0.05 0.0 -1 -1 -0.15228536728353592 0.003560918782495726 -1 -1
hook yball 4 -0.05 0.0 -1 -1 -0.1521169073686397 0.001251942366770788 -1 -1
hook yball 4 -0.05 0.0 -1 -1 -0.15326675778671772 -0.0016627483817272391 -1 -1
hook yball 4 -0.05 0.0 -1 -1 -0.1495109782437701 0.019818099506359058 -1 -1
hook yball 4 -0.05 0.0 -1 -1 -0.16073979695324958 0.011528482745052865 -1 -1
hook yball 4 -0.05 0.0 -1 -1 -0.1521014503195003 0.005399268735603454 -1 -1
hook yball 4 -0.05 0.0 -1 -1 -0.15323621284647754 0.0026149471514108273 -1 -1
hook yball 4 -0.05 0.0 -1 -1 -0.16185963313397442 -0.0037059077352094042 -1 -1
hook yball 4 -0.05 0.0 -1 -1 -0.15212419744868463 0.005832416069687524 -1 -1
hook yball 4 -0.05 0.0 -1 -1 -0.1540929368910779 -0.007719474167232785 -1 -1
hook yball 4 -0.05 0.0 -1 -1 -0.15543965527683878 0.006650546859635138 -1 -1
