0.07007818812998383
0.22582858916313228
0.8714036817088369
0.3985087988658832
0.5592561766203692
0.81141516419693
0.49474841847683093
0.4217648738631008
0.15907869278261122
0.13543441337318332
0.8423041004069968
0.7084764032987061
0.25679354756329736
1.2374607642566668
2.317984463373342
0.31037860269253803
0.05754368285933496
0.1458947374678255
1.0266590325919094
0.03677033262009019
0.356450143005163
0.8155746403875541
0.23154532963598962
0.3800692653262632
0.17682128961749455
0.10692357279188236
0.9331363489528659
0.38016639980546524
0.4743512667955113
0.8077496992826063
0.5382113394953736
0.5519348532567598
0.04303161813768172
0.1833232307850473
1.7512205919162924
0.07223057798169483
1.3739494955345988
0.8727469494026288
1.1163919783724185
0.9778365771571398
0.08987779567340032
0.1244469255341075
0.7480599750347661
0.3248877804052924
0.3820237163948146
0.9513783721474216
1.0950955200133479
0.28226325689157844
0.3433057979042713
0.092739153425907
1.4258663806318106
0.3168175196249937
0.430355399454864
0.8480196432080066
0.8396822955880632
0.5640436244978375
0.11102965595252538
0.16264258233266526
1.1270657745762869
0.02916744659319062
0.24584751995996465
0.9059641847571607
0.11647576501367778
0.6096780748054271
0.11353613091359316
0.0300310637775366
0.6415339587595013
0.22355132519783577
0.3640001324557362
0.8587372269699777
0.7369111380632585
0.930134388004304
0.2666606082499052
0.07602404383229394
0.7963451954210257
0.23954417709526077
0.3068883027509863
1.1034381713972032
1.3655630664537979
0.458995698265119
0.41663070142268954
0.07136814992024787
0.8416242020864191
0.31301093276106084
0.21965146812823522
0.8423270592677791
1.18740993530993
0.07505445614538009
0.09966682721391779
0.035118202298110426
1.0673974884149426
0.4136886575525196
0.6775949429531745
0.9088020105753162
1.3341810446095197
0.6140622088462837
0.181288005073452
0.07062393282040705
0.973463519745321
0.17412578391077393
0.20936632401531927
1.129229221871347
0.364796348801
0.26752505076773536
0.1383522804803855
0.0781690244196806
1.0113213390407483
0.03881061583182846
0.21321496434965845
1.015336214439169
0.6508725622749145
0.06310301598302301
0.042954381792048975
0.547260228803069
0.9167186157224166
0.04143347569756303
0.17159040743908174
0.9656718020938564
2.080329914559832
0.41721659854113713
0.13070522092637638
0.1147421988455604
1.0312014265556977
0.11467224676492119
0.30768368667339524
1.3356032295573677
1.8353201356357083
0.12009190387824642
0.04449792270736572
0.10634808733699802
1.343043365393912
0.04588467211858094
0.1221702953610905
1.2323862926344273
0.8653441446699257
0.0805428518067278
0.19990970080938797
0.055934333662911145
0.9810162478408933
0.042177791251550634
0.22083187876995292
0.9191739131878227
1.3691856679373022
0.3792616826055482
0.04265982210447364
0.10098812509772956
1.1267623567778586
0.04659232350539691
0.23833952531633168
0.874112870058146
1.4058442079271591
0.13624599217338246
0.16135908808634858
0.05362570046783949
1.2633312378162866
0.26100541667439603
0.34751843696941676
0.8686896496887524
0.6673740095774505
0.08067027064980936
0.08563270830845424
0.08956885960828939
1.0361877715222336
0.25954895088485974
0.16691924126042487
0.8225256825735379
2.561990728963369
0.23803569887613463
0.3114637523351893
0.4681923616466037
0.8270387317218963
0.0245751815839714
0.17387302569213844
0.7352306022533103
0.5825780630499628
0.4563440274491206
0.05171508097705135
0.21869126318764648
1.2801320106237677
0.019949712142339045
0.532930976759044
1.1158293789648686
0.10895240784866075
0.14171555885558462
0.17090410337972495
0.1081155797929888
1.0553212903223388
0.23576071736215062
0.2681247011200503
1.0573449444368062
1.5686978148306112
0.06933381238901737
0.39765198005217206
0.1004982485558365
0.7497575328880705
0.3771556740934891
0.3313570961152941
0.8371542839433053
0.5340478551487733
0.16767329851714646
0.18325352289362148
0.07217964164598545
0.7451920635578877
0.3933657279297571
0.3444810060367889
1.4190821689113422
1.015181066749357
0.2868498274674958
0.007359302290629685
0.2694461857502673
1.2635870940461513
0.055220834663557206
0.2998815043127377
0.9611030206277829
1.780443302985364
0.39524733013740365
0.1509911583421487
0.2661807355885061
1.0506248319707425
0.04363472548876274
0.19724920917604918
0.8288013768742593
0.609568674878233
0.3908355697665892
0.11972649813574571
0.2708946604439926
0.9934260935548225
0.25423068515210023
0.44790123055193176
0.9334282461358391
0.10861655540803267
0.7566120565696042
0.07450011950725705
0.11955814064609435
0.7240369504019103
0.5554401482683591
0.10972018854401848
0.792838494072675
0.17754202161458243
0.22696366265579704
