0.14335406879193693
0.3776288050816834
0.28367026967127207
0.10973982087213943
0.07899699499752946
0.13722382003484043
0.2008367035779477
0.1306666762145247
0.09222842747777701
0.12044391724513298
0.44533982321868393
0.24555704333338524
0.03858872022076787
0.5007355771893593
0.1864486772494739
0.07867717654159068
0.18624968492995708
0.1989615417179259
0.2123538647542384
0.13590333966183454
0.11399893142055334
0.05986102250943402
0.6170668936333326
0.08168535721244274
0.05156830664804529
0.15311306129288627
0.6408630794828774
0.22568678926710528
0.13163583819382657
1.2230365618995314
0.1439196946024634
0.2241535775577289
0.010586128910074252
0.12284197310972342
0.3302438434286425
0.10261292765105656
0.28633298456762624
0.17371136722103842
0.2923921453535667
0.14691288868957064
