0.046245886106784345
0.2107647585010901
0.10267078599368745
0.16898687128583895
0.18293829566773365
0.17141534472109776
0.11716618247804056
0.0653622232665457
0.7119708875613537
0.21930862304174303
0.10956164690759485
0.09794316426025186
0.38281016211572494
0.0713550233504199
0.35763353986632707
0.1718826046014852
0.07859696164763869
0.13383880629892583
0.16303576297971245
0.09525033658922416
0.1759959955328717
0.2389836961924573
0.23355063253541908
0.10397237734168524
0.11267789915059945
0.24178290864511948
0.05778385220276044
0.29676117405000896
0.013567071605816647
0.015210458307207755
0.2568568610594548
0.15704937649924822
0.13587607029284715
0.3135233984035172
0.24063243173208132
0.16383885797548808
0.08724585988826616
0.15239985405413914
0.20806836340805424
0.9316645222010393
0.11871071019708368
0.2544989489040749
0.3962828221322139
0.016219041751501625
0.07164715732864502
0.6303063178456947
0.43317412121644316
0.03364003659663586
1.2836454489262925
0.42066804100777055
0.47473947994966065
0.16332414746570628
0.13491379107415324
0.09562205214386088
0.1584023775794942
0.09358747389028965
1.5858477223969367
0.33913627106167976
0.042915334722637755
0.07152496473787118
0.3811382163011614
0.08341413864551331
0.3199662997904175
0.14849627198765508
0.010952102841978402
0.10109339989347221
0.3129296989045477
0.372720322312161
0.15213075376110502
0.3516415374757433
0.16403120056950354
0.19951140197290979
0.05076488976100049
0.13085965316663323
0.23735297020047702
0.07455909515099007
0.06323721255028464
0.07562590000616864
0.1912714716970546
0.19643120223683952
0.08325581084844451
0.21342247209718512
0.2674014555363111
0.1312663123784989
0.0786530007061027
0.034934496816916905
0.352560190058107
0.18172134135682164
0.028890033028366374
0.2610449341077856
0.2736179676411192
0.2179023713960368
0.08509459070895711
0.24056338071999184
0.39309625769097445
0.1790737623229996
0.043934333126151914
0.245528708072018
0.5393243507581991
0.09103163386961044
0.13005529561624207
0.1136608339943328
0.15424403215268867
0.22526937650400874
0.6803959909490411
0.18574621486857007
0.19444043345080275
0.31172129412803357
0.04809873164118669
0.029633818675996487
0.08762789923891773
0.0642395421163699
0.08304250807866895
0.057377612094916985
0.16994587096046765
0.26960750452585036
0.06017414673164179
0.05301018617066991
0.040358345632603515
0.1072198269672413
0.05442772635672932
0.2566706157605959
0.0443802395416075
0.0542568361842804
0.21947431427604747
0.11249447220615841
0.0712615976241655
0.09817704971127528
0.036933546377863335
0.16896582969503782
0.2541654761000628
0.2913177728078232
0.024234488999660173
0.07661529038096247
0.09844731758482567
0.030218944935848785
0.03893154699779787
0.4075388568888375
0.44784539832829107
0.3856806957764761
0.17571739139760195
0.04142342635802321
0.16418676021616674
0.2796834729582137
0.02633773312223618
0.22568129685158256
0.15159170383205428
0.13798278466455743
0.17358031389855744
0.393728697827888
0.1405036801829801
0.15766353452440535
0.028027663281777304
0.19850972639849362
0.23944821463107333
0.021361352725231642
0.17331108403533474
0.0322573094588959
0.1993638963004838
0.3383070430271582
0.014593120611021582
0.7669594436736773
0.531829940502786
0.27035771840519185
0.12496541564607672
0.6118154804609661
0.2594932007771106
0.06475897614052321
1.341399214296426
0.4366932432897289
0.1155436202956853
0.07576258115338863
0.035041353264088915
0.24332684026587154
0.04216387635586802
0.1745790116164704
0.9585404656639158
0.18582990579409325
0.3347106686520803
0.3158479106328213
0.04787788836474163
0.14751567070747573
0.3046164592337036
0.15422387445439825
0.16486196555547405
0.564576956995714
0.21255381820954766
0.11166017574936002
0.1701913401471859
0.09840833370498506
0.2093322796499283
0.05086732625229812
0.1422857185726077
0.16557397319964506
0.5054646598148842
0.0842179457910921
0.4916541493226648
0.046260118655017085
0.30017507307233693
0.05061342862159671
0.7977965488638861
0.12470391272905285
0.45349442768471915
0.10020963179726111
0.2741550623213176
0.029722238856153944
0.15131870775798328
0.15398755061632502
0.16126563434344177
0.13483185967145978
0.4821757408240778
0.12451314547858816
0.2932274042353009
0.012049274883801295
0.2307992732168358
0.18312672878199057
0.8531562508135224
1.3058461929883838
0.3604532239798187
0.11489338968905521
0.06300827111904717
0.04617420783169815
0.21940034843118816
0.2332537357451609
2.153025251656007
0.16544687197284713
0.5183259391751786
0.194139180580669
0.04630834982729365
0.06748216126629523
0.06426201374185155
0.0873973098073712
0.6310138520179571
0.20050765922518254
0.5149229130564328
0.14942036465447195
0.031185583957890145
0.1652756518828491
0.1962817484238007
0.129871872566988
0.030863832862020074
0.4227791763911577
0.13812343972135432
0.23692901040420083
0.2020546816289441
0.1098077280494682
0.47352559444962194
0.13599275392746485
0.29448963974163533
0.18709140127883217
0.6836986285806986
0.30097900761463126
0.1965080216483414
0.0701108367971689
0.10877065769432087
0.16104857386804586
0.09071760633269511
0.6062524623450358
0.7715499859951136
0.37266381197351733
0.10300776301841569
0.3021540747647124
0.9426624207318006
0.02178760587611797
0.11120112129003801
0.15471229555138233
0.26617090525793663
0.14552408846719084
0.48071106550445997
0.10684740159326733
0.16647569289776482
0.33880980220482
0.7550180225422596
0.14707838575087206
0.1385606996413588
0.04078560189515512
0.08246651571648578
0.08065127752224055
0.19389629737092173
0.23423154290687268
0.004088893811892806
0.15946084701768948
0.1079396003244501
0.19986860928206662
0.15755961271231056
0.11851059674690256
0.08974851850182758
0.08519062679181641
0.11209216537196742
0.1417235948703151
0.18227741646290763
0.2170083738531381
0.12708346422411326
0.038790781926689125
0.27219666803471143
0.1371892495459025
0.14393551872219773
0.12445201036363057
0.5616323112187094
0.11580116223372006
0.0956770336684363
0.0981016471151484
0.1880102027523386
0.10443944632404917
0.05528475031550199
0.3073120233287072
0.24290264662892758
0.15453524508375854
0.1156485603053101
0.07806950965633958
0.13180597376823222
0.2016887419097814
0.4655379336015969
0.603778070862891
0.20323085139010683
0.12391526121766389
0.15173828843061757
0.21323967259423418
0.1708407790134283
0.06348276021142496
0.01833298223927623
0.2657593961633353
0.26189893267362635
0.17740239906326366
0.18327523350589894
0.03168617109527584
0.13220014231732224
4.9522132848899405
0.02306245137141938
0.2970965160228959
0.22568239636497045
0.23694183198856017
0.19185861477128296
0.03525422841808804
0.32805733449126717
0.2958238970788416
0.11271757348933081
0.21132911827039302
0.1556536870203179
0.16603944676565868
0.09182351205994284
0.0868633829430987
0.3294701350663174
0.18855689736178116
0.0805346369060976
0.6620726358461089
0.7045133320326519
0.0929243184366918
0.0983914164375489
0.04725039647849069
0.14994658664576893
0.18501542285314593
0.03033270391998168
0.21478439744374977
0.16262848896298904
0.14811405751369539
0.2382275191646036
0.022678375720200622
0.020120550277727522
0.16251338203486976
0.061429212268568345
0.22573580614959338
0.5929185947374935
0.13240162993486942
0.14808429789501665
0.11026864859235752
0.13797700076317188
0.023767833914510525
0.035162712794908624
0.43712811259023954
0.4335939972075131
0.18093431500427254
0.42106018370811293
0.180915159921138
0.15622803426764204
0.07958455390695351
0.0558693679770426
0.062368938861366914
0.474935717708054
0.18264707646759143
0.2640475417431932
0.06551906762816143
0.015802353120105597
0.05558902654241435
0.15142781182367207
0.2606043079594468
0.538879698833916
0.1725495227140595
0.3542260989689444
0.35922702471584955
0.13210420189123936
0.22424151641851658
0.19807017806595806
0.1574157382836479
0.6839147505950408
0.10573190485591744
0.19386842497947393
0.01764377904609596
0.2079341613900194
0.29625097377241105
0.030822933613679174
0.4864349604427757
0.22541287917974506
0.10845690898649829
0.08596863572967142
0.03350098624920696
0.08346454382021962
0.16341580799426675
0.0850978725120683
0.24435423071635676
0.11581337870306516
0.010741811024236096
0.18031465779168204
0.2575845393377182
0.2226752711802661
0.30877139238255635
0.07137517941724289
0.24327311406220992
0.4890490200291573
0.15926011610865876
0.01814765421112873
0.05342423239438071
0.13064726309448804
0.09958156681240062
0.4698781859845904
0.9570691688025992
0.3453441304668097
0.15374070548161944
0.26330795051343253
0.03704528850917985
0.11062731664437636
0.24649255082246352
0.023991424270869574
0.33811030813191395
0.09714617625518931
0.254038694753844
0.12081967393940277
0.13424493314210872
0.2826409048197406
0.14049843260100434
0.25387877673456416
0.24008886981792465
0.5354840662122413
0.21705731096502673
0.15349477562294633
0.015586704070529242
0.37445486339040257
0.2275142638875506
0.012718631466898998
1.0336089684234153
0.11140078266612202
0.12701908928240752
0.1591408918521686
0.04641064805897388
0.23401739873218363
0.06650315925590608
0.01730515162722416
0.3110771464853529
0.14746890350149205
0.17482157702598447
0.2573701825712444
0.15078427908135916
0.2278605428653332
0.08544982798953593
0.029678581573468796
0.2764051477095121
0.5409511622790395
0.12339789349751729
0.07026544580374883
0.06859605212441734
0.13615739871031718
0.09368255290584293
0.018176890349305752
0.09754527038762684
0.37023108339189237
0.24425806348934365
0.04687466495688722
0.13399489152982175
0.17200152043838723
0.1341567078459177
