4.81257857523932 0.19360046822385504 0.10998717221394719
4.804302827467556 0.011309196551827022 0.12969573809698814
3.791211501022757 0.10084608454036903 0.10616715474327816
1.2911397873128714 0.17386997722239894 0.060546813093393444
4.22594742217984 0.04964214378507327 0.10736269060641594
2.183020343148776 0.1882321186270543 0.09366293079768866
3.0154348048467945 0.15489939069209077 0.11037135702092893
1.6873616750764742 0.14161888365180342 0.06840803648330658
2.996597461616442 0.03771837022187154 0.1034240135300086
0.6423674316842525 0.1647693771297061 0.027290984458488127
0.01 0.08639133937495849 0.0956747651891206
0.7629563971727582 0.034240789854157835 0.0279131473674091
0.811284728414688 0.2 0.029310504125864372
0.5478677899338817 0.0001 0.024662255433227066
0.6387026963695692 0.0001 0.027385638406675007
0.47793275617485187 0.2 0.008936255073417748
0.36088175634844166 0.2 0.032755020209376914
0.5580581212214222 0.2 0.025513174786441457
1.0036092929392506 0.0007195632542567901 0.03067138248240395
0.5420227804635722 0.2 0.008336589423103828
0.5621083764819396 0.2 0.02487366283517494
0.40933828365721975 0.0031817382890071758 0.003599714039718222
2.583808886142949 0.020955613827769583 0.11030531738001276
0.3599508435236618 0.009535970151747113 0.03399793700319353
0.520057659708774 0.0001 0.024770758226959188
0.5259866282951409 0.0001 0.02404161258449065
0.9692239716579255 0.19962500655164725 0.030445726692439758
0.5131505953015845 0.2 0.02478261948990785
3.4156268059655903 0.1887491706126976 0.11288536482932487
0.8194722475598026 0.004823797305628457 0.030001775312773045
