0.3434021574160434 0.17985333959071603 0.0186407474393456
3.598599608569372 0.14454102224653648 0.14597676712849061
4.23952937468981 0.05505178056414553 0.11932098335437823
4.74239947365578 0.15227121365538962 0.1347427501176087
0.2603246967231913 0.04154643010445293 0.017612741292728037
4.21520627102778 0.04796756345743395 0.12064174482027612
3.7500891798033216 0.11484403623275526 0.11296726669875733
2.0987447694781296 0.06399702558733412 0.08666681317798237
4.744002627775624 0.0658126309718218 0.12085341387624406
0.6918621491830567 0.055211524779975374 0.0214863057695289
0.01 0.0001 0.09068610985980591
0.4666071246016506 0.0001 0.0144709827955738
0.35552033379773834 0.0001 0.018222532661238952
1.0882341219061058 0.02024654155038786 0.04592037920132179
0.5355099552600342 0.13311755972563233 0.016958393078556917
1.4939023403711895 0.2 0.06755824229924097
2.6896531346213517 0.017539533486014582 0.10586050831400533
0.8382776748445585 0.2 0.03207309565054849
0.44797114906884306 0.19711911920548328 0.010290263688607141
0.44647195853016397 0.2 0.011418259050296468
0.848121109336339 0.0001 0.03065140260525996
4.999540832733394 0.18152636249600546 0.12349838196002866
1.7883644152553237 0.024596085009977633 0.06612620241433032
0.5770554835413185 0.1874905034586527 0.018189855444611772
0.42782961306726336 0.0001 0.012256627527686501
0.4256195782247716 0.2 0.013748589894483416
3.061071191497456 0.18042268974997086 0.11518968291319297
0.42767798181501576 0.0001 0.012207683079169716
2.3878393419748023 0.17673302434385896 0.09155283863062653
0.42848719475413577 0.0001 0.013301829735359018
