0.9084401859757929 0.18280655046827568 0.030449381298721323
1.8124001571817954 0.02323913356146175 0.0781618227592779
0.7863528588524819 0.052873188957097875 0.025834459613814854
0.29394663710210484 0.17551701665807554 0.013875705111146715
2.478268887652553 0.17839499094028674 0.12124207536071623
4.764970605764332 0.13480309866660317 0.15851320332671548
0.5073959445458278 0.14830619204005216 0.010634301984937426
4.0682733716429205 0.08844971054459785 0.13905575969752257
2.07072919114576 0.05317126673859111 0.0999205104293611
2.7719016416690954 0.1800909408636731 0.13041378469243672
0.01 0.0001 0.2911102922967626
0.01 0.08227370897922458 0.2893271543256408
0.38985229548309946 0.2 0.012162693870606941
1.171241170892248 0.008661630537381549 0.051646341587959235
0.6294822014373508 0.19737143059737064 0.02141014692095452
1.4583042137542237 0.19503007478234125 0.07213800376324571
3.40277506129036 0.02281247851050744 0.14486237418202266
0.33834020934631037 0.0001 0.009756110386808643
4.400962884788001 0.18560721695606164 0.15909409861346616
3.7415351392526133 0.19897315287015263 0.14256159578308858
1.0321873691390757 0.0001 0.030730574337350804
0.46025237622509824 0.0001 0.020141864846441516
3.079294136362004 0.0001 0.13168874638167216
0.5566995826156108 0.0001 0.014424077916933427
5.0 0.017217104221915875 0.15042480849625853
0.3358996163172009 0.2 0.01271276599034057
1.633902270869382 0.18313484871446228 0.08232704535647112
0.3435994643154064 0.2 0.01925911632494213
0.35990743560436755 0.0001 0.01458004142450123
2.27026920854702 0.00805653436109067 0.1215751290303052
