3.823216935652935 0.18951290354181752 0.12202072990580605
0.05110423844586218 0.11849890065563073 0.04073120117243874
4.87360162545177 0.02773441423538038 0.11295006550479754
0.010395034900510792 0.015339561659052838 0.06621704171121479
4.589226981458129 0.16094107080463618 0.11613665070542942
1.4105859439447757 0.11606911270126656 0.07415716084878071
3.7403217883665847 0.09784110005691267 0.12156756254018397
0.6600989153945609 0.025871295734520114 0.05259988057320876
0.8686656026533587 0.12000003145222722 0.046853909679714034
4.841306094007041 0.09358738566849248 0.11678206964331214
0.2523671638616002 0.2 0.040194557768926234
0.39809975373417367 0.1359366579106568 0.01269200845596572
0.6589951254880925 0.2 0.051048348290748724
0.01 0.2 0.06872026633563309
0.46163609498127894 0.1861341774946858 0.02712422056743245
0.13901724287138192 0.028480802153676966 0.03466313237692841
1.0786688639609014 0.19328800983108338 0.055145169644169954
2.467078538312864 0.015124586408983301 0.10516024412957548
1.793470177193929 0.19394539728983243 0.08848424613813348
0.548351920832777 0.007046104923144666 0.03886705948700874
0.4625464457170972 0.2 0.03290321196418855
0.36609953970688036 0.007143855191009368 0.03594728050289244
0.4166642935276321 0.2 0.019091372307794143
3.082958370783316 0.18787620654052492 0.114612528875234
0.39159063249998927 0.2 0.020657870355690937
0.36068783111922453 0.2 0.03356351143554088
0.29802207363145367 0.0020073558868124227 0.03852326179620494
0.3977039156089209 0.2 0.021605132442138575
0.3879982248737483 0.2 0.02403404443083942
0.38232836836680134 0.2 0.02063674721980352
