4.663588538057863 0.12787048097517711 2.671287885851955
2.7223093769522717 0.10288653785902963 2.3502770711370538
1.295476993577805 0.006944203116287286 1.4466836837308106
1.8546983759228857 0.017440765681040384 1.7927371322814365
0.08724593995212257 0.15552243197583338 5.172765208736427
0.5871711970924215 0.09726021460087324 0.27180852572132735
4.896353812535016 0.10730670495997752 2.6222296501868776
4.497643124542901 0.028890161559618592 2.6489575172208784
3.8682474606517876 0.05456029206896899 2.780883919553501
4.332412366103099 0.14521456272947694 2.4131478965563598
0.5234290156734648 0.09546473514204677 0.4861302229378397
0.01 0.06842586469527416 5.38488842514306
0.60626747270215 0.09558755246314936 0.35326366570047374
0.666507809390879 0.0001 2.8224771857780433
0.5774856796051859 0.09951347962398774 0.2427469813455217
0.5754064605697531 0.10600511578894697 0.22761612769331144
0.5837843990914099 0.11252829935830141 0.23408054227801572
0.6757646902722368 0.2 0.5135539323062718
0.8196827193296253 0.2 0.7935177072990174
1.2127978743854688 0.2 1.2449312476798717
1.5435946130157758 0.2 1.748036249003021
0.5695945499452207 0.11344876632343363 1.3875199918110075
0.6592249492719194 0.13771537576174478 0.3771882631317456
0.6585648481978393 0.13789442692067128 0.3550079744378667
0.6709700830856731 0.13366980830742936 1.1489456689315438
0.580079103597416 0.1688235221085628 0.24685587422908145
0.58098540035966 0.17390882955960135 0.25937975013312486
0.5808860482422905 0.17495080881608693 0.2545468320544176
0.5805134740258375 0.17491417655319166 0.26856949240821937
0.5799158264123523 0.17418094506966827 0.266636351564094
