0.8691907932658759 0.12193767031145694 10.918176004265188
2.921059678958062 0.12521733184007686 5.314880565347765
3.747567431520411 0.16943294923132957 5.024562289352265
3.599216820303969 0.07359318348782942 4.501939985030326
2.71639783130452 0.015092325577226205 3.801404799553907
0.8071605041671074 0.1674780008718915 1.644226703643172
2.7939396633327664 0.0247353016596643 3.91576512969498
4.918663321603675 0.18340760787880667 4.322743804641303
2.8487089439656414 0.1305412897321157 4.941285123513189
4.436432297386164 0.12873226718387742 4.885452347372475
0.7608181080170657 0.17932931471832494 2.38146291091433
0.8218605763259151 0.16850114711199124 1.5345773118425339
0.8389349662683043 0.1697224495446339 1.6855143765889222
0.5640213790582848 0.16834882988847302 4.6055127557042495
0.843432389572212 0.16608768969019067 1.6015568947729713
0.8839462837098778 0.16681974420139178 8.564606450574571
0.014409951953862282 0.19128837369722201 23.739483699477276
0.8373154281640377 0.1650054167565648 1.648243925747972
0.8307482630763171 0.1677515730041872 1.8420709514318718
0.8175401238993435 0.16825425323628346 1.8926465842775966
0.7909296005737776 0.16274192556160516 2.4452610970822533
0.8036323573781122 0.18217657665381448 2.58178422532042
0.7201474755190185 0.19205097653541894 2.1949748689413067
0.7080362709475148 0.16150032030700193 2.1471874695308464
0.6690231835645016 0.1835807511910044 2.82854302578299
0.8301423879747563 0.16664899501869937 1.8610552444215964
0.6747127308165023 0.10452521620853268 2.0516611848782818
0.7065447889712307 0.09564466545767819 2.4652412961076133
0.8369822623043751 0.1768192334833419 1.5243801554132597
0.8414223469761675 0.17957454805997153 1.5510873808805787
