0.6400295783021591 0.08003219565526677 0.8064043780439825
0.9182617442346309 0.1939422657006655 1.7901679463152131
4.316398605894456 0.1198163578246444 3.383890163516735
4.798788620037622 0.02965440553000379 3.656596741128836
0.09090055710816468 0.08777756895383149 1.060291054651996
3.7549066709604495 0.15802840551912758 3.3204561008450444
2.0665599616026693 0.19415693612182067 2.534723219207411
2.9260051967206753 0.003839052040829074 3.382641317773551
0.4013075048850225 0.014017265193155734 0.21922611279326623
2.1418832947731303 0.07466410174753685 2.7860511736603537
0.3976292457967013 0.0024257675940309547 0.43417184406177184
0.17594976646388946 0.0001 0.35899928554177024
0.6068948774076283 0.0001 1.0363787491084016
0.01 0.0001 8.017403732867685
0.4081797412951634 0.035215456663114056 0.7470170603404318
0.1469691347901166 0.06763792389772684 0.4599249052913305
0.38366580679793927 0.0008114028439647428 0.3554922341728083
0.24394918764405982 0.16668997690566076 0.3289156987767276
0.21507665565890283 0.1133424206808332 0.5389807336125904
0.27631654870557615 0.05892405498102194 0.2392221659129437
0.7523858419449728 0.1395285546567789 1.2398944036863182
0.29771334813684164 0.13094442312105525 0.44708704057237414
0.2652957383522816 0.0001 0.8929595001665417
0.3586640694596062 0.2 0.3229973487497081
0.34087876450152677 0.13987179605848246 0.3738825558283651
0.12883986730748387 0.2 0.6335074657826696
1.47534355457171 0.08115868713019471 1.8928742964398708
0.37052415765142066 0.2 0.3194843255878719
3.3413571125026422 0.1619108012182482 3.234467421313792
2.520716620469118 0.17102799271755462 3.0491431442325454
