3.4981642400012998 0.14221600541604493 4.452476508815661
1.1484929949365177 0.164623814360017 8.882786407161623
0.3749373907705233 0.16644437504072712 24.57475715893223
3.815744647587834 0.13204839868669332 4.155779897453741
4.183522309997595 0.10549168949986 4.512238468453015
4.831126978077362 0.08655441503411679 6.878530123037422
1.751885331132639 0.07226964696240624 8.721599227428394
1.2656036156209618 0.1237540950250113 9.468535396865764
2.851548751991719 0.15183238345465513 4.748985283713952
0.58991958287995 0.11450596965287256 3247.9503965102303
1.1627074592960382 0.19487728717360125 8.327021343742834
0.2552713181758099 0.19749634623731893 1.0540589675074579
4.001668047598898 0.021327288504915866 4.393427979764282
1.5277341232442219 0.08550415819729237 6.445692224260488
0.35352899385893555 0.16519075285763957 14.7046300271089
0.25265857512561446 0.2 1.494192122196198
4.148412460927167 0.08423732330780632 4.700496000178778
1.6895657563021722 0.07339046306861124 4.160013194123811
3.885312115329532 0.08099615653644877 4.297049223176675
3.53989738924305 0.13265963660885463 4.3446447523336325
4.302998480538363 0.10521436961618333 4.691393912808683
1.3676659925166064 0.023592922111811954 6.971887106301546
0.24893934309889343 0.2 1.3000428309582177
0.251255299931649 0.0001 1.8961884582108695
4.2558071167236315 0.02334340683249232 5.393388342252735
4.767832815653846 0.10806155586267181 5.27972689052219
2.897763604422738 0.09539646357034644 4.195537864305707
1.6164388857166205 0.0001 7.818765277884643
3.699881095175081 0.19372065365105579 4.05231319720326
4.416248799773842 0.19447349491247923 5.045502005871686
