0.21452423981477498
0.027874351834462546
0.5738377733900749
0.3282931023097213
0.05685577413253054
0.35940574084104926
0.07781512986306291
0.03124649945007235
0.06268936051141133
0.03611424498088195
0.5537282204856303
0.8511115117159385
0.1036918097106487
0.78088806687168
0.8579685352818657
0.9024472587687657
0.0961439982122515
0.12855431133575074
0.6290397327713776
0.059136878112083374
0.17491867982432996
0.280810093095118
0.31532127886699124
1.5816979685726409
0.01144590810631918
0.0998967248434113
0.6357465370165073
0.3253333409430402
0.12035852623463161
0.4865566668675895
0.09231096727484478
0.4504723252513809
0.017904025451223354
0.21449617817786237
0.46345800342516724
0.0643211422590137
0.47321558900708416
0.4018296404664658
0.2001574508663412
0.9135065263020252
0.05877748984137651
0.10129678542536989
0.7366864338576395
0.3221621207806407
0.2809150264334935
0.5989427986840932
0.01578581655750786
0.34560169838386323
0.07920328172322999
0.16128636704039745
0.48692231717731144
0.5001225144050796
1.0050849561902597
0.3547952550411331
0.10652048591663604
0.12065204267839175
0.14692269411339992
0.03836384654451892
0.7987859044314194
0.6534555585267353
0.19724124980194482
0.5595535405524095
0.2250655776197903
0.10487709391203656
0.11984700952771415
0.1045054115349554
0.4927486449438434
0.6501357656667728
0.10210377631890538
0.4421691629907414
0.1178518073329019
0.1930518500323115
0.03968225620025987
0.10538478385612468
0.7293196401127378
0.5083147964777479
0.3751895125828502
0.5854082688908173
0.8921854196429739
0.014000288214150391
0.12745986536409706
0.11011164327962966
0.7205226062803265
0.11423681305793731
0.18662037143074717
0.46085147634235313
0.29624173179018853
0.9558589009804308
0.14526488304452356
0.09621832262723397
0.42572809602070594
0.13052084354272225
0.3402809468595853
0.4817721655021308
0.30532388970836816
0.8715255573175688
0.021925182750708087
0.03178941310475558
0.879528158244154
0.3224484381803345
0.11939120576805551
0.6070627704493848
0.154642697878548
1.3081823302729751
0.07331606149596714
0.04155326178024299
0.6571057085688241
0.24028311028771882
0.20269508678882575
0.4793241005929803
0.05938234699531886
1.5211829513796904
0.06919852140039752
0.0892595784040092
0.5916569867417003
0.23392799870598102
0.46658092156608144
0.3796584740053855
0.8160980515201384
0.03049703845380701
0.06756707228862707
0.0991369051810973
0.8940439839421859
0.08913482887068494
0.0678744156068547
0.4617767529286799
0.1671362173135506
1.2307755682222536
0.045119994873527566
0.060648847138665515
0.5146827891558449
0.5901572027518363
0.10443532330346954
0.46426977077875203
0.1205853133487228
0.2469546671378115
0.08544529802461462
0.16947732970313756
0.7752136347028675
0.7307532644628836
0.2420036100642938
0.4060500916230344
0.02826330646277188
0.6858341928304823
0.04130407643354911
0.14234811387812463
0.8006532416734629
0.11495632040898979
0.5366712567686913
0.6379356802815297
0.7486971755750669
0.2695186288209074
0.015790477879576506
0.04923161796700984
0.5734680317616201
0.31160545951868424
0.08224570749941207
0.8131635468352477
0.09972726881700658
0.18423259089211735
0.05521664726838452
0.2696896561360469
0.33425855235771273
0.10665074402075198
0.31916571339045696
0.5105319161463948
0.14031147059981863
0.9025338036672459
0.03261479130862413
0.15644341762334701
0.6843494206145112
0.12821617386762657
0.2145832692804713
0.5896139875774202
0.07164067783115863
0.2371245811836123
0.030528325784512145
0.1382220121964287
0.6406694730625309
0.40041569368195595
0.1764112773075355
0.534432120969504
0.34111389991196683
0.8897910558028366
0.039540045738858914
0.11962623839404851
0.5763494255433119
0.25464053581627966
0.15917832376794044
0.3808250707247631
0.05104106703735549
0.1522114432604018
0.10282016972119107
0.0351229826515248
0.8206420811930872
0.5361941425043832
0.07067736627466772
0.30642964745655754
0.9415486679824696
0.9484886613739059
0.013244900046660402
0.09974952917805618
0.8676283536717482
0.3608865067907369
0.14247525871838532
0.3386150652150769
0.09884192140746334
0.07506266394823635
0.018225869738749137
0.034937472313145715
0.6520865148002325
3.214270577382659
0.03072301476677484
0.24866674672703676
0.2081552179895493
0.2453085438837402
0.02814233158372001
0.03549361101034117
0.6779490152187424
0.6508042953458428
0.06129338254835967
0.3802761808318128
0.049454687504721845
0.9750773781131415
0.09409024728641403
0.09404987048569813
0.8484331396560781
0.4097910589215579
0.18080231957600132
0.4054809887325848
0.5656790408056842
0.03738363686904564
0.0984548985344686
0.10608205641541019
1.136577862684945
0.34608740524935466
0.11914858451387045
0.3800089471592798
0.14406966310478728
0.1130709941377045
