107.82302753191743
0.5585092107232313
24.741184542566938
113.45236224907902
70207.9704000498
0.9002434576174125
181.643314964747
12.880837740635958
71.11531949669471
0.0972989832460057
23.267463493224042
1.5290185660560751
107805.9586566116
2.094358679879602
76.76074463530405
1.792424184203028
53.21896414504835
0.012600310700301254
21.364862925346767
94.81985067943253
115063.60057461387
1.4082146310773789
66.09905156765153
3.564308801874441
12.714959590407096
0.17066599019802992
24.145415422997363
97.03684786708772
158043.71517683944
3.0289229858939413
192.77993532316594
2.463722150951666
101.6178786546679
0.14416318146681725
24.75115125577115
12.951136913320848
107035.32204083292
1.3760686672495133
143.88522944264565
27.28780576136886
1963.1030355161517
0.29514095429593135
13.590535626907345
134.83220975210153
1963.5037794054952
2.2193784361445124
199.46081712878345
7.828132690164498
137.21230043412777
0.2579917993331673
224.58013477335325
79.91961810804764
86558.17657380742
1.4104270490013682
71.32466139770555
2.4469431397891652
128.67388681854123
0.4259799328404237
17.242221165191605
101.69283414695558
125933.76114521144
0.7554601559766791
90.60055077093617
1.478563360403017
10.061879034466005
0.02194427767657033
19.62687267630313
80.14166728117586
110451.79700657539
2.4655743695457017
49.48749725589499
7.130904815142808
102.65072153252814
0.06858531827337601
503.88430801034644
111.312868961407
99336.25478666576
3.3096128197107144
104.05048052644412
3.966400285124366
2531.9684190251955
0.1375403828132873
29.23810405429282
51.04272997880255
100506.883187644
2.8881213079697767
125.73366012132001
2.1952932752844556
327.997082325572
0.2730552773843906
17.66791384715849
86.3771559662102
105297.01352213197
1.6585883255415965
484.4996623341593
8.327888162057627
111.57291075194928
0.15005630312385915
22.285914600631934
66.6841209932413
2182.2894336021645
2.2931304217226383
226.2303172474467
621.9874712519687
5.472891643365745
0.2117930605869558
12.538273761517686
86.76321057535642
140.58778085079615
0.9835996977496277
115.05159160280145
21.270480782937508
290.294498018148
0.7097599443077889
28.90273743790414
112.46026923971012
102416.01912443792
1.1879083640647594
63.673030210519045
3.1977064562565705
10.436656202989596
0.2990491284995718
16.840862143307973
113.24631559645653
91436.27964472701
1.6043309252623899
92.34418418427711
22.764769100476034
152.42516050588205
0.2267558599199241
33.24296096277214
54.89028846657623
1435.3060501217471
4.098594612937866
81.18977727268577
14.242933034376243
10.291675592072071
0.19239910208018252
24.669078834429662
103.73551864778764
80349.19763186238
1.1272284047365124
91.37077317362042
4.58312863521964
75.36702266482054
0.08776752099441357
22.474353552799073
110.26551151395348
137936.78360186488
2.8269585850493217
959.4923436063524
18.76325502303163
187.0487185124346
0.12738384761829755
526.1333299898827
165.50638593181313
111552.93057146842
1.1830889927902124
164.00018818876973
18.252991026973454
87.13820217883412
0.35016532438013537
19.375304191548295
76.7281218220856
394.4875515434127
1.3569299234899372
375.161267890679
9.465204223900502
90.2778488756744
0.3069258059818095
20.660368859906537
103.90036775308988
92513.27085585851
1.4391188153623404
73.34836954588904
39.90254609603796
43.165529381496015
0.09428058236779402
20.811817822575613
1.3258894154323588
136432.34068733625
1.2469093489074625
149.57105093382535
3.762616329043179
112.20542224627707
0.7420272317239759
20.93278216317297
118.35070752762721
90883.53309477093
0.9684538812632727
109.54535651360192
17.867401039985637
168.68217763492973
0.2937906724765531
20.043646811050884
86.48283358057066
91486.53659093913
0.9950056476232287
84.56759127763647
12.437962881332117
110.97418041837086
0.12937229549552942
22.865926246218063
80.43667836605496
171.15487404796048
1.0658106154109186
309.8956263329234
7.380650789650556
77.00291114187353
0.14293866543171352
28.594439959364244
114.06609335322256
103375.74371249705
0.9537846825712016
265.74565800234495
107.84322593159327
3808.894260200296
0.6192075283194041
20.937815945549566
96.3088723843839
91998.98217378516
1.7976728046983772
226.07856459515048
71.84616359322318
129.07596850202984
0.24756378228520015
464.6122898565786
102.04232850078367
1806.117174091061
3.2080339426291538
229.04759781701588
16.809815894457792
117.04125775447866
1.2414621761554008
200.87250390735144
65.80504026616327
170806.773839818
2.1372126758413135
171.68563472968756
108.90059444794053
