0.43655775941377384
0.05413299862190479
0.9115902624845423
1.151255039005917
0.673172629397784
0.37619890295162955
0.28078618377219555
1.8056665305936042
0.562932521404452
0.07335787789412962
0.9757070922927593
1.7433844556999076
0.6646574684174005
0.47263570835981394
1.1611552337601743
1.271567794845231
0.5537462496072683
0.09941245741985534
1.213317563013878
1.6611765121505908
0.7119019361459767
0.681624040966638
0.2381046984849125
1.1582972967771483
0.4571758245011888
0.1623787523285687
0.8749406918774282
1.5756746955153205
0.606540122736021
0.6480815556927685
0.7139479209882056
1.085290577433335
0.10796850476319947
0.1406534471657515
0.9068599498116889
1.6084147200466634
0.6481784873740666
0.28643470746225785
0.706182957448396
1.1914045972392882
0.5306985210009831
0.16047934245639925
1.0870436068806746
1.4939191147823412
0.5916794405449728
0.2656987813896978
0.5904187966437402
1.4999569094177554
0.3857042211475711
0.025758959112015718
1.408481441276103
1.3285423044243851
0.6634474547769611
0.4428336250155093
0.42177564651012933
0.8942766772150256
0.15968114695370308
0.0782690757041549
1.237063556188942
1.449092831660346
0.5957479156746721
0.25113123578060736
0.6030620384642152
1.220460011525971
0.45254018204535235
0.09884668079191852
1.1167363054250927
1.1601999698411627
0.630353655658988
0.5925967560258134
0.8538472082582726
1.1618502567425888
0.6138173078154289
0.08096306885918536
0.9156163498698311
1.1624640510670756
0.4728281309564424
0.402364229459668
0.653072809872909
1.162940539647046
0.3930896982944233
0.7620500659013103
1.1301173621115412
1.501593875348108
0.6446127495509848
0.40692827925938513
0.5963862020234686
1.3841602650278597
0.36170314181402574
0.2205479883263155
0.9077195576685431
1.1854928280985275
0.6890477786812284
0.2728642812712665
0.5457826099617294
1.5433764998278052
0.5527236682950623
0.2260740380678187
1.0780505638418656
1.5778609513946775
0.6749007670669942
0.3520317406304646
0.66471963456743
0.9066251700375277
0.7117333394583532
0.09282584990478836
1.0759211976089593
1.3968426636111402
0.8904114739029326
0.9735464586223896
0.25158978564980844
1.0571913488003002
0.20841227345207303
0.11002711121254768
0.9524335345574189
1.962780962026576
0.5205143631149292
0.29421866727216567
0.5441734316817226
1.1548412161644053
0.603087344283445
0.07266365375255662
1.1314717151495324
1.5830305842711958
0.657812570720911
0.5537305758100983
0.2739952510947663
1.4770340439907788
0.45717936889333255
0.2203577431043401
0.9163275255761394
1.3196501339483826
0.6572325614350925
0.6383696239175192
0.3286296852449229
1.6682738999260591
0.4843773022313052
0.6839720436483447
0.8169743701141863
0.8789943433535611
0.6121444460536407
0.44560724971480453
0.8481082761265275
1.1943207653233245
0.42069864186600503
0.36621033184869717
0.8418580706910228
1.4026306814348661
0.5519884116686062
0.28976531855768284
0.48402350190280996
1.1445197043328645
0.5920202238845033
0.6570525657033883
1.3737646989029693
1.5000816711159097
0.7078746628878938
0.4760662814584355
1.597421350127013
1.4213812627326168
0.5784348192410932
0.08129169756220633
0.9225453018114759
1.5050432494776091
0.8254205466927763
0.4029796183693012
0.5679221386756265
0.8038084365257425
0.17804488504753868
0.08048863047005803
1.124005008946758
1.3118606327644853
0.8227826173079471
0.37338859554375553
0.24678488402389118
0.7027339397346987
0.5170653925404793
0.11762598199982545
1.1415979314029308
1.4570115387007596
0.6794780727524083
0.7427550897538613
0.3930341065992011
1.0488913426920692
0.41424991521174587
0.11986652014429001
1.032193329266115
1.5265330459393147
0.800697052582165
0.28409536555123016
0.23283938764885756
0.9835371827071697
0.474071759494366
0.16624590346710197
0.8640231300828249
1.1135937268849254
0.7024271121431963
0.41692726903210164
0.4459426580543811
1.186187830812519
0.3752717945663731
0.09803667896636059
1.2340522204742892
1.591488920989085
0.6304488789115669
0.7498943926086878
0.4212344916958106
1.047598551413607
0.35409659562692947
0.1084439442026724
1.036827430272477
1.2368101428765188
0.6728723508875527
0.3903533390849103
0.31898884032372754
1.1369854662135968
0.6584167731124597
0.14461494383737766
1.1481665406405812
1.217023590788804
0.5922421311081822
0.3599971367276554
0.8341204645120609
1.1100335548816345
0.3530817421975213
0.25257696633914817
0.9198068628114493
1.410853203467257
0.6975317982307292
0.5005198822120323
0.8397621740959962
1.227627693786479
0.49528337117046795
0.05151933074172421
0.9833639545695718
1.3445091472345232
0.6945586000960968
0.5131868197308316
0.325925942862779
1.7462788971762035
