0.154506034072774
0.15254829902233494
1.9682812516378658
1.2776068384395027
0.8864778638892745
0.40789529614578307
0.058847650870108556
0.5155041413747974
0.20908998271058218
0.09504944969093462
0.5481719951186684
1.0609555390091483
0.5598917585190429
0.42150287697237276
0.07700302346160467
0.9059937047818666
0.1479307299933726
0.07390805305926654
0.941679099995262
1.7057988294717736
0.5144631701391941
0.4322200529936191
0.3499716088532887
0.29503084688454007
0.12846610214897639
0.18530148220058917
0.8441722849955239
1.5839803309490246
0.274131458469024
0.8658877320846238
0.012881636784377731
0.20194460180151572
0.06448157038130271
0.0730021840213701
1.0335769368956171
1.4699931508506936
0.351995110104822
0.486002907413533
0.3545408474423032
0.18795003624897075
0.06705841650056105
0.05811637163656713
1.0868428235422238
1.3574360701290171
0.9673954838821428
0.4694172551972419
0.27174732418889125
0.7193107672471736
0.16140777538247278
0.11594132500275006
0.7875577092042435
1.2060314572112838
0.2818955508949179
0.14272990721563159
0.11067703963203697
0.7327357657391755
0.06931335824098078
0.04728215298737165
0.873320723547036
2.029537979649088
0.4998430122683622
0.4070712558210085
0.15377020636595679
0.20386387884962448
0.3046411720980517
0.21444065887364
0.7770826779091116
0.9149353958224666
0.5080482312107473
0.44591800669425613
0.05117616790628901
0.6972010925987991
0.12381835976907929
0.06619795305572923
0.8108108197142951
0.7441708539723223
0.386819982211154
0.28006388843137003
0.08779163791973091
0.5857786994126992
0.10062009999088753
0.11587998338262276
1.2473551712695468
1.3034334930634623
0.6025145616578144
0.5344858151987449
0.03423595321000593
0.6565664834581804
0.03020541144635399
0.05806937970547685
0.780546305935059
0.7545114943975519
0.4524179561708979
0.39803727895484525
0.053000004364075176
0.3282638768760501
0.15822197895918483
0.1470184398329869
1.0211675382775414
1.3178791186574765
0.47016842294684263
0.29245137667527443
0.15630152913728831
0.1692176801236258
0.0886089720665522
0.07425868100756539
0.7905738511930904
1.122061233376133
0.5178284943332769
0.2778118816947465
0.10472101998715844
0.7948667187973075
0.11235631519290351
0.15726897354932304
1.0147202374574116
1.6097018156719345
0.4506468619996448
0.2474073839731703
0.04693850328403815
0.44134439765339567
0.08829471448033777
0.3790254583821953
1.897233184819263
1.9017256600101167
0.4444311255366336
0.31798554795523665
0.036994189846821464
0.8098257077839457
0.016925404485860232
0.15001887799184266
0.6830666209239165
1.567523771911154
0.2543684562463076
0.4395030813809936
0.09645820286960122
0.7172731203796183
0.3434774918486982
0.09572517759597338
0.9857876619474015
1.3448779453871802
0.3846875133557527
0.5552472536853565
0.12089342982312495
0.6063316548012905
0.05528411665553645
0.1873489566881914
1.0188108180793223
1.0290782648493682
0.5752595862723513
0.5873068795550864
0.24465189404942994
0.8724028473213802
0.14686052445923414
0.11380331801766702
1.2369804856406785
1.7268748344754157
0.31046851539008063
0.3045294410457992
0.8185162183371038
0.9414802684073128
0.10713446714417138
0.38381206877170715
1.3195911850480075
0.2512157795768113
0.4886217981302555
0.2934194185463306
0.07803324461708722
0.2864321128116821
0.1644365291854083
0.3570672260482282
0.9622336736130565
1.4115548327937777
0.5918253756245423
0.3620605883692599
0.0434490519670334
0.23467918397844212
0.11895577548874592
0.22868132188343326
1.145901595376193
1.4399496272057322
0.6606013086041131
0.30360502776270015
0.09694577192827936
0.3205364820639321
0.13054769959392268
0.10622685277157358
1.0369631113081
1.783934451013197
0.5720254667801854
0.4792642729087194
0.42836182953464
0.6352207821037024
0.2315175306356299
0.18002735424483562
0.711751472730728
1.3217212578839883
0.523540584694581
0.45788904920606105
0.06671713554862836
0.1318206019821931
0.1057600160018948
0.08839637993560026
1.189347101254309
1.8505813659609855
0.4253214308612189
0.4906234833688705
1.0631992517612558
0.34346697681311633
0.12730376001215143
0.1011788990252383
0.8955960432182765
1.2216781452184873
0.403870648196025
0.5059761820767965
0.42731128771436
0.3537613408511208
0.07722032478475227
0.08965705750158015
0.8251100775711613
1.533915065838547
0.6441513155723657
0.30859369443343365
0.3028166822229453
0.36087481675727323
0.14896657115267445
0.15207613390111646
1.011280272600826
1.5098355373705512
0.4641430243302539
0.45840815922919315
0.7114601367885135
0.5225030788595727
0.0705196196580655
0.21457569634743923
1.0465066179126352
1.027697399540765
0.6001634815382125
0.3262603770779021
0.2996604716655451
0.7700230048315145
