rake yball 1 0.03 -0.155 -1 -1 0.23851924114611953 -0.32988724155456345 -1 -1
rake yball 1 0.03 -0.155 -1 -1 -0.005018709969705509 -0.23340113492580528 -1 -1
rake yball 1 0.03 -0.155 -1 -1 0.03680281352803564 -0.2738585456494186 -1 -1
rake yball 1 0.03 -0.155 -1 -1 -0.015803790835971263 -0.18281511314440252 -1 -1
rake yball 1 0.03 -0.155 -1 -1 -0.015630420702206715 -0.273504031270151 -1 -1
rake yball 1 0.03 -0.155 -1 -1 -0.03591538078772739 -0.28618214432062644 -1 -1
rake yball 1 0.03 -0.155 -1 -1 0.0007207552993946346 -0.2583227375686894 -1 -1
rake yball 1 0.03 -0.155 -1 -1 0.0033893997726353476 -0.24346814669812836 -1 -1
rake yball 1 0.03 -0.155 -1 -1 -0.001274733678996749 -0.2427136680444683 -1 -1
rake yball 1 0.03 -0.155 -1 -1 0.028292130432593262 -0.26058086611116626 -1 -1
rake yball 1 0.03 -0.155 -1 -1 -0.06743880810428558 -0.2648883455605148 -1 -1
rake yball 1 0.03 -0.155 -1 -1 0.02190912063584076 -0.25610562775703527 -1 -1
rake yball 1 0.03 -0.155 -1 -1 0.02249985761185874 -0.2564991574779787 -1 -1
rake yball 1 0.03 -0.155 -1 -1 -0.007446475554066099 -0.23649608103633016 -1 -1
rake yball 1 0.03 -0.155 -1 -1 0.029170297598037884 -0.25911366427347193 -1 -1
rake yball 1 0.03 -0.155 -1 -1 0.03016372275232167 -0.2586023538747109 -1 -1
rake yball 1 0.03 -0.155 -1 -1 -0.004412107504532149 -0.23442097930309708 -1 -1
rake yball 1 0.03 -0.155 -1 -1 0.028018029119734847 -0.2576693189163941 -1 -1
rake yball 1 0.03 -0.155 -1 -1 0.021423632397859892 -0.3710613858114778 -1 -1
rake yball 1 0.03 -0.155 -1 -1 0.031084225541641225 -0.25933628285431415 -1 -1
rake yball 1 0.03 -0.155 -1 -1 0.064807819639279 -0.2637721562297914 -1 -1
rake yball 1 0.03 -0.155 -1 -1 0.03519783067634929 -0.26537095773378194 -1 -1
rake yball 1 0.03 -0.155 -1 -1 -0.12181450482040454 -0.3676309800966084 -1 -1
rake yball 1 0.03 -0.155 -1 -1 0.01138750882052476 -0.25596870635743146 -1 -1
rake yball 1 0.03 -0.155 -1 -1 -0.04370483248508618 -0.3323860087318215 -1 -1
rake yball 1 0.03 -0.155 -1 -1 0.04803162958438362 -0.2704124406789423 -1 -1
rake yball 1 0.03 -0.155 -1 -1 0.041338455121915765 -0.26238921004413995 -1 -1
rake yball 1 0.03 -0.155 -1 -1 0.01787543046751432 -0.25435647657786203 -1 -1
rake yball 1 0.03 -0.155 -1 -1 0.04289735498087405 -0.2654811766123426 -1 -1
rake yball 1 0.03 -0.155 -1 -1 0.025295020151015403 -0.2592922560359817 -1 -1
rake yball 1 0.03 -0.155 -1 -1 0.02038674922573608 -0.28050013662596107 -1 -1
rake yball 1 0.03 -0.155 -1 -1 0.009704736506855856 -0.24865103337878341 -1 -1
rake yball 1 0.03 -0.155 -1 -1 0.0070351773649051045 -0.2657937053213735 -1 -1
rake yball 1 0.03 -0.155 -1 -1 -0.042425924427421845 -0.23947661202217776 -1 -1
rake yball 1 0.03 -0.155 -1 -1 0.04304335686846017 -0.3195651508181777 -1 -1
rake yball 1 0.03 -0.155 -1 -1 -0.002573525530083952 -0.25132727285196066 -1 -1
rake yball 1 0.03 -0.155 -1 -1 -0.0019984169131923753 -0.23770279106995854 -1 -1
rake yball 1 0.03 -0.155 -1 -1 0.022943313808876504 -0.2563032303574958 -1 -1
rake yball 1 0.03 -0.155 -1 -1 -0.056395351398770346 -0.2401157796270751 -1 -1
rake yball 1 0.03 -0.155 -1 -1 0.05637763374116256 -0.31802670144814116 -1 -1
