rake yball 1 0.03 -0.155 -1 -1 0.0104567505238608 -0.3270775154666534 -1 -1
rake yball 1 0.03 -0.155 -1 -1 -0.0038816021206022084 -0.23601773148666133 -1 -1
rake yball 1 0.03 -0.155 -1 -1 -0.0008640710288667844 -0.23945357329075245 -1 -1
rake yball 1 0.03 -0.155 -1 -1 -0.0014897414692460614 -0.2385411836916603 -1 -1
rake yball 1 0.03 -0.155 -1 -1 0.005192314359047073 -0.2529367191881566 -1 -1
rake yball 1 0.03 -0.155 -1 -1 -0.017304180475971934 -0.22112625555595133 -1 -1
rake yball 1 0.03 -0.155 -1 -1 -0.00992012880666051 -0.22460166741729162 -1 -1
rake yball 1 0.03 -0.155 -1 -1 -0.16838685815047152 -0.47937998622026773 -1 -1
rake yball 1 0.03 -0.155 -1 -1 0.04951432591967813 -0.26538690703131973 -1 -1
rake yball 1 0.03 -0.155 -1 -1 -0.0025646480157650283 -0.23728796373352373 -1 -1
rake yball 1 0.03 -0.155 -1 -1 0.04253171810816572 -0.26458210741685745 -1 -1
rake yball 1 0.03 -0.155 -1 -1 0.018971162862012187 -0.29638988556095824 -1 -1
rake yball 1 0.03 -0.155 -1 -1 -0.1388140444884826 -0.11394519166150803 -1 -1
rake yball 1 0.03 -0.155 -1 -1 -0.0020160514636536333 -0.24910856202424048 -1 -1
rake yball 1 0.03 -0.155 -1 -1 -0.014147214388153518 -0.2337411695578661 -1 -1
rake yball 1 0.03 -0.155 -1 -1 0.012744696398647731 -0.26711873251934626 -1 -1
rake yball 1 0.03 -0.155 -1 -1 -0.0009146643305107943 -0.2392403008959715 -1 -1
rake yball 1 0.03 -0.155 -1 -1 0.038778273708579954 -0.2620097580538876 -1 -1
rake yball 1 0.03 -0.155 -1 -1 -0.014818245363213061 -0.20202362489652156 -1 -1
rake yball 1 0.03 -0.155 -1 -1 -0.08021602050154956 -0.25091150534897183 -1 -1
rake yball 1 0.03 -0.155 -1 -1 0.026426308727279208 -0.25880565621771306 -1 -1
rake yball 1 0.03 -0.155 -1 -1 -0.07168488980386654 -0.2517959227791908 -1 -1
rake yball 1 0.03 -0.155 -1 -1 0.0743071979864395 -0.3160327418906418 -1 -1
rake yball 1 0.03 -0.155 -1 -1 -0.18093212599282468 -0.17808177311966053 -1 -1
rake yball 1 0.03 -0.155 -1 -1 0.03055029131108412 -0.2592084689542371 -1 -1
rake yball 1 0.03 -0.155 -1 -1 0.028386543637345756 -0.25793776717594347 -1 -1
rake yball 1 0.03 -0.155 -1 -1 -0.0026061638999538687 -0.23766571439565973 -1 -1
rake yball 1 0.03 -0.155 -1 -1 0.03869913908720392 -0.2617156807117077 -1 -1
rake yball 1 0.03 -0.155 -1 -1 -0.01660278999109449 -0.26711326109702116 -1 -1
rake yball 1 0.03 -0.155 -1 -1 0.003932582453102979 -0.2441960560835238 -1 -1
rake yball 1 0.03 -0.155 -1 -1 -0.01035770189738989 -0.21975722235270995 -1 -1
rake yball 1 0.03 -0.155 -1 -1 0.15322431566745728 -0.34927066048886646 -1 -1
rake yball 1 0.03 -0.155 -1 -1 0.023050696927399947 -0.2578251056057994 -1 -1
rake yball 1 0.03 -0.155 -1 -1 -0.03840340781467016 -0.20809379574376402 -1 -1
rake yball 1 0.03 -0.155 -1 -1 0.007324975778452373 -0.2563644311876789 -1 -1
rake yball 1 0.03 -0.155 -1 -1 -0.04861272886546608 -0.19041761713113184 -1 -1
rake yball 1 0.03 -0.155 -1 -1 0.05461322953978497 -0.2799119547418305 -1 -1
rake yball 1 0.03 -0.155 -1 -1 -0.010045499563446731 -0.28524291788776074 -1 -1
rake yball 1 0.03 -0.155 -1 -1 0.03805408125259008 -0.26175068500117593 -1 -1
rake yball 1 0.03 -0.155 -1 -1 -0.2040228392070653 -0.4934087136479563 -1 -1
