rake yball 1 0.03 -0.155 -1 -1 -0.04843518071221402 -0.36892629845238584 -1 -1
rake yball 1 0.03 -0.155 -1 -1 -0.03691715652114652 -0.2588425094889621 -1 -1
rake yball 1 0.03 -0.155 -1 -1 -0.16280106670455616 -0.3850403554134903 -1 -1
rake yball 1 0.03 -0.155 -1 -1 -0.04074216089836191 -0.3046780939473763 -1 -1
rake yball 1 0.03 -0.155 -1 -1 0.015133485277190245 -0.25257708869277923 -1 -1
rake yball 1 0.03 -0.155 -1 -1 -0.0035707168952707606 -0.23591349726574917 -1 -1
rake yball 1 0.03 -0.155 -1 -1 0.019805586348015505 -0.25716855638790925 -1 -1
rake yball 1 0.03 -0.155 -1 -1 -0.04767613306218089 -0.3461116085602076 -1 -1
rake yball 1 0.03 -0.155 -1 -1 -0.014107029552558829 -0.2238630171714944 -1 -1
rake yball 1 0.03 -0.155 -1 -1 0.010037501635916992 -0.2503391240150351 -1 -1
rake yball 1 0.03 -0.155 -1 -1 -0.005142713487402468 -0.23478352168111916 -1 -1
rake yball 1 0.03 -0.155 -1 -1 -0.03432905403635637 -0.1961180745352888 -1 -1
rake yball 1 0.03 -0.155 -1 -1 -0.007354752218676988 -0.22948755868026055 -1 -1
rake yball 1 0.03 -0.155 -1 -1 -0.02328965930740084 -0.2684349434050273 -1 -1
rake yball 1 0.03 -0.155 -1 -1 0.044557167617212755 -0.3108587342308132 -1 -1
rake yball 1 0.03 -0.155 -1 -1 0.02470730791398761 -0.2591307874531228 -1 -1
rake yball 1 0.03 -0.155 -1 -1 -0.04222722549958491 -0.20426805016299204 -1 -1
rake yball 1 0.03 -0.155 -1 -1 0.027591747255081067 -0.27467755295128343 -1 -1
rake yball 1 0.03 -0.155 -1 -1 0.05887306954847486 -0.3358468698778074 -1 -1
rake yball 1 0.03 -0.155 -1 -1 -0.019509018727342526 -0.2543196599509031 -1 -1
rake yball 1 0.03 -0.155 -1 -1 -0.004561491553090443 -0.23514888790679028 -1 -1
rake yball 1 0.03 -0.155 -1 -1 -0.003890800031069912 -0.23593003579108215 -1 -1
rake yball 1 0.03 -0.155 -1 -1 -0.0043615698538376204 -0.23502337074843993 -1 -1
rake yball 1 0.03 -0.155 -1 -1 -0.15001006197707242 -0.22303813209703796 -1 -1
rake yball 1 0.03 -0.155 -1 -1 -0.01591802484392672 -0.10927993792658829 -1 -1
rake yball 1 0.03 -0.155 -1 -1 -0.011808457959528765 -0.21523225229067636 -1 -1
rake yball 1 0.03 -0.155 -1 -1 0.019008355678179677 -0.2878252820183583 -1 -1
rake yball 1 0.03 -0.155 -1 -1 -0.00434031463269223 -0.2372318883411553 -1 -1
rake yball 1 0.03 -0.155 -1 -1 0.022766969309637675 -0.25885782081112796 -1 -1
rake yball 1 0.03 -0.155 -1 -1 -0.04205337805493459 -0.20315229134654084 -1 -1
rake yball 1 0.03 -0.155 -1 -1 0.06426653950402823 -0.26414669415077047 -1 -1
rake yball 1 0.03 -0.155 -1 -1 -0.021651517393376292 -0.22932414329761192 -1 -1
rake yball 1 0.03 -0.155 -1 -1 -0.07396600502278555 -0.22061961800784577 -1 -1
rake yball 1 0.03 -0.155 -1 -1 -0.0036637492566629695 -0.2356153243754911 -1 -1
rake yball 1 0.03 -0.155 -1 -1 0.03965794113508269 -0.4306085720199505 -1 -1
rake yball 1 0.03 -0.155 -1 -1 -0.02106097325296567 -0.22123059099194106 -1 -1
rake yball 1 0.03 -0.155 -1 -1 -0.03397226991561621 -0.49994089657039603 -1 -1
rake yball 1 0.03 -0.155 -1 -1 -0.08085478050552432 -0.2891420304047532 -1 -1
rake yball 1 0.03 -0.155 -1 -1 -0.02045987830170336 -0.22822328822926644 -1 -1
rake yball 1 0.03 -0.155 -1 -1 -0.03283564281209605 -0.2407673837328536 -1 -1
