rake yball 1 0.03 -0.155 -1 -1 0.03765144723186246 -0.32001012873771945 -1 -1
rake yball 1 0.03 -0.155 -1 -1 0.01819918948405732 -0.2544786790196483 -1 -1
rake yball 1 0.03 -0.155 -1 -1 -0.06284332606789882 -0.29365817870220656 -1 -1
rake yball 1 0.03 -0.155 -1 -1 -0.008744613433811726 -0.23538152775395796 -1 -1
rake yball 1 0.03 -0.155 -1 -1 -0.006642589788091325 -0.2302513298948989 -1 -1
rake yball 1 0.03 -0.155 -1 -1 0.019293783456835894 -0.254799367227762 -1 -1
rake yball 1 0.03 -0.155 -1 -1 -0.014681503719305109 -0.3062592836647061 -1 -1
rake yball 1 0.03 -0.155 -1 -1 0.03202864860149111 -0.2597687555390522 -1 -1
rake yball 1 0.03 -0.155 -1 -1 -0.010441915290048285 -0.2565416181858834 -1 -1
rake yball 1 0.03 -0.155 -1 -1 -0.017743237124845393 -0.24022138952942734 -1 -1
rake yball 1 0.03 -0.155 -1 -1 -0.010232848611364784 -0.22046114496728278 -1 -1
rake yball 1 0.03 -0.155 -1 -1 0.030163046264557975 -0.25870191317465413 -1 -1
rake yball 1 0.03 -0.155 -1 -1 -0.002234496185666319 -0.24943750951578433 -1 -1
rake yball 1 0.03 -0.155 -1 -1 0.004691255749613018 -0.2628528463265627 -1 -1
rake yball 1 0.03 -0.155 -1 -1 -0.20020071083135157 -0.27747656597761666 -1 -1
rake yball 1 0.03 -0.155 -1 -1 -0.004069499698597382 -0.33545109367811526 -1 -1
rake yball 1 0.03 -0.155 -1 -1 -0.005521547273088326 -0.23690742729845973 -1 -1
rake yball 1 0.03 -0.155 -1 -1 0.045955140190872 -0.2632727588375457 -1 -1
rake yball 1 0.03 -0.155 -1 -1 0.12392242237534157 -0.26442726329057886 -1 -1
rake yball 1 0.03 -0.155 -1 -1 -0.004188179805679711 -0.23501512074626357 -1 -1
rake yball 1 0.03 -0.155 -1 -1 0.028760835648194528 -0.25818425967692477 -1 -1
rake yball 1 0.03 -0.155 -1 -1 -0.012357262718972391 -0.22330060199201537 -1 -1
rake yball 1 0.03 -0.155 -1 -1 -0.009433540386495408 -0.22403722877945248 -1 -1
rake yball 1 0.03 -0.155 -1 -1 -0.010448981377619376 -0.22883191513582202 -1 -1
rake yball 1 0.03 -0.155 -1 -1 0.011999819172221003 -0.250550767336312 -1 -1
rake yball 1 0.03 -0.155 -1 -1 0.07417682216370554 -0.2642554042852412 -1 -1
rake yball 1 0.03 -0.155 -1 -1 -0.0052643165265353125 -0.24009765942861555 -1 -1
rake yball 1 0.03 -0.155 -1 -1 0.03363456669964889 -0.26003890311504485 -1 -1
rake yball 1 0.03 -0.155 -1 -1 0.00552031433325233 -0.2637459160450495 -1 -1
rake yball 1 0.03 -0.155 -1 -1 -0.00937936633320872 -0.22418984452903853 -1 -1
rake yball 1 0.03 -0.155 -1 -1 -0.007790914932940294 -0.23288030281241115 -1 -1
rake yball 1 0.03 -0.155 -1 -1 0.0010930750213086612 -0.2439453463654125 -1 -1
rake yball 1 0.03 -0.155 -1 -1 0.034942883198227824 -0.26068919903614823 -1 -1
rake yball 1 0.03 -0.155 -1 -1 0.008472387570742148 -0.252936457940117 -1 -1
rake yball 1 0.03 -0.155 -1 -1 -0.011912994795674706 -0.21411450532124532 -1 -1
rake yball 1 0.03 -0.155 -1 -1 0.0261228243309562 -0.25743728064222854 -1 -1
rake yball 1 0.03 -0.155 -1 -1 0.03038094589990154 -0.2589570025691729 -1 -1
rake yball 1 0.03 -0.155 -1 -1 0.005475449632208933 -0.24845948973243528 -1 -1
rake yball 1 0.03 -0.155 -1 -1 0.006368823027707184 -0.24599519258681063 -1 -1
rake yball 1 0.03 -0.155 -1 -1 0.02200765072402886 -0.25811714398749963 -1 -1
