rake yball 1 0.03 -0.155 -1 -1 0.029964628305072776 -0.25883390871567913 -1 -1
rake yball 1 0.03 -0.155 -1 -1 0.02876351736477751 -0.2580958596591372 -1 -1
rake yball 1 0.03 -0.155 -1 -1 0.028507656974719704 -0.25807713114447645 -1 -1
rake yball 1 0.03 -0.155 -1 -1 0.029989796251563935 -0.2588931307025775 -1 -1
rake yball 1 0.03 -0.155 -1 -1 0.029987496312208973 -0.25875923408298834 -1 -1
rake yball 1 0.03 -0.155 -1 -1 0.029996125612392916 -0.25869269665782063 -1 -1
rake yball 1 0.03 -0.155 -1 -1 0.029977136146971835 -0.2586801352701977 -1 -1
rake yball 1 0.03 -0.155 -1 -1 0.029956950804942272 -0.2588064117908964 -1 -1
rake yball 1 0.03 -0.155 -1 -1 0.02995752036563478 -0.258818171180891 -1 -1
rake yball 1 0.03 -0.155 -1 -1 0.02829352866246224 -0.2579325821062107 -1 -1
rake yball 1 0.03 -0.155 -1 -1 0.028394559456431195 -0.258013390507084 -1 -1
rake yball 1 0.03 -0.155 -1 -1 0.02998203669725009 -0.2586916380270325 -1 -1
rake yball 1 0.03 -0.155 -1 -1 0.029987805688687707 -0.2587066789329213 -1 -1
rake yball 1 0.03 -0.155 -1 -1 0.02998194277815946 -0.2588662011752512 -1 -1
rake yball 1 0.03 -0.155 -1 -1 0.02997329571220709 -0.258703179619751 -1 -1
rake yball 1 0.03 -0.155 -1 -1 0.02814760062295175 -0.2580185264951023 -1 -1
rake yball 1 0.03 -0.155 -1 -1 0.029980999900137743 -0.2586786717851141 -1 -1
rake yball 1 0.03 -0.155 -1 -1 0.029978470588809213 -0.2587685990136035 -1 -1
rake yball 1 0.03 -0.155 -1 -1 0.029982124107420054 -0.2585957210751464 -1 -1
rake yball 1 0.03 -0.155 -1 -1 0.029979469249061225 -0.2586857149747601 -1 -1
rake yball 1 0.03 -0.155 -1 -1 0.028709729857800462 -0.2580783627954956 -1 -1
rake yball 1 0.03 -0.155 -1 -1 0.029982049639658205 -0.2588664133495625 -1 -1
rake yball 1 0.03 -0.155 -1 -1 0.02998118211186001 -0.2586790957356088 -1 -1
rake yball 1 0.03 -0.155 -1 -1 0.029989163206095095 -0.258891840894802 -1 -1
rake yball 1 0.03 -0.155 -1 -1 0.029985351803502775 -0.2587184624133254 -1 -1
rake yball 1 0.03 -0.155 -1 -1 0.028763921723050194 -0.2580959624053459 -1 -1
rake yball 1 0.03 -0.155 -1 -1 0.02864995395223964 -0.25809036259513185 -1 -1
rake yball 1 0.03 -0.155 -1 -1 0.029938820990555486 -0.2588681973605969 -1 -1
rake yball 1 0.03 -0.155 -1 -1 0.029966100509767918 -0.2586701833537217 -1 -1
rake yball 1 0.03 -0.155 -1 -1 0.02821407348068621 -0.2578553870821655 -1 -1
rake yball 1 0.03 -0.155 -1 -1 0.02999324354477947 -0.2587309782057582 -1 -1
rake yball 1 0.03 -0.155 -1 -1 0.029981472185587752 -0.2587113116336962 -1 -1
rake yball 1 0.03 -0.155 -1 -1 0.029982076491792086 -0.25859585204410296 -1 -1
rake yball 1 0.03 -0.155 -1 -1 0.028233999023992942 -0.25798572110801427 -1 -1
rake yball 1 0.03 -0.155 -1 -1 0.029977058144274007 -0.2588545935029111 -1 -1
rake yball 1 0.03 -0.155 -1 -1 0.029988554566039084 -0.2587192916711624 -1 -1
rake yball 1 0.03 -0.155 -1 -1 0.02845548439590103 -0.2579792588211475 -1 -1
rake yball 1 0.03 -0.155 -1 -1 0.029976650012326425 -0.2587692223996133 -1 -1
rake yball 1 0.03 -0.155 -1 -1 0.029981784263217123 -0.2586910316602848 -1 -1
rake yball 1 0.03 -0.155 -1 -1 0.030011733198436544 -0.2586377870708308 -1 -1
