rake yball 1 0.03 -0.155 -1 -1 0.0061145661041704935 -0.24552124883089058 -1 -1
rake yball 1 0.03 -0.155 -1 -1 -0.0064458901755235455 -0.23096639086476364 -1 -1
rake yball 1 0.03 -0.155 -1 -1 0.02711031213919125 -0.2615311198813257 -1 -1
rake yball 1 0.03 -0.155 -1 -1 0.010905022659449825 -0.24960260580965904 -1 -1
rake yball 1 0.03 -0.155 -1 -1 -0.015588944431107329 -0.18007047851731278 -1 -1
rake yball 1 0.03 -0.155 -1 -1 0.023311162944201973 -0.26886997800377793 -1 -1
rake yball 1 0.03 -0.155 -1 -1 0.07052048864574324 -0.47722179864879816 -1 -1
rake yball 1 0.03 -0.155 -1 -1 0.02467441615981288 -0.2571402887481679 -1 -1
rake yball 1 0.03 -0.155 -1 -1 -0.006392966933404774 -0.2312674208180357 -1 -1
rake yball 1 0.03 -0.155 -1 -1 -0.06630434451664197 -0.3515710824067407 -1 -1
rake yball 1 0.03 -0.155 -1 -1 0.0030250269073269147 -0.2876754104563169 -1 -1
rake yball 1 0.03 -0.155 -1 -1 -0.0072864303456984135 -0.23548039669242538 -1 -1
rake yball 1 0.03 -0.155 -1 -1 0.08369013117911327 -0.2648563365928529 -1 -1
rake yball 1 0.03 -0.155 -1 -1 -0.07563322532574873 -0.1681941665048581 -1 -1
rake yball 1 0.03 -0.155 -1 -1 -0.013023139119480793 -0.21135540237462805 -1 -1
rake yball 1 0.03 -0.155 -1 -1 -0.030171027033932048 -0.3104292308058521 -1 -1
rake yball 1 0.03 -0.155 -1 -1 -0.011819729314346796 -0.2216042437236925 -1 -1
rake yball 1 0.03 -0.155 -1 -1 -0.00802158809389244 -0.22713177995726574 -1 -1
rake yball 1 0.03 -0.155 -1 -1 0.03083209752404585 -0.2595058081333561 -1 -1
rake yball 1 0.03 -0.155 -1 -1 0.030613858033798083 -0.2599581001644144 -1 -1
rake yball 1 0.03 -0.155 -1 -1 0.057470044792914 -0.26415190474401357 -1 -1
rake yball 1 0.03 -0.155 -1 -1 -0.022432507489971925 -0.5212530447673664 -1 -1
rake yball 1 0.03 -0.155 -1 -1 -0.015581084181015689 -0.16640970196791843 -1 -1
rake yball 1 0.03 -0.155 -1 -1 0.03140085152199662 -0.25937642422134694 -1 -1
rake yball 1 0.03 -0.155 -1 -1 -0.013991019817726151 -0.27136742404959074 -1 -1
rake yball 1 0.03 -0.155 -1 -1 0.024609342342931002 -0.2571374620605408 -1 -1
rake yball 1 0.03 -0.155 -1 -1 -0.005925005558918652 -0.2330640690345011 -1 -1
rake yball 1 0.03 -0.155 -1 -1 0.004921270674824185 -0.2528601309920764 -1 -1
rake yball 1 0.03 -0.155 -1 -1 0.02954260753468788 -0.2588560393505867 -1 -1
rake yball 1 0.03 -0.155 -1 -1 -0.0007826225423189309 -0.246723694344418 -1 -1
rake yball 1 0.03 -0.155 -1 -1 0.005648697131409633 -0.24525908696564783 -1 -1
rake yball 1 0.03 -0.155 -1 -1 -0.03409389983452514 -0.26504702200453356 -1 -1
rake yball 1 0.03 -0.155 -1 -1 -0.004427589946185161 -0.2348307496023301 -1 -1
rake yball 1 0.03 -0.155 -1 -1 0.016009513000366578 -0.2533573454554516 -1 -1
rake yball 1 0.03 -0.155 -1 -1 0.004633457004979553 -0.2720886840769547 -1 -1
rake yball 1 0.03 -0.155 -1 -1 -0.04148328788723397 -0.27058367402580913 -1 -1
rake yball 1 0.03 -0.155 -1 -1 -0.05348156537046474 -0.27827505639735267 -1 -1
rake yball 1 0.03 -0.155 -1 -1 0.11070902929198431 -0.26447141030734495 -1 -1
rake yball 1 0.03 -0.155 -1 -1 0.01638537471368073 -0.2535065470282689 -1 -1
rake yball 1 0.03 -0.155 -1 -1 -0.008468505477873242 -0.22829197017693606 -1 -1
