rake yball 1 0.03 -0.155 -1 -1 -0.01159188304018301 -0.21500746205303456 -1 -1
rake yball 1 0.03 -0.155 -1 -1 -0.1348088112995335 -0.11816268628365426 -1 -1
rake yball 1 0.03 -0.155 -1 -1 -0.016096157774697906 -0.18468061729307975 -1 -1
rake yball 1 0.03 -0.155 -1 -1 -0.007786848698070707 -0.22790563820928345 -1 -1
rake yball 1 0.03 -0.155 -1 -1 0.08143237351147817 -0.2642187844269081 -1 -1
rake yball 1 0.03 -0.155 -1 -1 -0.0053519864923480855 -0.23229072569802744 -1 -1
rake yball 1 0.03 -0.155 -1 -1 -0.0502566021418891 -0.22907917673605566 -1 -1
rake yball 1 0.03 -0.155 -1 -1 0.007215488485175629 -0.25079929894913483 -1 -1
rake yball 1 0.03 -0.155 -1 -1 0.024505328344527823 -0.25721701411231734 -1 -1
rake yball 1 0.03 -0.155 -1 -1 0.02904831583197835 -0.25812964204752636 -1 -1
rake yball 1 0.03 -0.155 -1 -1 0.02969999961506726 -0.2583717682436564 -1 -1
rake yball 1 0.03 -0.155 -1 -1 0.07790583050988185 -0.26403538613848676 -1 -1
rake yball 1 0.03 -0.155 -1 -1 0.03421081470984938 -0.26048863999246863 -1 -1
rake yball 1 0.03 -0.155 -1 -1 0.01779382108143423 -0.26956777817043764 -1 -1
rake yball 1 0.03 -0.155 -1 -1 -0.0009030308902903648 -0.2393835538709256 -1 -1
rake yball 1 0.03 -0.155 -1 -1 0.029164563914836558 -0.25833772935912264 -1 -1
rake yball 1 0.03 -0.155 -1 -1 -0.011100257693577255 -0.2178586616372139 -1 -1
rake yball 1 0.03 -0.155 -1 -1 -0.013895171296512214 -0.20932481954433987 -1 -1
rake yball 1 0.03 -0.155 -1 -1 0.012085133540651842 -0.2506532885700855 -1 -1
rake yball 1 0.03 -0.155 -1 -1 0.024819136934189016 -0.2572544824288269 -1 -1
rake yball 1 0.03 -0.155 -1 -1 0.00274110267532519 -0.2428366732884105 -1 -1
rake yball 1 0.03 -0.155 -1 -1 0.03981409750264854 -0.2685005068934112 -1 -1
rake yball 1 0.03 -0.155 -1 -1 -0.011069823765937879 -0.22156920357664497 -1 -1
rake yball 1 0.03 -0.155 -1 -1 -0.003051271289940898 -0.2362643739766285 -1 -1
rake yball 1 0.03 -0.155 -1 -1 -0.00895577925622608 -0.2242818085051713 -1 -1
rake yball 1 0.03 -0.155 -1 -1 -0.011999710776087162 -0.2517819995909338 -1 -1
rake yball 1 0.03 -0.155 -1 -1 0.06401753550476875 -0.3099562701412346 -1 -1
rake yball 1 0.03 -0.155 -1 -1 -0.039157061301234294 -0.24976660865439346 -1 -1
rake yball 1 0.03 -0.155 -1 -1 0.011886950624727286 -0.25047013325305195 -1 -1
rake yball 1 0.03 -0.155 -1 -1 0.042569715021757125 -0.28179993125735253 -1 -1
rake yball 1 0.03 -0.155 -1 -1 0.02730445707186276 -0.2577661247440534 -1 -1
rake yball 1 0.03 -0.155 -1 -1 -0.014773369814473651 -0.20110844945847606 -1 -1
rake yball 1 0.03 -0.155 -1 -1 -0.017711621644060094 -0.20600352244950787 -1 -1
rake yball 1 0.03 -0.155 -1 -1 -0.016269601058306632 -0.19312025844361022 -1 -1
rake yball 1 0.03 -0.155 -1 -1 -0.013011967385741062 -0.21072115777178047 -1 -1
rake yball 1 0.03 -0.155 -1 -1 -0.01519186327449879 -0.19508461701611915 -1 -1
rake yball 1 0.03 -0.155 -1 -1 -0.009767369064747341 -0.22193358955312661 -1 -1
rake yball 1 0.03 -0.155 -1 -1 -0.015174754786096657 -0.17359891643124634 -1 -1
rake yball 1 0.03 -0.155 -1 -1 -0.19082789272202758 -0.5768535925540024 -1 -1
rake yball 1 0.03 -0.155 -1 -1 -0.020266854835539413 -0.18982610395299135 -1 -1
