rake yball 1 0.03 -0.155 -1 -1 0.02998319943483944 -0.25868842219201627 -1 -1
rake yball 1 0.03 -0.155 -1 -1 0.02820607783689726 -0.2578819685595384 -1 -1
rake yball 1 0.03 -0.155 -1 -1 0.029964255250256512 -0.2588026310562427 -1 -1
rake yball 1 0.03 -0.155 -1 -1 0.02996600975715345 -0.258599711072182 -1 -1
rake yball 1 0.03 -0.155 -1 -1 0.029989836841830323 -0.2587264507415359 -1 -1
rake yball 1 0.03 -0.155 -1 -1 0.029992549898602977 -0.2588665941833198 -1 -1
rake yball 1 0.03 -0.155 -1 -1 0.028079553814276417 -0.25783423715638876 -1 -1
rake yball 1 0.03 -0.155 -1 -1 0.02998624387706072 -0.2585286020176975 -1 -1
rake yball 1 0.03 -0.155 -1 -1 0.028323766009082242 -0.25789199318835315 -1 -1
rake yball 1 0.03 -0.155 -1 -1 0.029989884442011183 -0.25853676977687134 -1 -1
rake yball 1 0.03 -0.155 -1 -1 0.029986138543891174 -0.25853000718108216 -1 -1
rake yball 1 0.03 -0.155 -1 -1 0.029982249601396962 -0.25885573643261 -1 -1
rake yball 1 0.03 -0.155 -1 -1 0.028390009190479907 -0.258007832806033 -1 -1
rake yball 1 0.03 -0.155 -1 -1 0.029979885605748914 -0.2586864863048918 -1 -1
rake yball 1 0.03 -0.155 -1 -1 0.02995750204604019 -0.25881984683665116 -1 -1
