rake yball 1 0.03 -0.155 -1 -1 0.029991956078044637 -0.258739177962522 -1 -1
rake yball 1 0.03 -0.155 -1 -1 0.02840687468517389 -0.2579949614448312 -1 -1
rake yball 1 0.03 -0.155 -1 -1 0.029987041996867768 -0.25852968545826355 -1 -1
rake yball 1 0.03 -0.155 -1 -1 0.02865300588304327 -0.2580923871789842 -1 -1
rake yball 1 0.03 -0.155 -1 -1 0.029966945964312104 -0.25877223550783984 -1 -1
rake yball 1 0.03 -0.155 -1 -1 0.028459350384630003 -0.2579856519046855 -1 -1
rake yball 1 0.03 -0.155 -1 -1 0.029970832232489236 -0.2588212791353627 -1 -1
rake yball 1 0.03 -0.155 -1 -1 0.02997940785352029 -0.258676094669031 -1 -1
rake yball 1 0.03 -0.155 -1 -1 0.028730077352999137 -0.25813069363106206 -1 -1
rake yball 1 0.03 -0.155 -1 -1 0.02999069040456181 -0.2587474112382225 -1 -1
rake yball 1 0.03 -0.155 -1 -1 0.028155545984883127 -0.2578366313629432 -1 -1
rake yball 1 0.03 -0.155 -1 -1 0.029980411073132127 -0.2588638251724143 -1 -1
rake yball 1 0.03 -0.155 -1 -1 0.02820891891699111 -0.2578845304854684 -1 -1
rake yball 1 0.03 -0.155 -1 -1 0.029975177768314543 -0.2587778307426064 -1 -1
rake yball 1 0.03 -0.155 -1 -1 0.02993984381078335 -0.2586864313823527 -1 -1
rake yball 1 0.03 -0.155 -1 -1 0.029991368887155912 -0.25889002825751367 -1 -1
rake yball 1 0.03 -0.155 -1 -1 0.029965146404854613 -0.25883278157577194 -1 -1
rake yball 1 0.03 -0.155 -1 -1 0.028370620996445182 -0.2579065904559395 -1 -1
rake yball 1 0.03 -0.155 -1 -1 0.028137880005300688 -0.2578427758541284 -1 -1
rake yball 1 0.03 -0.155 -1 -1 0.028031495873730945 -0.2578540265790498 -1 -1
