rake yball 1 0.03 -0.155 -1 -1 -0.005623607233007728 -0.2519730212704611 -1 -1
rake yball 1 0.03 -0.155 -1 -1 -0.1333486147210745 -0.2233210749473848 -1 -1
rake yball 1 0.03 -0.155 -1 -1 0.025631852873327355 -0.47867237958322667 -1 -1
rake yball 1 0.03 -0.155 -1 -1 0.1109491649235781 -0.2642814732110669 -1 -1
rake yball 1 0.03 -0.155 -1 -1 -0.07767270504425572 -0.24545101196489327 -1 -1
rake yball 1 0.03 -0.155 -1 -1 0.055768260250450834 -0.2640635611137414 -1 -1
rake yball 1 0.03 -0.155 -1 -1 -0.008724574460504576 -0.22615028991240166 -1 -1
rake yball 1 0.03 -0.155 -1 -1 -0.0036712168980632225 -0.2363972305524731 -1 -1
rake yball 1 0.03 -0.155 -1 -1 -0.025023750567854365 -0.21653022860811175 -1 -1
rake yball 1 0.03 -0.155 -1 -1 -0.015929772609099505 -0.2136269490168849 -1 -1
rake yball 1 0.03 -0.155 -1 -1 0.21259217054933055 -0.38911503755406474 -1 -1
rake yball 1 0.03 -0.155 -1 -1 -0.044183532114434466 -0.19982885414377788 -1 -1
rake yball 1 0.03 -0.155 -1 -1 0.016992463966500497 -0.26564517976466506 -1 -1
rake yball 1 0.03 -0.155 -1 -1 -0.01796658371804294 -0.15171322614335958 -1 -1
rake yball 1 0.03 -0.155 -1 -1 -0.009965044758374616 -0.22189762507640295 -1 -1
rake yball 1 0.03 -0.155 -1 -1 0.01089709062452784 -0.2501184030985016 -1 -1
rake yball 1 0.03 -0.155 -1 -1 0.018754011092490103 -0.2550373883853825 -1 -1
rake yball 1 0.03 -0.155 -1 -1 -0.014811888591572907 -0.2035431403179277 -1 -1
rake yball 1 0.03 -0.155 -1 -1 -0.001892401112900018 -0.23814663880022935 -1 -1
rake yball 1 0.03 -0.155 -1 -1 -0.24394080618438965 -0.3024335817835192 -1 -1
rake yball 1 0.03 -0.155 -1 -1 -0.02048608297802358 -0.24398163646285417 -1 -1
rake yball 1 0.03 -0.155 -1 -1 -0.015127350719202981 -0.19415200463587354 -1 -1
rake yball 1 0.03 -0.155 -1 -1 0.018288395782061047 -0.2542698588395194 -1 -1
rake yball 1 0.03 -0.155 -1 -1 0.012139646669674332 -0.29179172614805404 -1 -1
rake yball 1 0.03 -0.155 -1 -1 0.010940666182895246 -0.24943100125315681 -1 -1
rake yball 1 0.03 -0.155 -1 -1 -0.01464965308463374 -0.23062746748350355 -1 -1
rake yball 1 0.03 -0.155 -1 -1 0.0003290742197479913 -0.24092542353534555 -1 -1
rake yball 1 0.03 -0.155 -1 -1 -0.009363511393428794 -0.223574476327834 -1 -1
rake yball 1 0.03 -0.155 -1 -1 -0.01322354497867783 -0.2308276418029173 -1 -1
rake yball 1 0.03 -0.155 -1 -1 -0.004742818402561362 -0.23482182762530576 -1 -1
rake yball 1 0.03 -0.155 -1 -1 -0.037892335356591665 -0.24001585232678235 -1 -1
rake yball 1 0.03 -0.155 -1 -1 -0.005802639139222894 -0.2428380377543143 -1 -1
rake yball 1 0.03 -0.155 -1 -1 0.013924466470781566 -0.25193040003817474 -1 -1
rake yball 1 0.03 -0.155 -1 -1 0.04220412073409039 -0.2623508846467524 -1 -1
rake yball 1 0.03 -0.155 -1 -1 -0.016249945657064405 -0.17889599245281768 -1 -1
rake yball 1 0.03 -0.155 -1 -1 0.02007183575406334 -0.28487277630397395 -1 -1
rake yball 1 0.03 -0.155 -1 -1 0.13107754223641965 -0.4856169586724198 -1 -1
rake yball 1 0.03 -0.155 -1 -1 -0.014820160214906446 -0.20063210206264404 -1 -1
rake yball 1 0.03 -0.155 -1 -1 -0.002483377592812489 -0.2378861046764924 -1 -1
rake yball 1 0.03 -0.155 -1 -1 0.00860147014913013 -0.24773920328452123 -1 -1
