rake yball 1 0.03 -0.155 -1 -1 0.029971690361993736 -0.25869366853922826 -1 -1
rake yball 1 0.03 -0.155 -1 -1 0.029972678384852944 -0.2588125909113863 -1 -1
rake yball 1 0.03 -0.155 -1 -1 0.029982388168005688 -0.25886709900494465 -1 -1
rake yball 1 0.03 -0.155 -1 -1 0.029977678444433054 -0.2587701969016372 -1 -1
rake yball 1 0.03 -0.155 -1 -1 0.029988034370033285 -0.25875731667332735 -1 -1
rake yball 1 0.03 -0.155 -1 -1 0.029989117362818656 -0.25884503067217385 -1 -1
rake yball 1 0.03 -0.155 -1 -1 0.029976757433802598 -0.2587729880763352 -1 -1
rake yball 1 0.03 -0.155 -1 -1 0.029970380021894446 -0.25859205769705323 -1 -1
rake yball 1 0.03 -0.155 -1 -1 0.029980767042795415 -0.2586184954255337 -1 -1
rake yball 1 0.03 -0.155 -1 -1 0.028016815916825036 -0.25788931477349325 -1 -1
rake yball 1 0.03 -0.155 -1 -1 0.029986879922796934 -0.2585293740312768 -1 -1
rake yball 1 0.03 -0.155 -1 -1 0.029987075526402663 -0.2587653746946481 -1 -1
rake yball 1 0.03 -0.155 -1 -1 0.029985896159133264 -0.2587692224356768 -1 -1
rake yball 1 0.03 -0.155 -1 -1 0.028217701041305575 -0.25790482875251053 -1 -1
rake yball 1 0.03 -0.155 -1 -1 0.029980454940419444 -0.25886983733014457 -1 -1
rake yball 1 0.03 -0.155 -1 -1 0.029973864868782576 -0.25877770314485554 -1 -1
rake yball 1 0.03 -0.155 -1 -1 0.028006912469473375 -0.2578530705241736 -1 -1
rake yball 1 0.03 -0.155 -1 -1 0.029965413351046025 -0.2586558463499634 -1 -1
rake yball 1 0.03 -0.155 -1 -1 0.028022477321217282 -0.257890123166476 -1 -1
rake yball 1 0.03 -0.155 -1 -1 0.028719046895848574 -0.2581509289535033 -1 -1
rake yball 1 0.03 -0.155 -1 -1 0.02998025894828899 -0.2586876589899461 -1 -1
rake yball 1 0.03 -0.155 -1 -1 0.02999240623227265 -0.2589038684412839 -1 -1
rake yball 1 0.03 -0.155 -1 -1 0.029986133465529648 -0.2585932507027819 -1 -1
rake yball 1 0.03 -0.155 -1 -1 0.029982904074442616 -0.25859358388364634 -1 -1
rake yball 1 0.03 -0.155 -1 -1 0.02811835465935092 -0.25783954321263197 -1 -1
rake yball 1 0.03 -0.155 -1 -1 0.028184239748254306 -0.2578488751666188 -1 -1
rake yball 1 0.03 -0.155 -1 -1 0.02997386465059442 -0.2586499905442726 -1 -1
rake yball 1 0.03 -0.155 -1 -1 0.029993995926467593 -0.25873265624821934 -1 -1
rake yball 1 0.03 -0.155 -1 -1 0.029963384944500356 -0.25868458237949893 -1 -1
rake yball 1 0.03 -0.155 -1 -1 0.02998090034288769 -0.25883081543254005 -1 -1
rake yball 1 0.03 -0.155 -1 -1 0.02996470085889276 -0.2588334036550252 -1 -1
rake yball 1 0.03 -0.155 -1 -1 0.029979345318469883 -0.25870156242434267 -1 -1
rake yball 1 0.03 -0.155 -1 -1 0.02997119035921187 -0.2588177980358108 -1 -1
rake yball 1 0.03 -0.155 -1 -1 0.02813049888562393 -0.25783581084234697 -1 -1
rake yball 1 0.03 -0.155 -1 -1 0.029973216016073466 -0.25865580849709185 -1 -1
rake yball 1 0.03 -0.155 -1 -1 0.02857897987133495 -0.2580606707680739 -1 -1
rake yball 1 0.03 -0.155 -1 -1 0.029975185349087833 -0.2586483795060711 -1 -1
rake yball 1 0.03 -0.155 -1 -1 0.02994638636511855 -0.25878887487373364 -1 -1
rake yball 1 0.03 -0.155 -1 -1 0.028328944223451936 -0.25789920374393077 -1 -1
rake yball 1 0.03 -0.155 -1 -1 0.02997868241244016 -0.25886070061632704 -1 -1
rake yball 1 0.03 -0.155 -1 -1 0.029974432610932366 -0.2588125939376593 -1 -1
rake yball 1 0.03 -0.155 -1 -1 0.029988014871509417 -0.2585318675397911 -1 -1
rake yball 1 0.03 -0.155 -1 -1 0.02998936566783022 -0.2587206780233283 -1 -1
rake yball 1 0.03 -0.155 -1 -1 0.029971171420464557 -0.2588433724566422 -1 -1
rake yball 1 0.03 -0.155 -1 -1 0.028401424203576293 -0.25798586380768496 -1 -1
rake yball 1 0.03 -0.155 -1 -1 0.027976660101918523 -0.2578630644996896 -1 -1
rake yball 1 0.03 -0.155 -1 -1 0.029984687302526132 -0.2587729891934273 -1 -1
rake yball 1 0.03 -0.155 -1 -1 0.029961024703820754 -0.25880947931321746 -1 -1
rake yball 1 0.03 -0.155 -1 -1 0.029985496635212598 -0.2587097126963242 -1 -1
rake yball 1 0.03 -0.155 -1 -1 0.030011514849106566 -0.2586376535794573 -1 -1
rake yball 1 0.03 -0.155 -1 -1 0.028154417640509796 -0.25785841576692853 -1 -1
rake yball 1 0.03 -0.155 -1 -1 0.029981308712768055 -0.25877817228505473 -1 -1
rake yball 1 0.03 -0.155 -1 -1 0.029989199302745424 -0.25889191016431434 -1 -1
rake yball 1 0.03 -0.155 -1 -1 0.029972571871788936 -0.25861918187005345 -1 -1
rake yball 1 0.03 -0.155 -1 -1 0.029988216474550043 -0.25889055082632106 -1 -1
rake yball 1 0.03 -0.155 -1 -1 0.029986149498306178 -0.25859319757832333 -1 -1
rake yball 1 0.03 -0.155 -1 -1 0.029980080301556033 -0.25869629292891744 -1 -1
rake yball 1 0.03 -0.155 -1 -1 0.02999288279856639 -0.25872988709400313 -1 -1
rake yball 1 0.03 -0.155 -1 -1 0.02996483701021074 -0.25883431544568086 -1 -1
rake yball 1 0.03 -0.155 -1 -1 0.02997215679679433 -0.2586682671049067 -1 -1
