rake yball 1 0.03 -0.155 -1 -1 -0.014515180523014303 -0.20419586346453175 -1 -1
rake yball 1 0.03 -0.155 -1 -1 0.005185199666718272 -0.24904691310039193 -1 -1
rake yball 1 0.03 -0.155 -1 -1 -0.018677707470319774 -0.30407526469487883 -1 -1
rake yball 1 0.03 -0.155 -1 -1 -0.010039322768792039 -0.22252157077529988 -1 -1
rake yball 1 0.03 -0.155 -1 -1 0.0019000655925202898 -0.2433802296021181 -1 -1
rake yball 1 0.03 -0.155 -1 -1 -0.01121815962731891 -0.21668243609695242 -1 -1
rake yball 1 0.03 -0.155 -1 -1 -0.009196941729039069 -0.22470617558102432 -1 -1
rake yball 1 0.03 -0.155 -1 -1 -0.14181292554588007 -0.30397200255733775 -1 -1
rake yball 1 0.03 -0.155 -1 -1 -0.010293735100722278 -0.23082563959372882 -1 -1
rake yball 1 0.03 -0.155 -1 -1 -0.00682906058800867 -0.23080870852341936 -1 -1
rake yball 1 0.03 -0.155 -1 -1 0.012084498631002197 -0.25612720704667363 -1 -1
rake yball 1 0.03 -0.155 -1 -1 0.035346745656168445 -0.2607882735949928 -1 -1
rake yball 1 0.03 -0.155 -1 -1 0.030132021397372314 -0.25889348580815075 -1 -1
rake yball 1 0.03 -0.155 -1 -1 -0.058724114540825385 -0.32503736425815716 -1 -1
rake yball 1 0.03 -0.155 -1 -1 -0.006467222484096736 -0.2315294119196721 -1 -1
rake yball 1 0.03 -0.155 -1 -1 0.028592413191890625 -0.2580477807648793 -1 -1
rake yball 1 0.03 -0.155 -1 -1 0.02325612625934579 -0.2566500500078083 -1 -1
rake yball 1 0.03 -0.155 -1 -1 -0.0106447111443141 -0.21985433069241245 -1 -1
rake yball 1 0.03 -0.155 -1 -1 0.05361127092112367 -0.26545148040881367 -1 -1
rake yball 1 0.03 -0.155 -1 -1 0.038027592678968596 -0.26175627251577605 -1 -1
rake yball 1 0.03 -0.155 -1 -1 0.0024719940288880685 -0.242906701390688 -1 -1
rake yball 1 0.03 -0.155 -1 -1 0.014712809802257166 -0.2522736131399269 -1 -1
rake yball 1 0.03 -0.155 -1 -1 0.010931992001448426 -0.2586481952445007 -1 -1
rake yball 1 0.03 -0.155 -1 -1 -0.009904130987097866 -0.22231383572826482 -1 -1
rake yball 1 0.03 -0.155 -1 -1 0.013196360822561105 -0.25186165894787954 -1 -1
rake yball 1 0.03 -0.155 -1 -1 0.029049621618822092 -0.2583783551953005 -1 -1
rake yball 1 0.03 -0.155 -1 -1 -0.017894101174435302 -0.211446764641391 -1 -1
rake yball 1 0.03 -0.155 -1 -1 -0.0505583135260258 -0.3316495989357133 -1 -1
rake yball 1 0.03 -0.155 -1 -1 0.04741267327829216 -0.2715897944930912 -1 -1
rake yball 1 0.03 -0.155 -1 -1 0.029941845989781057 -0.2588199192622854 -1 -1
rake yball 1 0.03 -0.155 -1 -1 -0.025296733912815707 -0.2612347982318084 -1 -1
rake yball 1 0.03 -0.155 -1 -1 -0.005777833043152171 -0.2820855384236186 -1 -1
rake yball 1 0.03 -0.155 -1 -1 0.026082085044401987 -0.25784212134262363 -1 -1
rake yball 1 0.03 -0.155 -1 -1 0.054239022677590495 -0.26406862554839167 -1 -1
rake yball 1 0.03 -0.155 -1 -1 -0.0653603410806698 -0.3297614933975645 -1 -1
rake yball 1 0.03 -0.155 -1 -1 -0.0261697039171417 -0.289113607266892 -1 -1
rake yball 1 0.03 -0.155 -1 -1 0.03272111071287105 -0.260267986072537 -1 -1
rake yball 1 0.03 -0.155 -1 -1 -0.0007980859558313531 -0.24181953472959122 -1 -1
rake yball 1 0.03 -0.155 -1 -1 -0.015114359625969534 -0.2179388136753594 -1 -1
rake yball 1 0.03 -0.155 -1 -1 0.005924435008005294 -0.2504719148057627 -1 -1
