22.7639342216182
0.9367214356515718
282.5077981863959
0.16083656015370354
0.5500629224565666
0.4062835914934214
0.12198652783015712
0.1800974557249388
42.772010198666635
0.5826426573736139
391.6214553246549
0.5428772977218307
0.46924346978835574
0.30830481143879784
0.03232373562646314
0.31642185449173404
5.835971671296977
0.7114075487423495
378.0364310752248
0.5519935812213171
0.6114409876358086
0.35037796013052425
0.05481544832208127
0.42965780148563126
6.880635686417991
0.4918974742417519
164.64935451569283
0.5123774613884393
0.7161906442805345
0.4461871388842704
30.784411697334235
0.26975948780428444
23.445956858196233
0.7078100598554794
366.2799191857297
0.2932279182315889
0.513382623720174
0.28370936067654895
0.026240812296308785
0.1815480675761715
7.621243985808686
0.4948286482982485
365.28978610749084
0.3232120206797433
0.4725576921367735
0.31897075512669704
0.20192944484734168
0.27468097493739974
15.1300426307694
1.071126042086667
383.7356547784197
0.37522026627847216
0.4290067093655
0.16506405388738912
0.19615885904119013
0.2993153269376355
6.814863078110712
0.9962367244192313
413.45519305410505
0.3637908500775633
0.5455255028214123
0.11736502964278334
0.0940322771903124
0.5315885062956822
5.492497564591886
0.7486422527388619
331.4005626095411
0.4523021208432233
0.7501383009530778
0.18424442993050016
0.04449315743456464
0.25349202329188936
11.412422548709376
0.8615125509388809
325.5018731774422
0.4238557782001616
0.3479572952254118
0.37024226229982393
0.1987968247728044
0.3917405102485825
13.028290422874413
0.5860148415267185
347.1077859198585
0.13359484460452364
0.5018980807422342
0.5329619402036461
0.31047576050757675
0.3472848645345562
10.022345486107195
0.7550281760571493
514.3599710690623
0.4990364162120292
0.8538112321828819
0.39366128451249605
0.015994390730044605
0.2776046631761445
12.938858234953232
0.783019055968333
238.19085764351513
0.21655105436658525
0.2923351028702029
0.6983659280091742
1.4486593761205673
0.2291593863810781
86.21569250964848
0.7110430233848489
329.9487066911262
0.45123397365547413
0.4463254617431972
0.19791182739664467
1.1145516779241849
0.40300057420530705
27.515279997169074
0.687909806281501
333.9349054824225
0.9591631035713217
0.4173829799594234
0.21260775513101757
0.05332312642213355
0.14203319386837332
21.538412042769103
0.5283675998078646
347.72452728751176
0.6348024634597649
0.3621180417148479
0.28250187958877415
0.1080248715449198
0.2470122619407332
8.009321914070815
0.8442431184630994
249.5735283897628
0.3619295628777325
0.552690110284965
0.1983831372545419
0.009063719649953637
0.24252226885590608
313.45181124412727
0.6970564795194432
390.6838607251328
0.5012409895887524
0.5593478549024973
0.1555309931548713
0.0153449781147891
0.32401464179276007
12.036526655895065
0.4789733726749602
221.32627634388334
0.3304060288782201
0.45542912709559735
0.29513410857663597
0.052989297810548494
0.23972724134904067
12.782435457740567
0.9189640470616548
222.66202011545238
0.3646331130522307
0.4128925625267902
0.387990742220155
0.13696798394395432
0.3920507699928838
8.72326290159718
0.7497779882496098
343.30028357150167
0.21429283715115927
0.5505540953929887
0.27020062275931334
0.14865556355664622
0.19096105114149003
14.324625324916882
0.723537932751596
242.9080353675256
0.3786093466791439
0.4298985765618806
0.20432954366564496
0.03460580203487122
0.2098205999596429
8.174551578894942
0.6802473261447146
318.9268654659906
0.7798136772042957
0.43587808450740684
0.22252186033834676
0.12945498056433216
0.18869267883255683
8.211469424752885
0.8623963440081853
461.4135312999702
0.38262693882589743
0.8516697198780327
0.4743316298751439
33.307953005297875
0.2461282829096968
7.271330222854383
1.1620224878962033
420.34028092072526
0.8775601464647909
0.38324003544950613
0.19733294249836936
0.04999904277952741
0.15704083361893617
9.426904375554344
0.6074585555197682
494.83737480614394
0.4606231076211046
1.1671818374358993
0.331206835382695
0.13675543451543506
0.23505384631913706
40.39574233094646
0.7890120338019944
349.2672043679987
0.42399659751465274
0.4333699981210467
0.510968443593705
0.013618954232356512
0.22740354208886948
11.959216145282463
0.6535057880515784
326.42783698293806
0.5011987666225528
0.45353082769437486
0.21722262173904097
0.14178339863269848
0.16392366128887909
119.62270193670075
0.8649873461015894
541.8623348504783
0.3406214897580332
0.6675679332216967
0.514265485891559
0.049131122567669605
0.26565006093782517
107.47998161352018
0.6516902319434987
270.73993701226846
0.6419325660441542
0.5040840726086169
0.3819460745792894
0.053000791793257535
0.24135804495277627
