0.6576757061487624
1.6179232757526143
16.662114663606335
0.6192427748225509
0.09304792374330016
0.08543734743781153
0.19412413059209976
0.14300218928053582
0.14895819447906145
4.9195071146322835
1.3149939459490525
0.57698734846768
1.620274680789795
0.16077484865217967
0.1836991517784768
0.03996900670385925
0.09523328123763089
10.820279307768352
0.9323751112519916
0.49183037029439614
0.11155039315687795
0.06937601797425917
0.15502857445815316
0.2743589118012424
0.3198778672010897
2.4312590517982366
1.4464820201401332
0.297659525978028
1.8180527427440507
0.153836416498211
0.19692837582572076
0.2285683939539811
0.17481333211342925
5.167980874797676
1.261807676368232
0.3499637879139068
1.6156113834960355
0.10967643875951383
0.140142528237283
0.37549863815811957
