0.03023523961434979
5.5774805162615655
1.808870608705885
0.25785636958349123
1.4577704343162876
0.22285278163746755
0.26216955672518183
0.46231481922119155
0.39132091069314223
2.901097600723013
1.1796662254623387
0.5623117327572185
0.24988128456429065
0.1376549765785356
0.2718534466525335
0.38631073146444933
0.15615959386832307
4.938767630206549
0.7096492439672983
0.33554677187289483
0.13826699689263391
0.052858920579190394
0.16288069543663658
0.32506227568003065
0.594409182086056
2.611506867001337
0.982200702553844
0.3923354791262512
1.6078465155476407
0.2745700368480807
0.18175596460590332
0.7622494903747901
0.31357553920557396
3.195671050378441
5.200387455163947
0.2680803613792959
1.9165333904065938
0.028598978526440666
0.07931524085387293
0.2823923670565884
0.4675804970409737
6.282799008028723
1.8464019228640014
0.28739436786616257
2.113389718462474
0.03524778038515222
0.2901433575500565
0.15621853804920005
0.21081045219450623
7.918221658229396
3.2618389525981897
0.5220583210942544
1.5377982732723865
0.0886812430753085
0.16708352800129056
0.11559668949447058
0.30821147487649225
3.628972919114596
1.8245379018022834
0.4164357055369137
0.26834037466837285
0.12030338631902404
0.21742043975049508
0.3794771781150693
0.32127881722741153
2.850473804985668
0.6115393627689014
0.6853232315518258
1.599385001068297
0.16758112501035333
0.14753684183480165
0.13787539339313604
0.2254680255111986
3.221661132101203
0.06432209937170796
0.3356022305275331
2.4601346482684807
0.09210989242091605
0.1343496566013302
0.12914435579184813
0.14519590420389544
3.506459880513696
1.036548053503008
0.2144523184640566
0.34158957099753295
0.1523928741945157
0.3015621765124752
0.10114539087006785
0.2279574801835097
22.170011824191548
1.0396326472984025
0.3316507027852057
0.2550391685004204
0.08060554863746389
0.10744390690844094
0.8130225282033852
0.2773175888087269
2.0996901667685615
1.2147019142080455
1.056407516524363
1.8980922066677601
0.6119410474565503
0.1364274264018614
0.319357106988993
0.154167552462733
5.127425056065017
0.20243884325741762
0.22622592625409393
0.4025424322171025
0.06486294183879975
0.17802998706950504
0.24758910781563892
0.37599481104118515
8.719250520670581
0.7589999091184014
0.5881141714459455
1.882481310406813
0.249395698351014
0.3508448934420971
0.14207672776350996
0.677986841533465
8.105535329303756
2.452952253495668
0.36266883725362364
1.6489912461307341
0.0760050934869333
0.11940159757919783
0.09783616620840865
0.19441662277789917
9.61793111805886
1.060487403293253
0.6017929967811506
1.5382714026772901
0.13496516355520505
0.19642236355723836
0.03982875730656346
0.5141288344915488
4.847457874371058
1.4009402305093417
0.5496947055898751
1.613067097862331
0.11976521638781654
0.13870573083397594
0.5362763095173095
0.2098837375669249
4.223668403547845
0.9052280957120978
0.5855486985027185
1.6035471165388886
0.17181410338021103
0.24940679643358188
0.23961492644086813
0.6215198849472328
3.4142650673805983
1.4595521832693032
0.8240594178865286
1.6013920550531517
0.09364627579929055
0.15839832952349342
0.8391344649119883
0.5054115419056815
5.14179363600187
2.049782752501157
0.5295419730586656
0.2856985426312245
0.09679244058829797
0.0845834466920675
0.569233019544049
0.1369626061713347
4.362353981849911
1.1798508006651989
0.7795811255684436
1.9566915620344534
0.2622517507023854
0.11715611680349602
0.26879522423819635
0.18551167534911644
4.339411759842563
0.011129565405944723
0.3945464898236126
1.5661227481586284
0.09048544170525716
0.17812391576054756
0.17964601428720647
0.1865824799997518
5.146593916584314
1.6063352394250439
0.3128649017348083
0.3552780029673518
0.17386820408746223
0.1483259782356569
0.4301354155882219
0.7422994974813162
4.312252425640388
1.6479400008319578
0.6085753890759569
1.5885944231115319
0.04967474694586803
0.2045612212746657
0.5156746327634982
0.09204325346154524
4.658795542698023
1.3069576596418466
0.09513954552624054
2.1303623498123905
0.1026146354327861
0.22127561189197498
0.16625463024133233
0.09471037940968
2.4931650499729487
0.9520720243828302
0.8802687204953443
2.0487893664357006
0.18197678484345886
0.1379032435662827
0.21576106587656477
0.13481019357474205
3.8494008070195678
1.449042306188454
0.628187901917327
0.29067816652221434
0.04406691090552636
0.26453595276010355
0.25620783423378274
0.15138089187187542
5.626493722468447
1.167675445001905
0.8804393615781865
0.21893882483482047
0.010958713871273333
0.07907970292000212
0.12335429187896052
0.44682387834740445
2.536248123578389
1.3892974328309267
0.40928477560395227
0.3515812628282328
0.09001163012956592
0.30958424790922984
0.4972418231804343
0.16403882814671933
2.679264140753046
1.3185744611025174
0.7772077193029063
0.3270638146191044
0.23663380160980552
0.13539738501756005
0.300393743126841
0.16677113559433848
7.4068373227096
2.0883768741535267
1.2619566022266466
1.5867001493807527
0.141385142552726
0.11402461478187864
0.11628699660354042
0.14665275367688435
5.82021352553123
1.5342399414439594
0.2660331999488565
0.16328283841986319
0.14590880628083305
0.40319168748779993
0.5567278994065821
0.251351699171048
5.987579986792544
1.5476827407560831
0.6123628608594607
0.12297602064940999
0.12686027619899629
0.0860335073049081
0.20754850105710448
0.3898746783693927
3.4998043668606442
1.5308566053162433
0.8047573001661998
0.2617804480353135
0.09606270250749893
0.11191842817038722
0.15115906929196482
0.33445460182256803
2.100426627270938
1.7403102621083315
0.3960256750169451
1.5675754991999131
0.10631018256425745
0.1516995381964351
0.11135663972264584
0.2277868847330176
3.0586575713667896
1.3858058649473306
0.13571851906755525
1.5819427586275534
0.013987737650704893
0.08090215845426332
0.5475067629811622
0.5125109097048395
8.008485841626388
0.7049618262920345
0.37529216716852287
1.5241164075853644
0.3001118703928256
0.16163707243473804
0.16093369899987597
0.21721710119343712
4.6940578682010194
1.4688477713031851
0.452902569202882
0.10179136705783981
0.1645718517501929
0.07238487914254227
0.15922163797338118
0.2002826847095771
4.355796645510158
1.157268841587193
0.2516804808686001
2.051573060267729
0.6373223244168446
0.1945340810784421
0.17243231210736124
0.16607863893457295
3.9067683648156306
1.1512576297409165
0.2617540512089316
0.27599649621323996
0.05605753052987128
0.2508990272905408
0.13435387126095005
0.2737437568576204
5.490307482737002
1.1701024434930765
0.4484851992622602
0.19312028253657784
0.07857633149374912
0.03988685060752031
0.20299501808135562
0.49903129307863536
4.985390716414301
0.91951512531394
0.5728080825761988
0.18682166597796318
0.16176408076744253
0.2339435536581665
0.17070184666519686
0.22487943318026782
3.411502536040164
1.154131526111918
0.36024903236346445
1.8784496620184354
0.3010538140208149
0.27908810250820626
0.21784324495351778
0.35441695207288976
5.800879467803937
0.9937218472125654
0.3156187326773894
0.42554698187821627
0.07104312143155567
0.22287838314958774
1.0926428588044235
0.2789301322659111
12.565459608137036
0.8638077286326741
0.20293461192447965
1.5770227445516865
0.13214108567585325
0.09728140333540772
0.6702706155922221
0.27740627862242995
2.635274336540248
1.0609151715391099
0.48242075939515794
0.3401780910591946
0.07434366571698264
0.09761923153043311
0.15579099944944702
0.21645145435250723
3.5084435558917875
1.4687212634744955
0.5349981808540824
0.13023006231869483
0.11780199848756934
0.2746753892345126
0.1517932035509112
0.46448840261776103
5.987457040729805
0.9870104354365731
0.10254179166754518
1.8815841019985173
0.07241186487128476
0.07918657618542485
0.939390040550238
0.2058023446328331
2.7144681497425567
1.5939190549482403
0.5596246890777035
0.15623751688028809
0.17410388545735567
0.19679798470015966
0.7041620663860073
0.4000977083520635
3.3621323796601024
0.7577848857259051
0.2658373137893516
0.1774304267636599
0.04433434166288808
0.0943086342595601
0.13958100861044215
0.40588913766000245
2.826233933488206
1.794975105483691
0.45018179695292765
1.6912079749468625
0.05650138607742973
0.17634471770911148
0.13884495063461844
0.20699620263731788
10.450589924164557
1.4553842872569827
0.43515305654155756
1.5521307393921493
0.06954089199286262
0.09903546695616583
0.29426474960685045
0.30229500422215305
4.243819630567971
0.45342635445482476
0.3505891627109769
1.5065399658024474
0.1874538000397643
0.2632767933809026
0.7376179650397894
0.2715045733235618
2.4010674943838035
4.7191640617333555
0.7565839469419715
0.1726512430791436
0.13859462525768135
0.32677645901989427
0.4340436756930132
0.09565659857472553
12.44816804592218
1.2756055248123563
0.4625349434816598
1.9210968300083135
0.1782736960434454
0.16667500291147047
0.11076918684131054
0.20584656383388966
6.375869733487158
1.2632032928667933
0.9146540469270138
1.9250478528325483
0.07646829449585937
0.20674424587351542
0.5066916891046438
0.2376098615999072
10.845127582486388
0.8566750595419351
0.14210262836234056
0.2886397325776595
0.07692801603679644
0.18186312096057566
0.7367637713839427
0.2304693920693712
9.076864964432048
1.4890181782605305
0.33946319975504785
2.0201434414801573
2.6365898213394
0.15527376337858223
0.11237339498487317
0.21029542025406323
3.9258350956515953
1.284723759691405
0.219464198126739
1.5914311108759585
0.05193126560546621
0.1545599407336805
0.3687705975154476
