hook bball 1 0.06 -0.075 -1 -1 0.05613775832104547 -0.20310381849350348 -1 -1
hook bball 1 0.06 -0.075 -1 -1 0.06379608687283093 -0.19915230366500952 -1 -1
hook bball 1 0.06 -0.075 -1 -1 0.06135574123523896 -0.1963667149033117 -1 -1
hook bball 1 0.06 -0.075 -1 -1 0.057757900229581834 -0.19644950351296603 -1 -1
hook bball 1 0.06 -0.075 -1 -1 0.05776995305148233 -0.2044814817589447 -1 -1
hook bball 1 0.06 -0.075 -1 -1 0.06048462703941469 -0.2015625671504718 -1 -1
hook bball 1 0.06 -0.075 -1 -1 0.06112675183796402 -0.1963727439069023 -1 -1
hook bball 1 0.06 -0.075 -1 -1 0.05938620219667127 -0.19649207694686194 -1 -1
hook bball 1 0.06 -0.075 -1 -1 0.06005397806483172 -0.19631260031066974 -1 -1
hook bball 1 0.06 -0.075 -1 -1 0.06224682294492642 -0.19636064580914292 -1 -1
hook bball 1 0.06 -0.075 -1 -1 0.06200037724512482 -0.20419234312993517 -1 -1
hook bball 1 0.06 -0.075 -1 -1 0.06115327590690049 -0.19625674965602732 -1 -1
hook bball 1 0.06 -0.075 -1 -1 0.0579942231926559 -0.19625347872910318 -1 -1
hook bball 1 0.06 -0.075 -1 -1 0.05977856459152789 -0.19634974277519177 -1 -1
hook bball 1 0.06 -0.075 -1 -1 0.06036688171935737 -0.19639816753744374 -1 -1
hook bball 1 0.06 -0.075 -1 -1 0.06275242781832278 -0.20050050394619284 -1 -1
hook bball 1 0.06 -0.075 -1 -1 0.060210532759661345 -0.19630526138834895 -1 -1
hook bball 1 0.06 -0.075 -1 -1 0.0637390680375846 -0.19630449595752142 -1 -1
hook bball 1 0.06 -0.075 -1 -1 0.06158032777960899 -0.19984695692530718 -1 -1
hook bball 1 0.06 -0.075 -1 -1 0.060313513930401894 -0.20440524489465026 -1 -1
hook bball 1 0.06 -0.075 -1 -1 0.0625809648776296 -0.19629916257430982 -1 -1
hook bball 1 0.06 -0.075 -1 -1 0.06180372333324804 -0.2006708240498275 -1 -1
hook bball 1 0.06 -0.075 -1 -1 0.05984931617566627 -0.1964093996857115 -1 -1
hook bball 1 0.06 -0.075 -1 -1 0.06230314369650204 -0.20206802262839474 -1 -1
hook bball 1 0.06 -0.075 -1 -1 0.05720285799600184 -0.196387433091436 -1 -1
hook bball 1 0.06 -0.075 -1 -1 0.05595849507695182 -0.19634015396152962 -1 -1
hook bball 1 0.06 -0.075 -1 -1 0.05646886327409367 -0.19646881565277316 -1 -1
hook bball 1 0.06 -0.075 -1 -1 0.06040479715935659 -0.19634168166287935 -1 -1
hook bball 1 0.06 -0.075 -1 -1 0.06191568091380581 -0.2008857415687378 -1 -1
hook bball 1 0.06 -0.075 -1 -1 0.05924676813037824 -0.19632428303575472 -1 -1
hook bball 1 0.06 -0.075 -1 -1 0.06398639967006611 -0.2014976222777759 -1 -1
hook bball 1 0.06 -0.075 -1 -1 0.06325910061423316 -0.19624661928141499 -1 -1
hook bball 1 0.06 -0.075 -1 -1 0.06420102733284633 -0.20581213417855093 -1 -1
hook bball 1 0.06 -0.075 -1 -1 0.05848568805961916 -0.196404630651394 -1 -1
hook bball 1 0.06 -0.075 -1 -1 0.05778266048548971 -0.20142578207162445 -1 -1
hook bball 1 0.06 -0.075 -1 -1 0.06067092750584911 -0.19630023248372297 -1 -1
hook bball 1 0.06 -0.075 -1 -1 0.05646384681944877 -0.19635954565043973 -1 -1
hook bball 1 0.06 -0.075 -1 -1 0.05632170572840402 -0.196507447509469 -1 -1
hook bball 1 0.06 -0.075 -1 -1 0.05789404355787213 -0.196332957027707 -1 -1
hook bball 1 0.06 -0.075 -1 -1 0.06099408869565605 -0.19640431499910813 -1 -1
hook bball 1 0.06 -0.075 -1 -1 0.05511418316965988 -0.19931978881700377 -1 -1
hook bball 1 0.06 -0.075 -1 -1 0.06254319005687789 -0.19632330570862083 -1 -1
hook bball 1 0.06 -0.075 -1 -1 0.06085049353042316 -0.19631792360520972 -1 -1
hook bball 1 0.06 -0.075 -1 -1 0.05822129522097314 -0.19633874327599038 -1 -1
hook bball 1 0.06 -0.075 -1 -1 0.06240314475333846 -0.19663914949635009 -1 -1
hook bball 1 0.06 -0.075 -1 -1 0.06013044879018304 -0.2026475093860043 -1 -1
hook bball 1 0.06 -0.075 -1 -1 0.058219799406346744 -0.20344216193922404 -1 -1
hook bball 1 0.06 -0.075 -1 -1 0.060945598376472676 -0.19626269194288137 -1 -1
hook bball 1 0.06 -0.075 -1 -1 0.06191742330683818 -0.19645608041000365 -1 -1
hook bball 1 0.06 -0.075 -1 -1 0.059898545750200496 -0.1964055721546241 -1 -1
hook bball 1 0.06 -0.075 -1 -1 0.06175181946175777 -0.19641708611198652 -1 -1
hook bball 1 0.06 -0.075 -1 -1 0.0606944083169899 -0.20060979672701368 -1 -1
hook bball 1 0.06 -0.075 -1 -1 0.059122381167379154 -0.19632617670650485 -1 -1
hook bball 1 0.06 -0.075 -1 -1 0.05968932674945608 -0.1963752854228652 -1 -1
hook bball 1 0.06 -0.075 -1 -1 0.05905760735594108 -0.19639241122486104 -1 -1
hook bball 1 0.06 -0.075 -1 -1 0.060336631473575215 -0.19644066520534512 -1 -1
hook bball 1 0.06 -0.075 -1 -1 0.053554523131479057 -0.2024548900281502 -1 -1
hook bball 1 0.06 -0.075 -1 -1 0.06232388929565962 -0.19633306597233177 -1 -1
hook bball 1 0.06 -0.075 -1 -1 0.05833130229930252 -0.19628177276839442 -1 -1
hook bball 1 0.06 -0.075 -1 -1 0.06147248683931213 -0.19638901976178783 -1 -1
hook bball 1 0.06 -0.075 -1 -1 0.05767847081972364 -0.1964943222200864 -1 -1
hook bball 1 0.06 -0.075 -1 -1 0.06264831440175848 -0.2006740021254581 -1 -1
hook bball 1 0.06 -0.075 -1 -1 0.060261251797824114 -0.19633918587259705 -1 -1
hook bball 1 0.06 -0.075 -1 -1 0.0635052897056343 -0.1963142929368843 -1 -1
hook bball 1 0.06 -0.075 -1 -1 0.056672066421340594 -0.1963819501475981 -1 -1
hook bball 1 0.06 -0.075 -1 -1 0.06380729377169836 -0.1964352449832827 -1 -1
hook bball 1 0.06 -0.075 -1 -1 0.060456712441628396 -0.19632457755196997 -1 -1
hook bball 1 0.06 -0.075 -1 -1 0.05729075196489669 -0.19673922537693603 -1 -1
hook bball 1 0.06 -0.075 -1 -1 0.05727052630137281 -0.19633114819750977 -1 -1
hook bball 1 0.06 -0.075 -1 -1 0.06074679516057497 -0.1964297590855476 -1 -1
hook bball 1 0.06 -0.075 -1 -1 0.060880481665726925 -0.19635267616579347 -1 -1
hook bball 1 0.06 -0.075 -1 -1 0.05936967521310222 -0.19629777800991968 -1 -1
hook bball 1 0.06 -0.075 -1 -1 0.06456861726333338 -0.19634473806721317 -1 -1
hook bball 1 0.06 -0.075 -1 -1 0.06273440404316709 -0.1964082625445213 -1 -1
hook bball 1 0.06 -0.075 -1 -1 0.05771365885313404 -0.19632713774408644 -1 -1
hook bball 1 0.06 -0.075 -1 -1 0.061703696907600476 -0.196274986365351 -1 -1
hook bball 1 0.06 -0.075 -1 -1 0.06441561258548092 -0.19638824905123717 -1 -1
hook bball 1 0.06 -0.075 -1 -1 0.061153537635268984 -0.19648013715833967 -1 -1
hook bball 1 0.06 -0.075 -1 -1 0.05777945272850125 -0.19634980009927996 -1 -1
hook bball 1 0.06 -0.075 -1 -1 0.06271255234214732 -0.19638223794720705 -1 -1
hook bball 1 0.06 -0.075 -1 -1 0.060788324269754265 -0.1962428045090773 -1 -1
hook bball 1 0.06 -0.075 -1 -1 0.05789629318647059 -0.19638325509829496 -1 -1
hook bball 1 0.06 -0.075 -1 -1 0.05961663033226901 -0.19651828377302544 -1 -1
hook bball 1 0.06 -0.075 -1 -1 0.059681832570842405 -0.19629377247804178 -1 -1
hook bball 1 0.06 -0.075 -1 -1 0.06236569661276478 -0.19629561984326838 -1 -1
hook bball 1 0.06 -0.075 -1 -1 0.06062760483125187 -0.19633150647713532 -1 -1
hook bball 1 0.06 -0.075 -1 -1 0.06032193003274818 -0.19650130590402615 -1 -1
hook bball 1 0.06 -0.075 -1 -1 0.056240581918846434 -0.19638608880555786 -1 -1
hook bball 1 0.06 -0.075 -1 -1 0.057777623364774176 -0.19635627495825847 -1 -1
hook bball 1 0.06 -0.075 -1 -1 0.06040284619505632 -0.19649458489458507 -1 -1
hook bball 1 0.06 -0.075 -1 -1 0.05722064202985235 -0.19640173727562532 -1 -1
hook bball 1 0.06 -0.075 -1 -1 0.059089622481102846 -0.20060403998519918 -1 -1
hook bball 1 0.06 -0.075 -1 -1 0.059527486049913376 -0.19641135346083635 -1 -1
hook bball 1 0.06 -0.075 -1 -1 0.06037675938745912 -0.19633686385727003 -1 -1
hook bball 1 0.06 -0.075 -1 -1 0.058610151476014415 -0.19638620982115196 -1 -1
hook bball 1 0.06 -0.075 -1 -1 0.05986933288549153 -0.19640675419719558 -1 -1
hook bball 1 0.06 -0.075 -1 -1 0.05735347198568989 -0.19647847238865895 -1 -1
hook bball 1 0.06 -0.075 -1 -1 0.06030830245388288 -0.1962925137660542 -1 -1
hook bball 1 0.06 -0.075 -1 -1 0.059328140380410496 -0.20233605235590482 -1 -1
hook bball 1 0.06 -0.075 -1 -1 0.0591971885277622 -0.19638018860521653 -1 -1
