3.278239361269626 0.0001105813790788045 0.015312561870170594 0.1036068387025384
0.31099714716823446 0.0004030225462364796 0.134066298659401 0.12443667072398557
3.6282670846410303 0.0009222678536740268 0.03174141474018674 0.12219045653316153
3.778571399703695 0.0007709364087610462 0.19265101440767352 0.10032750906233442
0.7983516458716307 0.00032383151119223086 0.1453209615867436 0.11816050300536977
0.10804886845392365 0.0009285377137643254 0.13342090504947257 0.12717287238561725
3.840200488987212 0.0002898629854849554 0.06175130651432786 0.09698299933337291
3.553958226689867 0.0007507258331588933 0.10061470111135334 0.10508815166185109
1.4561187250941932 0.0008762145412827579 0.1912593910121458 0.12175143944871661
0.07354661600592707 6.972551746286634e-05 0.0151547634763023 0.12716644848476105
4.439718584416367 0.00019129045573645334 0.17192589005988224 0.105620377701155
3.3731397358389836 0.0004706920738085298 0.18572717886698956 0.10534085191814858
5.0 3.256289754893646e-05 0.04075852734657217 0.10265531732524837
5.0 0.0006419419854021536 0.1374200883146585 0.0995629518225051
5.0 0.001 0.2 0.12680589933739064
5.0 0.0003825102048807176 0.0001 0.09159563599051221
5.0 0.00023469851459747488 0.0001 0.08706583654913094
3.3236350108210986 0.0005469504673078747 0.000699810015310466 0.09776524296601269
4.965101341550772 0.0005088640953021905 0.0012032744158654298 0.11410852637206655
4.996080566866542 5.367485658455824e-06 0.007305997890914325 0.08840267350735542
5.0 1e-12 0.008183777320022201 0.08567457065352305
4.943649254523229 1.1207753836555236e-05 0.19541171454567036 0.10309770562387385
2.945143964146482 3.622461241924936e-07 0.004346761254546382 0.10391963534707804
4.981732239661226 6.572988742106774e-06 0.18367520614426752 0.1062306093524851
4.972873940972184 0.00040319951320952417 0.18256461698991291 0.11233722062825101
3.032106840650882 1.287710252814019e-05 0.19874950690088636 0.11570919259071406
4.727849190519336 1.174906273689952e-06 0.007978866599139304 0.09611773017449071
5.0 1e-12 0.0001 0.1066921405738842
0.029012430182714544 0.0009920374659838623 0.012311847294650067 0.1311109098327519
4.976498253408218 0.0009756800205820745 0.005581625345796051 0.11416394908583345
