0.9305087153932542 0.00012996939223575734 0.1616175099100301 0.1379120227611893
1.3291583525250292 0.0008613431784273449 0.11637998054417252 0.14419497401957815
1.4940794236797088 0.0009061375555177016 0.06927441788858558 0.14182575622519275
0.1589982477272996 1.7053111875089123e-05 0.13925440710186468 0.1410551908865266
3.573460339210277 0.0006782433107340378 0.08046307285029528 0.13680442672211887
2.9784814311683374 0.0002559117826244601 0.0729533992389272 0.13297428646501533
0.3525150338162267 8.757615758022269e-05 0.07291187903195527 0.13938012110912845
3.430450739708799 0.0002770836609444426 0.13487300121497647 0.12821917612058698
2.1420964540590313 0.0003987812088983604 0.05194309479971593 0.13446630591013978
0.0977807974985414 0.000560670771044694 0.043691918942323625 0.14177979477903735
5.0 1e-12 0.16715470492557513 0.0882666971305275
5.0 1e-12 0.0001 0.08183017117627363
4.980335540521116 0.0009642248624773576 0.007925336571849604 0.134126489510676
4.951141481267741 0.0003016623120759753 0.009697766376909158 0.13996154006714864
3.9457453691175157 1e-12 0.0001 0.09100141262176872
5.0 1e-12 0.04813787555736632 0.11464354862999046
3.3518746469957197 1.5772650883120773e-06 0.11857693734254941 0.1064107811014995
4.989819996534934 8.712900833745364e-05 0.0381062743644448 0.12429598007498775
5.0 1e-12 0.18550763916325072 0.09843758041179033
4.983410380611104 0.0005110134989363273 0.10391923510653882 0.1303673851692227
0.11794463880101107 0.0009960451031089334 0.08712055068585804 0.14007812952303894
5.0 1e-12 0.1734830430857991 0.1004495427156055
5.0 1e-12 0.1964856932090814 0.10301093974373242
2.722496160518386 2.676656855912683e-06 0.18525293919348523 0.13175507980854703
5.0 1e-12 0.13475059413793028 0.09612003238282367
5.0 1e-12 0.0001 0.08403957743494687
5.0 0.001 0.2 0.14487747790369396
5.0 1e-12 0.0001 0.09711839692191417
2.8985230530600177 1e-12 0.0001 0.11044516058872066
5.0 1e-12 0.0001 0.08587291393302722
