3.7105539954501325 3.55959910474777e-05 0.01862385513316948 0.0903980190317378
0.8007434245674038 0.0008493866074476452 0.17431480347906345 0.10337673656155566
4.691737623665572 0.0008126574296447721 0.1371818099147738 0.10725251734379197
4.080684400992201 0.0002798427032785273 0.06389010630759519 0.1075709232077581
1.0890435627411603 0.000555805287471727 0.08425714257064724 0.09977820645938949
4.143465399462077 0.0009505505651696704 0.005139185493569289 0.10824946542099387
2.807039823367016 0.0008721220973006229 0.06617225228026613 0.1151766416793614
3.707191017887541 1.0852785619969948e-05 0.06512325310069814 0.08751287115897335
1.878511435772892 0.0006406685734173027 0.07661472004185202 0.10637329485394686
2.092690843682702 0.0004987683069003477 0.010659731699776439 0.10898385679419002
0.44548636664970864 1e-12 0.16383169230277977 0.1092028006173612
4.778626143553885 1e-12 0.16407495391804233 0.07302847198103614
0.0818996768113595 0.0003164830898521697 0.19974380768548855 0.11485327079915557
5.0 1e-12 0.0001 0.0753206836120264
5.0 1e-12 0.2 0.09495397051730826
0.04687981470079702 0.0009929713603023518 0.14081976109471755 0.11746077792206297
4.998904585993429 0.00011888648454572096 0.041092834876433296 0.09427245303583491
4.979006595423432 0.000531889918627055 0.09314534445206152 0.10966794322263655
0.011308778310072069 0.0006761404091650905 0.13136584892014064 0.12164345294611204
2.4791571346933936 1.4743337103608368e-06 0.07557604760171036 0.11370295553238016
4.482541699467223 1e-12 0.02053947645960064 0.09046850230230205
5.0 1e-12 0.06323296164225131 0.09556801399483911
1.746793829355491 0.000999822012215667 0.15672693728865184 0.10908448332953526
4.937626381074284 0.0009981457793612133 0.03868844441837135 0.10030475699248
1.4904004968920228 8.724098482354777e-07 0.022778758908928467 0.10610633722833711
4.979597737976062 0.0002538660231364844 0.12819161263278867 0.09761058041789396
4.5993228640093955 1e-12 0.13881011867947393 0.0823045278690162
4.461934888633449 1e-12 0.011474069546704688 0.10313200057642867
0.01744025773607126 4.498430332242733e-06 0.11244989612879332 0.12228609900770061
5.0 1e-12 0.16250086012760856 0.08785690838312026
