4.200015865076252 0.00033896506915920353 0.16796177166556547 0.1077655945178553
3.3165326563110615 0.0001533393452263248 0.025960517600225726 0.12638958326728927
3.4425572801008846 0.0004294332442577524 0.11164039570878823 0.11202392305235309
1.005163293692512 0.0007225801506851142 0.13382683866192902 0.11983766271700283
4.499396490469269 0.000417682350343506 0.11673789605579203 0.10319991556105929
3.7626473767310116 0.0007653715975010479 0.012337879729775769 0.13669662472259525
2.481808739535138 0.0007539529232641397 0.12008806873343016 0.13367820096848643
2.0962730156533036 0.0005875278148933064 0.09393606780572299 0.12754377850580295
0.5351423314595736 2.2071481988268256e-05 0.03261337738024285 0.12147813676447713
3.1532313618274106 6.952402041123093e-05 0.1176041102466974 0.11272760319175185
5.0 0.0004767676437955796 0.15443168575912652 0.1137963011566883
5.0 0.0003789958418408294 0.12003426588489487 0.10670472910533235
4.987511583807586 1e-12 0.021501755810920974 0.08356277944022736
5.0 1e-12 0.2 0.08797886830284796
5.0 1e-12 0.19686164910184278 0.08589302855904435
0.01 0.001 0.185358775486972 0.18583924111244027
5.0 1e-12 0.0001 0.08192819283698236
0.04167829386908798 0.00032950474130655585 0.09021907802358353 0.12171151221720185
0.07482773884222985 0.00048470467211305475 0.009887370908600758 0.118333561484496
5.0 1e-12 0.0001 0.09287244240142235
4.999644460375995 0.0009848329196596843 0.015150607908096069 0.12885731072188314
5.0 1e-12 0.2 0.09086953762124114
5.0 1e-12 0.0001000000000000111 0.08912678280224162
5.0 1e-12 0.2 0.08957511529085906
5.0 1e-12 0.0001 0.09132066189666255
4.997337686486425 9.150688454594898e-05 0.1810810285614159 0.1140500946249518
3.120937333646288 1.671238896857173e-06 0.08962359353787525 0.10299329170520394
0.016745289744157604 0.00018080952261286733 0.06088168521108689 0.14875901837631075
4.983391559407422 0.0006431942511315779 0.16204810343878134 0.120318018382277
4.996870513193105 0.0002417837803771046 0.17841134291285798 0.11525235515775378
