hook bball 3 0.15 0.05 -1 -1 0.2606090754584925 0.06843494942698378 -1 -1
hook bball 3 0.15 0.05 -1 -1 0.2591212666994614 0.0687493342127161 -1 -1
hook bball 3 0.15 0.05 -1 -1 0.25710494784587795 0.07344792227505607 -1 -1
hook bball 3 0.15 0.05 -1 -1 0.26561683927216406 0.06647205541972982 -1 -1
hook bball 3 0.15 0.05 -1 -1 0.24727137155697052 0.0797474000750031 -1 -1
hook bball 3 0.15 0.05 -1 -1 0.25962759540431757 0.06954477781409651 -1 -1
hook bball 3 0.15 0.05 -1 -1 0.25544030694265984 0.0696256758636293 -1 -1
hook bball 3 0.15 0.05 -1 -1 0.25838587385940154 0.06963321872786926 -1 -1
hook bball 3 0.15 0.05 -1 -1 0.2502948330040562 0.07680702915805994 -1 -1
hook bball 3 0.15 0.05 -1 -1 0.2633452626500199 0.06887208800960828 -1 -1
hook bball 3 0.15 0.05 -1 -1 0.26139711278264344 0.06623868471944347 -1 -1
hook bball 3 0.15 0.05 -1 -1 0.2599978585660927 0.06817653821740635 -1 -1
hook bball 3 0.15 0.05 -1 -1 0.25990028669533655 0.06799201712910438 -1 -1
hook bball 3 0.15 0.05 -1 -1 0.2620112120863473 0.06713210582608285 -1 -1
hook bball 3 0.15 0.05 -1 -1 0.25835606270579714 0.06073871520940297 -1 -1
hook bball 3 0.15 0.05 -1 -1 0.2649843262751849 0.06096400156958023 -1 -1
hook bball 3 0.15 0.05 -1 -1 0.2501669018582429 0.07721504580681998 -1 -1
hook bball 3 0.15 0.05 -1 -1 0.26345366075847887 0.06059411393792506 -1 -1
hook bball 3 0.15 0.05 -1 -1 0.2486360555972322 0.07857072105341115 -1 -1
hook bball 3 0.15 0.05 -1 -1 0.25992828807964546 0.06804034459239099 -1 -1
hook bball 3 0.15 0.05 -1 -1 0.26032829409674546 0.06703246324726642 -1 -1
hook bball 3 0.15 0.05 -1 -1 0.26180293102337154 0.06341029096089858 -1 -1
hook bball 3 0.15 0.05 -1 -1 0.2665614545281168 0.06823115300235878 -1 -1
hook bball 3 0.15 0.05 -1 -1 0.2516125983751245 0.07550933822284822 -1 -1
hook bball 3 0.15 0.05 -1 -1 0.24620816205708723 0.08067019956116696 -1 -1
hook bball 3 0.15 0.05 -1 -1 0.26302715333218674 0.06692539610291454 -1 -1
hook bball 3 0.15 0.05 -1 -1 0.2578762475638688 0.06976415755775654 -1 -1
hook bball 3 0.15 0.05 -1 -1 0.25542285045818086 0.07428386346939206 -1 -1
hook bball 3 0.15 0.05 -1 -1 0.25433943318825303 0.07181097976526496 -1 -1
hook bball 3 0.15 0.05 -1 -1 0.2564044131655052 0.06825383855884921 -1 -1
hook bball 3 0.15 0.05 -1 -1 0.2590618684863556 0.07287230811152036 -1 -1
hook bball 3 0.15 0.05 -1 -1 0.26215326615239815 0.06725334457700718 -1 -1
hook bball 3 0.15 0.05 -1 -1 0.26020852522067944 0.06859184348448222 -1 -1
hook bball 3 0.15 0.05 -1 -1 0.25826959923975673 0.06946586606718613 -1 -1
hook bball 3 0.15 0.05 -1 -1 0.26157300045767484 0.06370118723657316 -1 -1
hook bball 3 0.15 0.05 -1 -1 0.2603761110669541 0.06993096864368734 -1 -1
hook bball 3 0.15 0.05 -1 -1 0.2622857105864061 0.07258743070640389 -1 -1
hook bball 3 0.15 0.05 -1 -1 0.2478615919249429 0.07935877996028905 -1 -1
hook bball 3 0.15 0.05 -1 -1 0.24756711632600975 0.07935332811547076 -1 -1
hook bball 3 0.15 0.05 -1 -1 0.26016688259661763 0.07119665595463281 -1 -1
hook bball 3 0.15 0.05 -1 -1 0.2614250859821089 0.06851690717864234 -1 -1
hook bball 3 0.15 0.05 -1 -1 0.2592411539317457 0.07616488675662877 -1 -1
hook bball 3 0.15 0.05 -1 -1 0.2570799657941679 0.0653107914377171 -1 -1
hook bball 3 0.15 0.05 -1 -1 0.2603519688236628 0.07221224525007236 -1 -1
hook bball 3 0.15 0.05 -1 -1 0.2647406041778179 0.06822748855569363 -1 -1
hook bball 3 0.15 0.05 -1 -1 0.26277792799790956 0.06779005106939197 -1 -1
hook bball 3 0.15 0.05 -1 -1 0.25943400237800485 0.06801232548055952 -1 -1
hook bball 3 0.15 0.05 -1 -1 0.25823936577018664 0.06066546031461885 -1 -1
hook bball 3 0.15 0.05 -1 -1 0.26253401789663483 0.0721453086499813 -1 -1
hook bball 3 0.15 0.05 -1 -1 0.2588246526879911 0.07198975477046694 -1 -1
hook bball 3 0.15 0.05 -1 -1 0.2625133033194764 0.06142034228363546 -1 -1
hook bball 3 0.15 0.05 -1 -1 0.26429716964889 0.06407564618219432 -1 -1
hook bball 3 0.15 0.05 -1 -1 0.26303793883301796 0.06286061789337331 -1 -1
hook bball 3 0.15 0.05 -1 -1 0.2573933486738741 0.06469325731036096 -1 -1
hook bball 3 0.15 0.05 -1 -1 0.253530328086444 0.0729684435019794 -1 -1
hook bball 3 0.15 0.05 -1 -1 0.2615874134525 0.06697034278666346 -1 -1
hook bball 3 0.15 0.05 -1 -1 0.2590367221778223 0.07041582195185041 -1 -1
hook bball 3 0.15 0.05 -1 -1 0.2634377122012912 0.06761737680033837 -1 -1
hook bball 3 0.15 0.05 -1 -1 0.2614240805902179 0.0638390741685688 -1 -1
hook bball 3 0.15 0.05 -1 -1 0.2618410289263896 0.06304648450816384 -1 -1
hook bball 3 0.15 0.05 -1 -1 0.25690125048127616 0.07118394934946715 -1 -1
hook bball 3 0.15 0.05 -1 -1 0.24700793085414502 0.0798966250110386 -1 -1
hook bball 3 0.15 0.05 -1 -1 0.2644362941627652 0.062292880496934155 -1 -1
hook bball 3 0.15 0.05 -1 -1 0.25606912283338745 0.0687802441935944 -1 -1
hook bball 3 0.15 0.05 -1 -1 0.256643247075832 0.06647043987866308 -1 -1
hook bball 3 0.15 0.05 -1 -1 0.2573855665247918 0.06982449551522524 -1 -1
hook bball 3 0.15 0.05 -1 -1 0.265795191718674 0.062237302043897366 -1 -1
hook bball 3 0.15 0.05 -1 -1 0.2557848322803661 0.06916397913590608 -1 -1
hook bball 3 0.15 0.05 -1 -1 0.2581740279810463 0.0661007805873481 -1 -1
hook bball 3 0.15 0.05 -1 -1 0.2554629803323828 0.0697583944175907 -1 -1
hook bball 3 0.15 0.05 -1 -1 0.26115294363597114 0.0692450186356702 -1 -1
hook bball 3 0.15 0.05 -1 -1 0.2621680026201558 0.06615175156473 -1 -1
hook bball 3 0.15 0.05 -1 -1 0.25334414115905485 0.07307257631229629 -1 -1
hook bball 3 0.15 0.05 -1 -1 0.2613302302393624 0.07236317236804445 -1 -1
hook bball 3 0.15 0.05 -1 -1 0.2594482090633015 0.06694559729410415 -1 -1
hook bball 3 0.15 0.05 -1 -1 0.26410276207918115 0.06299803117774644 -1 -1
hook bball 3 0.15 0.05 -1 -1 0.25805436057346787 0.062376198581541614 -1 -1
hook bball 3 0.15 0.05 -1 -1 0.26176256444390783 0.06977938163896173 -1 -1
hook bball 3 0.15 0.05 -1 -1 0.26161096362943814 0.06422421437788786 -1 -1
hook bball 3 0.15 0.05 -1 -1 0.2586114664977685 0.06954343408589148 -1 -1
hook bball 3 0.15 0.05 -1 -1 0.2620233520105429 0.06301196214365475 -1 -1
hook bball 3 0.15 0.05 -1 -1 0.25938424991187653 0.06580238793126084 -1 -1
hook bball 3 0.15 0.05 -1 -1 0.2650622773189285 0.07261359574109201 -1 -1
hook bball 3 0.15 0.05 -1 -1 0.2506668714796475 0.07645723821874686 -1 -1
hook bball 3 0.15 0.05 -1 -1 0.2583538817488646 0.0694898122088306 -1 -1
hook bball 3 0.15 0.05 -1 -1 0.2628068870166023 0.06475279327386883 -1 -1
hook bball 3 0.15 0.05 -1 -1 0.2622667641567882 0.06871971313538426 -1 -1
hook bball 3 0.15 0.05 -1 -1 0.257383887663224 0.06449738801183591 -1 -1
hook bball 3 0.15 0.05 -1 -1 0.2550161932593171 0.07430922664096405 -1 -1
hook bball 3 0.15 0.05 -1 -1 0.2595388570361622 0.0692819062480282 -1 -1
hook bball 3 0.15 0.05 -1 -1 0.25694065517040876 0.06586689198067033 -1 -1
hook bball 3 0.15 0.05 -1 -1 0.2573170922162724 0.06437823012470696 -1 -1
hook bball 3 0.15 0.05 -1 -1 0.24150625014002994 0.08343378492097579 -1 -1
hook bball 3 0.15 0.05 -1 -1 0.25586170890776627 0.06882383408492873 -1 -1
hook bball 3 0.15 0.05 -1 -1 0.25594665333087685 0.06873253752130974 -1 -1
hook bball 3 0.15 0.05 -1 -1 0.2570992341259719 0.06551265954845081 -1 -1
hook bball 3 0.15 0.05 -1 -1 0.2639836891837438 0.06419565797099758 -1 -1
hook bball 3 0.15 0.05 -1 -1 0.2654048350732895 0.07383953850058356 -1 -1
hook bball 3 0.15 0.05 -1 -1 0.25873595110908576 0.05943408578671154 -1 -1
hook bball 3 0.15 0.05 -1 -1 0.258867639202591 0.06928269365348799 -1 -1
