hook bball 4 -0.04 0.0 -1 -1 -0.14918621327703452 -0.00576694468703134 -1 -1
hook bball 4 -0.04 0.0 -1 -1 -0.14810407980340046 0.003933463029580981 -1 -1
hook bball 4 -0.04 0.0 -1 -1 -0.14801128152659956 0.004371509456263655 -1 -1
hook bball 4 -0.04 0.0 -1 -1 -0.149286130058976 -0.005371061423343419 -1 -1
hook bball 4 -0.04 0.0 -1 -1 -0.14926028166039476 -0.005951376627529634 -1 -1
hook bball 4 -0.04 0.0 -1 -1 -0.14790999682476227 0.003129813141368175 -1 -1
hook bball 4 -0.04 0.0 -1 -1 -0.14801227927092597 0.0028111495542925227 -1 -1
hook bball 4 -0.04 0.0 -1 -1 -0.1492508808751196 -0.005769960051094074 -1 -1
hook bball 4 -0.04 0.0 -1 -1 -0.14786860052443335 0.004288741640103743 -1 -1
hook bball 4 -0.04 0.0 -1 -1 -0.1492716594374944 -0.006305979449769576 -1 -1
hook bball 4 -0.04 0.0 -1 -1 -0.1479331688560346 0.004654919308122553 -1 -1
hook bball 4 -0.04 0.0 -1 -1 -0.14801850742601336 0.004204576844931105 -1 -1
hook bball 4 -0.04 0.0 -1 -1 -0.14906433569806027 -0.005670920027715749 -1 -1
hook bball 4 -0.04 0.0 -1 -1 -0.14809783386353434 0.0037908339497837134 -1 -1
hook bball 4 -0.04 0.0 -1 -1 -0.14795991919202597 0.0044373875879629935 -1 -1
hook bball 4 -0.04 0.0 -1 -1 -0.14947041609808853 -0.006301840966593652 -1 -1
hook bball 4 -0.04 0.0 -1 -1 -0.14803484701416122 0.0039817808575738954 -1 -1
hook bball 4 -0.04 0.0 -1 -1 -0.14806074439976427 0.003988029434883975 -1 -1
hook bball 4 -0.04 0.0 -1 -1 -0.1492315943822675 -0.005318579921511552 -1 -1
hook bball 4 -0.04 0.0 -1 -1 -0.14916249713704435 -0.005017323451151426 -1 -1
hook bball 4 -0.04 0.0 -1 -1 -0.15328294074742083 0.005960015718200507 -1 -1
hook bball 4 -0.04 0.0 -1 -1 -0.1494315639316985 -0.006805865372015442 -1 -1
hook bball 4 -0.04 0.0 -1 -1 -0.14939585339156328 -0.005759656184481585 -1 -1
hook bball 4 -0.04 0.0 -1 -1 -0.14913047161479392 -0.005782031889933136 -1 -1
hook bball 4 -0.04 0.0 -1 -1 -0.1492162640652564 -0.005779258943540668 -1 -1
hook bball 4 -0.04 0.0 -1 -1 -0.1480362208940551 0.003171315881105519 -1 -1
hook bball 4 -0.04 0.0 -1 -1 -0.14798818458123986 0.004512319736318009 -1 -1
hook bball 4 -0.04 0.0 -1 -1 -0.14914692587542225 -0.004857449361794349 -1 -1
hook bball 4 -0.04 0.0 -1 -1 -0.1480306046512898 0.003952376455565313 -1 -1
hook bball 4 -0.04 0.0 -1 -1 -0.14807468327057977 0.004518544740090889 -1 -1
hook bball 4 -0.04 0.0 -1 -1 -0.148010313850906 0.002792944959573378 -1 -1
hook bball 4 -0.04 0.0 -1 -1 -0.1491595842144834 -0.0054190547472748275 -1 -1
hook bball 4 -0.04 0.0 -1 -1 -0.1480872297646739 0.0041346900304289995 -1 -1
hook bball 4 -0.04 0.0 -1 -1 -0.14946376692467586 -0.005598768819495625 -1 -1
hook bball 4 -0.04 0.0 -1 -1 -0.14901669428116696 -0.003499865476399795 -1 -1
hook bball 4 -0.04 0.0 -1 -1 -0.1491760544255118 -0.005900054785408213 -1 -1
hook bball 4 -0.04 0.0 -1 -1 -0.14803976355190102 0.004247711335326756 -1 -1
hook bball 4 -0.04 0.0 -1 -1 -0.1478891036437574 0.004231742896044585 -1 -1
hook bball 4 -0.04 0.0 -1 -1 -0.14810734817336393 0.00363639395806068 -1 -1
hook bball 4 -0.04 0.0 -1 -1 -0.14800996223329035 0.004473626619456863 -1 -1
hook bball 4 -0.04 0.0 -1 -1 -0.14803804988430241 0.004314952865150126 -1 -1
hook bball 4 -0.04 0.0 -1 -1 -0.1478665059856748 0.0043117715925316226 -1 -1
hook bball 4 -0.04 0.0 -1 -1 -0.14806356254478728 0.004558785807871421 -1 -1
hook bball 4 -0.04 0.0 -1 -1 -0.1478389713889322 0.0043180823542282466 -1 -1
hook bball 4 -0.04 0.0 -1 -1 -0.14921111412904045 -0.00569342740846365 -1 -1
hook bball 4 -0.04 0.0 -1 -1 -0.14940907513719973 -0.005916434831438592 -1 -1
hook bball 4 -0.04 0.0 -1 -1 -0.14912040748689023 -0.006268393802121648 -1 -1
hook bball 4 -0.04 0.0 -1 -1 -0.14923893918771206 -0.004065805735696843 -1 -1
hook bball 4 -0.04 0.0 -1 -1 -0.1480016620845395 0.004214817118220965 -1 -1
hook bball 4 -0.04 0.0 -1 -1 -0.15248962624294338 0.0004359454232900466 -1 -1
hook bball 4 -0.04 0.0 -1 -1 -0.1480248957991992 0.0021095232832659826 -1 -1
hook bball 4 -0.04 0.0 -1 -1 -0.14788387075286372 0.003716506633591744 -1 -1
hook bball 4 -0.04 0.0 -1 -1 -0.1493161693924055 -0.005793339467638939 -1 -1
hook bball 4 -0.04 0.0 -1 -1 -0.14776567954489805 0.0034026506891064534 -1 -1
hook bball 4 -0.04 0.0 -1 -1 -0.14921253626543624 -0.005401050105273112 -1 -1
hook bball 4 -0.04 0.0 -1 -1 -0.14922715641135972 -0.005298841784394782 -1 -1
hook bball 4 -0.04 0.0 -1 -1 -0.14916789802403957 -0.005259971753504531 -1 -1
hook bball 4 -0.04 0.0 -1 -1 -0.14808132930981005 0.004420796178729612 -1 -1
hook bball 4 -0.04 0.0 -1 -1 -0.1479886912547403 0.0035083117625510103 -1 -1
hook bball 4 -0.04 0.0 -1 -1 -0.1495048253501869 -0.006151108923139615 -1 -1
hook bball 4 -0.04 0.0 -1 -1 -0.14914169505892072 -0.005637223965486078 -1 -1
hook bball 4 -0.04 0.0 -1 -1 -0.15354884567994947 0.0046430873219519345 -1 -1
hook bball 4 -0.04 0.0 -1 -1 -0.14784112218498122 0.004535882730674332 -1 -1
hook bball 4 -0.04 0.0 -1 -1 -0.14932315452424472 -0.005568481121841159 -1 -1
hook bball 4 -0.04 0.0 -1 -1 -0.14919543536471688 -0.00553235058522796 -1 -1
hook bball 4 -0.04 0.0 -1 -1 -0.14910766153611188 -0.005693515182898341 -1 -1
hook bball 4 -0.04 0.0 -1 -1 -0.1478478065459867 0.00444069041192302 -1 -1
hook bball 4 -0.04 0.0 -1 -1 -0.14918660899774716 -0.00521819221612635 -1 -1
hook bball 4 -0.04 0.0 -1 -1 -0.14802744247879507 0.00415336246526109 -1 -1
hook bball 4 -0.04 0.0 -1 -1 -0.14954391418884533 -0.005824193432540237 -1 -1
hook bball 4 -0.04 0.0 -1 -1 -0.14927783970600617 -0.0054918342101705885 -1 -1
hook bball 4 -0.04 0.0 -1 -1 -0.14913498872234948 -0.004763608117636267 -1 -1
hook bball 4 -0.04 0.0 -1 -1 -0.14925360327449988 -0.0053151523836109 -1 -1
hook bball 4 -0.04 0.0 -1 -1 -0.14800691571883917 0.0038953294793523958 -1 -1
hook bball 4 -0.04 0.0 -1 -1 -0.14800038590959175 0.0040657954400693365 -1 -1
hook bball 4 -0.04 0.0 -1 -1 -0.14912403746906608 -0.005154204204621799 -1 -1
hook bball 4 -0.04 0.0 -1 -1 -0.1538978547305877 0.0034764574625821398 -1 -1
hook bball 4 -0.04 0.0 -1 -1 -0.15107727129579052 0.006452002816253583 -1 -1
hook bball 4 -0.04 0.0 -1 -1 -0.14936265695207881 -0.005991511018022053 -1 -1
hook bball 4 -0.04 0.0 -1 -1 -0.14911026470003272 -0.005028708245424198 -1 -1
hook bball 4 -0.04 0.0 -1 -1 -0.1491012486916564 -0.0059535069000806635 -1 -1
hook bball 4 -0.04 0.0 -1 -1 -0.1481569173837101 0.002424262939450114 -1 -1
hook bball 4 -0.04 0.0 -1 -1 -0.14785919705757816 0.004319923487636298 -1 -1
hook bball 4 -0.04 0.0 -1 -1 -0.14806075156558204 0.0036869188473674236 -1 -1
hook bball 4 -0.04 0.0 -1 -1 -0.14925575753657322 -0.005507468272586958 -1 -1
hook bball 4 -0.04 0.0 -1 -1 -0.14807842280606842 0.004040236320533703 -1 -1
hook bball 4 -0.04 0.0 -1 -1 -0.14911464691793136 -0.005491663989159378 -1 -1
hook bball 4 -0.04 0.0 -1 -1 -0.14919945745015883 -0.004795721320423387 -1 -1
hook bball 4 -0.04 0.0 -1 -1 -0.14927599865102925 -0.005325902773058966 -1 -1
hook bball 4 -0.04 0.0 -1 -1 -0.14792429929840156 0.003741415163474635 -1 -1
hook bball 4 -0.04 0.0 -1 -1 -0.14934141592748554 -0.005464233675310092 -1 -1
hook bball 4 -0.04 0.0 -1 -1 -0.14927102634623865 -0.005112657930222584 -1 -1
hook bball 4 -0.04 0.0 -1 -1 -0.1492780966657563 -0.0053799988297149855 -1 -1
hook bball 4 -0.04 0.0 -1 -1 -0.14931377387549175 -0.006449908925929052 -1 -1
hook bball 4 -0.04 0.0 -1 -1 -0.14931389117242047 -0.005735263729745382 -1 -1
hook bball 4 -0.04 0.0 -1 -1 -0.149340587384659 -0.005811859054286134 -1 -1
hook bball 4 -0.04 0.0 -1 -1 -0.14926163906948664 -0.005213796705085231 -1 -1
hook bball 4 -0.04 0.0 -1 -1 -0.1492581097638866 -0.005690356041065293 -1 -1
hook bball 4 -0.04 0.0 -1 -1 -0.1480752375093027 0.00428972261502728 -1 -1
hook bball 4 -0.04 0.0 -1 -1 -0.1478902398124322 0.0025116146144722558 -1 -1
