0.21978551440617944
0.06041342370050801
0.3787757126947366
0.22518487281578614
0.49959820422179524
0.414262479526315
0.1719437546772824
0.4954875285426136
0.5974920673792341
0.7526797941546322
0.2346182423177665
0.644667934460178
0.8650884723074752
1.1537839222864217
0.07666607770319342
0.39928334436052837
0.5771422954388541
0.33986156301348114
0.17905760189450648
0.14556885423364796
0.24027421967161794
0.5804535558280943
0.12296875420445616
0.09578490478266435
0.19524687258112627
0.2922580902606019
0.5543002900714911
0.12279710098388841
3.7590913416576637
0.15511159490994636
0.08171731421631452
0.4203942616829526
0.47118353854369155
1.6793907024426349
0.41221474250131707
0.3897193551830721
1.275463685124513
0.4265761061319126
0.11688648375149135
0.42200682981607635
0.1974314627917496
0.0608357211398291
0.5656765304671725
0.29529150913494906
0.1929842772295102
0.184125668948244
0.05053905578967513
0.28889024040339045
0.29216584084367947
0.15531368691648328
1.3312158680958988
0.989497879984472
0.23763297734078143
0.4187854601059483
0.0976112227997584
0.11196305159951908
0.11152361167947905
0.29153663968444826
0.14258156803769162
0.22906177792276172
0.7379012932899098
0.512086170135392
0.03614910714203756
0.17068230901001194
0.11413564797580472
0.5620349011333101
0.27326368910266624
0.40765176640726264
0.45512373626032254
0.5621105834494806
0.022392841198258365
0.24950177114579425
0.17094284727353948
0.16258584295265205
0.3813178648961212
0.6326911344991786
0.19398207948545065
0.3832078655395059
0.07867486991794997
0.8043439883063714
0.17422281625008462
0.04980556147364959
0.5222541637353786
0.22999641001601157
0.7112502252534878
0.4207962092928248
0.041483109316400146
0.37441498553705566
0.3352123695744673
2.6869967235391536
0.19125196000339076
1.0279657435518263
0.275202439569175
0.41691636925682507
0.054231527731575996
0.16686249351909815
0.10471151885459268
8.468232830052845
0.675351665148763
1.8008452338172685
0.46295678564102705
0.5457342985044067
0.1241219431456616
0.22557138659595538
1.0435458168383462
0.4806573303452568
0.3122976704733343
0.348296087143182
0.5210927904170668
0.05681856225957904
0.07528963440613573
0.49142302086771283
0.21814733188847035
0.31158610306491286
0.7937253443809886
0.2396032879685076
0.8877331843135998
0.7664632520894177
0.11699720657438756
0.240547986768595
0.3931791493314083
2.0104518445807558
0.6785999685577215
0.46063919257572067
0.4031262586729195
0.46374281357993363
0.014488003229730047
0.44947958803493193
0.2638080783629363
0.28921416304727277
0.38385906316806345
0.3668832167447468
0.3292009176539954
0.3295877455001367
0.024936256569853238
0.7780911375740549
0.49157729588392496
0.4268876524512468
0.490420548861742
0.6486968594141027
0.35929154541986585
0.11268145103023447
0.12529886612718358
0.2130419400579719
0.286012071824442
0.10799810736206666
0.1843194982347434
0.16037574751715533
0.18578902797495506
0.2976374534023743
0.056326164540571336
0.29951791625908775
0.34963336968957803
1.0056978154420388
0.3985013561817299
1.1298289638921144
1.0838450846549348
0.7119791538593873
0.0434233315452581
0.33660599947947795
0.4955514131466279
0.15244634255729178
0.4571598937131883
1.0144665950752385
0.45626380286091994
0.28633657213490804
0.17753743566086938
0.4152670950989159
1.197603823689676
0.2300350084097202
0.649941572084954
0.9401610032927255
0.8389925687590989
0.42372638769124904
0.6642703572218072
0.548846340460903
0.11395225190463104
0.24298730495909426
0.30497820280972526
0.718269611092025
0.3990895640292056
0.24757639201200338
0.03806007698332101
0.40898271987884427
1.172991171944728
0.7479441538226141
0.3731169409751286
8.182789675702196
0.2730226480127882
0.5282145226146409
0.020185915712246233
0.14745272186095418
0.4125163431964639
5.738219448573538
0.4015113617530663
0.1703825559671599
1.809259947371178
0.43845879053253867
0.1146675527418487
0.46772083308639345
0.23177994390533913
0.9030345934522837
0.26648212586839404
0.07527244776242212
0.09519063189119817
0.12116081478689361
0.034613193406999795
0.5884082582486262
0.15861900020878467
0.7035413930532098
0.3593859339593416
1.3921774969362768
0.09665190224211778
0.9979029738532119
0.060430688870292376
0.35660559398600267
0.1020493169128861
0.37939891312116514
0.28388279953302953
11.17511154575183
0.2830400773318383
0.5754023779575943
0.20342316372183866
0.4879778281699847
0.1969274778835702
0.29008242787333915
0.43743398432256086
1.436176423729799
0.8632163495347593
0.3014256283058766
0.09464019003030162
0.032254404251979105
0.07903186586510291
0.1847756440131164
10.747403923564836
0.5385274193165062
0.1933883684199399
0.7725199677964654
0.11220332894201215
0.5700452351708265
