0.11288859752186775
0.24620789482882438
0.4382340884650262
0.0389886129583152
0.011944760146314088
0.13336871891834762
0.1098138690048068
0.20831048976973165
0.08942217651816539
0.3494073497975987
0.28464739470719364
0.13194256681466132
0.14891725665628705
0.03282721947635092
0.2088731015555571
0.17655236435935948
0.08908262520362559
0.5093822781017563
0.040532922583794526
0.1898308897341071
0.09706264018055927
0.2248164906289724
0.04279866716124511
0.29328116526823356
0.08531012470958094
0.6651187733644269
0.24615259207421142
0.07438328209538367
0.06921156823594182
0.15409913902701183
0.08741148179630948
0.10560722050669763
0.015219811276683037
0.38814516986846903
0.47815406589886045
0.2371237741051367
0.08020005699447369
0.24142516538988365
0.04019014913627904
0.10034634917745942
0.09982480120240222
0.34946367815992946
0.08075484191079003
0.3553664396688412
0.09432593345477674
0.06266817369423425
0.0935084471055242
0.24673080078766768
0.4142001206010448
0.3267521031938697
0.4264437715452374
0.19434677147785318
0.05185153646695814
0.9379336569311563
0.19651452853790013
0.14345511062662658
0.05583544289717007
0.5504032140954416
0.40285162384238576
0.22648423997206812
0.18791287923162808
0.06393312696993741
0.062127354646482336
0.12029801958524206
0.04051551756858572
0.320462224095443
0.2815337343892744
0.15394985069154526
0.2271386442907175
0.03171291170419607
0.058119355239600434
0.46764337297082664
0.21598486074358292
0.18091972684520685
0.41603914346729587
0.046583964788195126
0.05474167445914957
0.0958760690641011
0.21898398357257898
0.16369349390039117
0.19850040115127865
0.11664253327980983
0.11318977501954391
0.12483483895032887
0.11598979069298605
0.34586107258388776
0.07330111406807657
0.24585997023499656
0.41327702680490996
0.1997436403735775
0.3192789085955599
0.038745581251963396
0.05914410517682747
0.21018063759496763
0.09663668905377976
0.20306470275952776
0.07356441119112794
0.24340049796187369
0.22167388762504076
0.23965815462623818
0.5145822478960778
0.111528289699443
0.10796053560710356
0.10607320831133779
0.10162061732660593
0.49832775563704024
0.16631871916955307
0.02691270398365638
0.03219778011372819
0.15700709397867368
0.22004828150413208
0.09594445655458766
0.14502796318106703
0.8567500278163309
0.40698862874529323
0.07925907519632508
0.6196905721267516
0.21312090319633492
0.17825417051619286
0.15287627068254656
0.07978910209868581
0.199750600533113
0.432103966282138
0.13208714106081446
0.24041405633108637
0.13252581816089026
0.15892813040890497
0.4808016270725118
0.02542463064502916
0.41255247317774457
0.1322014705142459
0.009034591016623642
0.15449670572168128
0.025486222380149276
0.4968258752224871
0.10663620517887593
0.05321289451955591
0.2407984975717376
0.30343239634097496
0.2494332459794228
0.027510574688677264
0.04448851980683712
0.016455567291007136
0.11345526942254297
0.22876513268543425
0.37155770701654023
0.331135825712843
0.47683213551291115
0.1447214253614828
0.3387948913136044
0.26956796081990253
0.2480113422390059
0.3023461500089619
0.4038422527409127
0.044372073290020686
0.3192152598129857
0.10643036443932916
0.079150230620362
0.24462853625158354
0.13613344151322693
0.2809268739501646
0.20221011174748454
0.40990422395485593
0.04119810927931695
0.330637703332562
0.06931453533374496
0.16167113233194333
0.1872601128872965
0.07613348990323027
0.1940588613679863
0.4583368134088377
0.24273357966502757
0.2328968203943661
0.08723920997902616
0.34165437319134423
0.14294914302690254
0.29973030918684973
0.1978834670507763
0.11043147242601521
0.1272245111795872
0.5318607744188347
0.05290965132611741
0.18844759400086514
0.08580147337302933
0.25007450253788976
0.7744205873593955
0.0647469553053891
0.33307411293662426
0.06973079234973062
0.09994488761206752
0.034388262877512094
0.25135685664208063
0.31951445780229304
0.5152995299677949
0.14167848068842914
0.6411532935405555
0.12687749110345642
0.19257762199182937
0.011268630641529442
0.17485115531439482
0.02482159183324973
0.4333845899262395
0.17500975034900323
0.11523165481438474
0.033788407751777334
0.11980586399459234
0.07429469247086265
0.15975135881728725
0.2346670748605545
0.7786770955429605
0.17078325134675565
0.20039648463588966
0.25871555076776126
0.06528292982571916
0.0715536161888718
0.033887498872801625
0.05120703209307051
0.1665642169050105
0.2120559649127731
0.3198455671899857
0.264950598488474
0.13189115849121363
0.3947444299977244
0.44313500127005007
0.9711272080951332
0.16880559230708703
0.2205979531139729
0.5012893532643063
0.11334613194153889
0.48439607921531824
0.2745241779146913
0.24363599453213453
0.1323559720695488
0.10338067587133065
0.584353747801778
0.3960600465059517
0.09442977782862294
0.09262533788956756
0.25764593343024966
0.41058406780333423
