stick yball 1 0.06 -0.075 -1 -1 0.06002115974954323 -0.1610879126489453 -1 -1
stick yball 1 0.06 -0.075 -1 -1 0.060003459425309054 -0.16125961006212083 -1 -1
stick yball 1 0.06 -0.075 -1 -1 0.060016592260180066 -0.1611659652859603 -1 -1
stick yball 1 0.06 -0.075 -1 -1 0.06002725107420652 -0.16137451907350608 -1 -1
stick yball 1 0.06 -0.075 -1 -1 0.0600239477092214 -0.16161650910523662 -1 -1
stick yball 1 0.06 -0.075 -1 -1 0.06003532634721155 -0.16141031489892713 -1 -1
stick yball 1 0.06 -0.075 -1 -1 0.06003096551796441 -0.16147929995349922 -1 -1
stick yball 1 0.06 -0.075 -1 -1 0.0600117713220377 -0.16100102233562943 -1 -1
stick yball 1 0.06 -0.075 -1 -1 0.06000906234357062 -0.1611232174636428 -1 -1
stick yball 1 0.06 -0.075 -1 -1 0.060009058772226946 -0.16112341127107208 -1 -1
stick yball 1 0.06 -0.075 -1 -1 0.06000703614628009 -0.16117651440798533 -1 -1
stick yball 1 0.06 -0.075 -1 -1 0.06000166921770239 -0.16128418587855545 -1 -1
stick yball 1 0.06 -0.075 -1 -1 0.06001501268366261 -0.16098755705920362 -1 -1
stick yball 1 0.06 -0.075 -1 -1 0.060023786599472405 -0.16162573790565826 -1 -1
stick yball 1 0.06 -0.075 -1 -1 0.060036017074110916 -0.16142230226693036 -1 -1
stick yball 1 0.06 -0.075 -1 -1 0.060036723200801216 -0.1614344459771082 -1 -1
stick yball 1 0.06 -0.075 -1 -1 0.05999616726089703 -0.16130575767934555 -1 -1
stick yball 1 0.06 -0.075 -1 -1 0.06003724792098713 -0.1614418074007292 -1 -1
stick yball 1 0.06 -0.075 -1 -1 0.06000860495333847 -0.16114210041350985 -1 -1
stick yball 1 0.06 -0.075 -1 -1 0.06000827536409357 -0.16115371910661214 -1 -1
stick yball 1 0.06 -0.075 -1 -1 0.06002585580781323 -0.1613684296380699 -1 -1
stick yball 1 0.06 -0.075 -1 -1 0.05999877545224226 -0.16130768560381026 -1 -1
stick yball 1 0.06 -0.075 -1 -1 0.060024967603708415 -0.16164515039820668 -1 -1
stick yball 1 0.06 -0.075 -1 -1 0.06002358691284412 -0.1616449269824386 -1 -1
stick yball 1 0.06 -0.075 -1 -1 0.06001925008897364 -0.1612639977771124 -1 -1
stick yball 1 0.06 -0.075 -1 -1 0.06000902666054802 -0.1611258949808265 -1 -1
stick yball 1 0.06 -0.075 -1 -1 0.06000473942160614 -0.16121978203027923 -1 -1
stick yball 1 0.06 -0.075 -1 -1 0.06000330433035472 -0.161262123599947 -1 -1
stick yball 1 0.06 -0.075 -1 -1 0.06000033062729476 -0.16129859023946702 -1 -1
stick yball 1 0.06 -0.075 -1 -1 0.06002537332890061 -0.1616427327870193 -1 -1
stick yball 1 0.06 -0.075 -1 -1 0.0600179766707305 -0.16109020937158922 -1 -1
stick yball 1 0.06 -0.075 -1 -1 0.06003824986855834 -0.1615305829754942 -1 -1
stick yball 1 0.06 -0.075 -1 -1 0.060026511035976136 -0.16148972323634217 -1 -1
stick yball 1 0.06 -0.075 -1 -1 0.06002071165077394 -0.16129121307023314 -1 -1
stick yball 1 0.06 -0.075 -1 -1 0.060020246104157855 -0.16129647284440207 -1 -1
stick yball 1 0.06 -0.075 -1 -1 0.060009504088424245 -0.16104251881893805 -1 -1
stick yball 1 0.06 -0.075 -1 -1 0.060029888246304834 -0.1614747488154708 -1 -1
stick yball 1 0.06 -0.075 -1 -1 0.060025745690487915 -0.16164028049912776 -1 -1
stick yball 1 0.06 -0.075 -1 -1 0.060003696026057124 -0.16124885980354237 -1 -1
stick yball 1 0.06 -0.075 -1 -1 0.060030626634835244 -0.1614920164040434 -1 -1
