stick yball 1 0.06 -0.075 -1 -1 0.057051676299842986 -0.26581563883531834 -1 -1
stick yball 1 0.06 -0.075 -1 -1 0.06838976799283074 -0.1615192311283463 -1 -1
stick yball 1 0.06 -0.075 -1 -1 0.08551754486282094 -0.16118003467626577 -1 -1
stick yball 1 0.06 -0.075 -1 -1 0.11565131112554043 -0.34203045265734516 -1 -1
stick yball 1 0.06 -0.075 -1 -1 -0.07659777540688564 -0.21326966559491645 -1 -1
stick yball 1 0.06 -0.075 -1 -1 0.2849901972072631 -0.2925213634831582 -1 -1
stick yball 1 0.06 -0.075 -1 -1 0.04763244471940827 -0.16146595765177965 -1 -1
stick yball 1 0.06 -0.075 -1 -1 0.18346898887585794 -0.1806944823050063 -1 -1
stick yball 1 0.06 -0.075 -1 -1 0.01732673273172423 -0.19208262426632025 -1 -1
stick yball 1 0.06 -0.075 -1 -1 -0.009863322610064559 -0.10094041895746772 -1 -1
stick yball 1 0.06 -0.075 -1 -1 0.12230633901575148 -0.7557697541713833 -1 -1
stick yball 1 0.06 -0.075 -1 -1 0.07481352757473515 -0.18397953865741504 -1 -1
stick yball 1 0.06 -0.075 -1 -1 0.018268856721824236 -0.16088924390217868 -1 -1
stick yball 1 0.06 -0.075 -1 -1 0.034708362664517045 -0.16161971148740875 -1 -1
stick yball 1 0.06 -0.075 -1 -1 -0.10171569629277913 -0.16623209637253383 -1 -1
stick yball 1 0.06 -0.075 -1 -1 -6.84559027416769e-05 -0.2167655338935106 -1 -1
stick yball 1 0.06 -0.075 -1 -1 -0.4003372540091757 -0.0590642886141743 -1 -1
stick yball 1 0.06 -0.075 -1 -1 0.09276316615909892 -0.25712598810948095 -1 -1
stick yball 1 0.06 -0.075 -1 -1 0.02268893161733643 -0.16524709283438196 -1 -1
stick yball 1 0.06 -0.075 -1 -1 0.1328374804326382 -0.17459930010985764 -1 -1
stick yball 1 0.06 -0.075 -1 -1 0.24273938911735313 -0.6282453413693265 -1 -1
stick yball 1 0.06 -0.075 -1 -1 0.13978109107471978 -0.18788494821740095 -1 -1
stick yball 1 0.06 -0.075 -1 -1 -0.02258505710233439 -0.382960442764807 -1 -1
stick yball 1 0.06 -0.075 -1 -1 0.07373539705238195 -0.3044178689063387 -1 -1
stick yball 1 0.06 -0.075 -1 -1 0.05190348137979258 -0.16159993471315762 -1 -1
stick yball 1 0.06 -0.075 -1 -1 0.08948316864681823 -0.1938230374284431 -1 -1
stick yball 1 0.06 -0.075 -1 -1 0.007910033529765863 -0.20539186854274516 -1 -1
stick yball 1 0.06 -0.075 -1 -1 -0.17136366226805336 -0.4346734356212404 -1 -1
stick yball 1 0.06 -0.075 -1 -1 -0.04588336340641038 -0.1585257520283584 -1 -1
stick yball 1 0.06 -0.075 -1 -1 -0.12085592335954215 -0.5401945054555873 -1 -1
stick yball 1 0.06 -0.075 -1 -1 0.01459394662462104 -0.3004883548628371 -1 -1
stick yball 1 0.06 -0.075 -1 -1 -0.0635194576320549 -0.5074819545607626 -1 -1
stick yball 1 0.06 -0.075 -1 -1 -0.010457241774544716 -0.2506169266127061 -1 -1
stick yball 1 0.06 -0.075 -1 -1 0.15788116143281236 -0.38560295808378814 -1 -1
stick yball 1 0.06 -0.075 -1 -1 0.014976912208496718 -0.16243309705420048 -1 -1
stick yball 1 0.06 -0.075 -1 -1 -0.12415309500936138 -0.2660027758043314 -1 -1
stick yball 1 0.06 -0.075 -1 -1 0.10649201687118838 -0.16101023337513246 -1 -1
stick yball 1 0.06 -0.075 -1 -1 -0.16876742778375992 -0.07707937549720484 -1 -1
stick yball 1 0.06 -0.075 -1 -1 0.08369769477203648 -0.29991581444953563 -1 -1
stick yball 1 0.06 -0.075 -1 -1 -0.2763514948502696 -0.23923297022397155 -1 -1
