stick yball 1 0.06 -0.075 -1 -1 0.05999615366314669 -0.16130152388301022 -1 -1
stick yball 1 0.06 -0.075 -1 -1 0.06001914501528244 -0.16126123193169112 -1 -1
stick yball 1 0.06 -0.075 -1 -1 0.06002432368165339 -0.16164669680152335 -1 -1
stick yball 1 0.06 -0.075 -1 -1 0.06002809438335207 -0.16138072420623828 -1 -1
stick yball 1 0.06 -0.075 -1 -1 0.0600288984685867 -0.16135829180181493 -1 -1
stick yball 1 0.06 -0.075 -1 -1 0.06002842376855984 -0.16149877937406654 -1 -1
stick yball 1 0.06 -0.075 -1 -1 0.060020804266607004 -0.161291372005172 -1 -1
stick yball 1 0.06 -0.075 -1 -1 0.060011318783320035 -0.16100641299517207 -1 -1
stick yball 1 0.06 -0.075 -1 -1 0.06000634598222899 -0.16120481453545435 -1 -1
stick yball 1 0.06 -0.075 -1 -1 0.060028526843257886 -0.16149919386113998 -1 -1
stick yball 1 0.06 -0.075 -1 -1 0.060028246891537226 -0.16149668055772248 -1 -1
stick yball 1 0.06 -0.075 -1 -1 0.06001222544019969 -0.16104410947012882 -1 -1
stick yball 1 0.06 -0.075 -1 -1 0.06002374233842018 -0.1616458933099675 -1 -1
stick yball 1 0.06 -0.075 -1 -1 0.060000570074396506 -0.16129677526651745 -1 -1
stick yball 1 0.06 -0.075 -1 -1 0.06003862459283869 -0.16145746497081243 -1 -1
stick yball 1 0.06 -0.075 -1 -1 0.06003688738163594 -0.16153135015667175 -1 -1
stick yball 1 0.06 -0.075 -1 -1 0.060021052623677844 -0.16108457544159524 -1 -1
stick yball 1 0.06 -0.075 -1 -1 0.0599974153250059 -0.16130391601025337 -1 -1
stick yball 1 0.06 -0.075 -1 -1 0.06001831781857562 -0.1612342659592995 -1 -1
stick yball 1 0.06 -0.075 -1 -1 0.060023878549177186 -0.16161871103104028 -1 -1
stick yball 1 0.06 -0.075 -1 -1 0.060031508223273994 -0.16149286369058727 -1 -1
stick yball 1 0.06 -0.075 -1 -1 0.06002002496301448 -0.16128486274215054 -1 -1
stick yball 1 0.06 -0.075 -1 -1 0.060041967791061954 -0.1614624792972632 -1 -1
stick yball 1 0.06 -0.075 -1 -1 0.0600115777288387 -0.16100338744909776 -1 -1
stick yball 1 0.06 -0.075 -1 -1 0.06002465399089103 -0.16164630437112065 -1 -1
stick yball 1 0.06 -0.075 -1 -1 0.06000405114344029 -0.1612436986195984 -1 -1
stick yball 1 0.06 -0.075 -1 -1 0.060039946805722076 -0.161576532984811 -1 -1
stick yball 1 0.06 -0.075 -1 -1 0.06002675946250395 -0.1616322160014123 -1 -1
stick yball 1 0.06 -0.075 -1 -1 0.06002685202288822 -0.16151873455413307 -1 -1
stick yball 1 0.06 -0.075 -1 -1 0.06002946274357716 -0.16146540367619858 -1 -1
stick yball 1 0.06 -0.075 -1 -1 0.06000903468389597 -0.16112547784223677 -1 -1
stick yball 1 0.06 -0.075 -1 -1 0.06002191732059126 -0.16128693875458291 -1 -1
stick yball 1 0.06 -0.075 -1 -1 0.06001821686731588 -0.16110430634195957 -1 -1
stick yball 1 0.06 -0.075 -1 -1 0.06002064645107274 -0.1612910002872289 -1 -1
stick yball 1 0.06 -0.075 -1 -1 0.05999925182695763 -0.1613020038902278 -1 -1
stick yball 1 0.06 -0.075 -1 -1 0.0600282878388812 -0.1614042965011097 -1 -1
stick yball 1 0.06 -0.075 -1 -1 0.06000447102104981 -0.16123704647196724 -1 -1
stick yball 1 0.06 -0.075 -1 -1 0.060000814817902724 -0.16129456563934566 -1 -1
stick yball 1 0.06 -0.075 -1 -1 0.06003009201677939 -0.16143073486340026 -1 -1
stick yball 1 0.06 -0.075 -1 -1 0.060006254426524394 -0.16118900607061876 -1 -1
stick yball 1 0.06 -0.075 -1 -1 0.060028137841120405 -0.1615212139285716 -1 -1
stick yball 1 0.06 -0.075 -1 -1 0.06000807371532147 -0.1611601563772527 -1 -1
stick yball 1 0.06 -0.075 -1 -1 0.06000930335839996 -0.16103237088712483 -1 -1
stick yball 1 0.06 -0.075 -1 -1 0.06002815088244065 -0.16152449786801198 -1 -1
stick yball 1 0.06 -0.075 -1 -1 0.060023741226747404 -0.16162873366759486 -1 -1
stick yball 1 0.06 -0.075 -1 -1 0.059997725544937534 -0.1613054051308682 -1 -1
stick yball 1 0.06 -0.075 -1 -1 0.06001871067192074 -0.1612479710989209 -1 -1
stick yball 1 0.06 -0.075 -1 -1 0.06004104995089535 -0.16146589009265244 -1 -1
stick yball 1 0.06 -0.075 -1 -1 0.06001943035946724 -0.16126934620820332 -1 -1
stick yball 1 0.06 -0.075 -1 -1 0.06002100233374219 -0.16132582379144247 -1 -1
stick yball 1 0.06 -0.075 -1 -1 0.06000110953551224 -0.16129146536356656 -1 -1
stick yball 1 0.06 -0.075 -1 -1 0.06003863747971825 -0.16151476173914106 -1 -1
stick yball 1 0.06 -0.075 -1 -1 0.06003879553124324 -0.16160781221970072 -1 -1
stick yball 1 0.06 -0.075 -1 -1 0.06002810272646384 -0.161380994868342 -1 -1
stick yball 1 0.06 -0.075 -1 -1 0.06002685125592746 -0.161349529112494 -1 -1
stick yball 1 0.06 -0.075 -1 -1 0.05999983538246263 -0.16130118524226456 -1 -1
stick yball 1 0.06 -0.075 -1 -1 0.060028819021163055 -0.16149313960702405 -1 -1
stick yball 1 0.06 -0.075 -1 -1 0.06002365678725001 -0.1616453520189297 -1 -1
stick yball 1 0.06 -0.075 -1 -1 0.06002351699958852 -0.16164480214577961 -1 -1
stick yball 1 0.06 -0.075 -1 -1 0.0599996247566106 -0.16130177583339395 -1 -1
