stick yball 1 0.06 -0.075 -1 -1 0.06000947837264694 -0.16109032127089754 -1 -1
stick yball 1 0.06 -0.075 -1 -1 0.05999658711832062 -0.16129826613737747 -1 -1
stick yball 1 0.06 -0.075 -1 -1 0.0600303873470266 -0.16148119260243426 -1 -1
stick yball 1 0.06 -0.075 -1 -1 0.06003768996568663 -0.1614484140814657 -1 -1
stick yball 1 0.06 -0.075 -1 -1 0.06002973017085898 -0.1613491039615709 -1 -1
stick yball 1 0.06 -0.075 -1 -1 0.06003029569166633 -0.16148223943173073 -1 -1
stick yball 1 0.06 -0.075 -1 -1 0.0600301813822715 -0.1615016346634395 -1 -1
stick yball 1 0.06 -0.075 -1 -1 0.06003047983658728 -0.16151286316045702 -1 -1
stick yball 1 0.06 -0.075 -1 -1 0.06000920069181469 -0.16111134524692144 -1 -1
stick yball 1 0.06 -0.075 -1 -1 0.060020676591960385 -0.16131336704494942 -1 -1
stick yball 1 0.06 -0.075 -1 -1 0.06003021461744373 -0.16148320957829557 -1 -1
stick yball 1 0.06 -0.075 -1 -1 0.06000480112985452 -0.16121945567657894 -1 -1
stick yball 1 0.06 -0.075 -1 -1 0.06002962287689611 -0.16147706414134957 -1 -1
stick yball 1 0.06 -0.075 -1 -1 0.06001794826200458 -0.16121415548097917 -1 -1
stick yball 1 0.06 -0.075 -1 -1 0.060038347771802836 -0.16151347262623855 -1 -1
stick yball 1 0.06 -0.075 -1 -1 0.060009303257636544 -0.16103236632154697 -1 -1
stick yball 1 0.06 -0.075 -1 -1 0.06002899518009132 -0.16148642889155468 -1 -1
stick yball 1 0.06 -0.075 -1 -1 0.06002393234445979 -0.1616466235578177 -1 -1
stick yball 1 0.06 -0.075 -1 -1 0.06003253130466482 -0.16154039928411373 -1 -1
stick yball 1 0.06 -0.075 -1 -1 0.060032468114295134 -0.16155120980455318 -1 -1
