stick yball 1 0.06 -0.075 -1 -1 0.164546132819191 -0.3077641876609939 -1 -1
stick yball 1 0.06 -0.075 -1 -1 0.05463231758964818 -0.31302923877815825 -1 -1
stick yball 1 0.06 -0.075 -1 -1 0.03321540984386642 -0.16228426724202777 -1 -1
stick yball 1 0.06 -0.075 -1 -1 0.03500392858597653 -0.1899708820126206 -1 -1
stick yball 1 0.06 -0.075 -1 -1 -0.0027106189665800306 -0.15047671812525826 -1 -1
stick yball 1 0.06 -0.075 -1 -1 0.058638446292100056 -0.17449984457983983 -1 -1
stick yball 1 0.06 -0.075 -1 -1 -0.32121020860495625 -0.05220940164839287 -1 -1
stick yball 1 0.06 -0.075 -1 -1 -0.14249767144039532 -0.24580026935222551 -1 -1
stick yball 1 0.06 -0.075 -1 -1 0.06073659042123476 -0.16331113466952984 -1 -1
stick yball 1 0.06 -0.075 -1 -1 0.06017525016221629 -0.16362559641465882 -1 -1
stick yball 1 0.06 -0.075 -1 -1 0.1080464867976932 -0.16107220356729182 -1 -1
stick yball 1 0.06 -0.075 -1 -1 0.053808661619169335 -0.17717688401657583 -1 -1
stick yball 1 0.06 -0.075 -1 -1 0.08531286360783162 -0.17019398559432478 -1 -1
stick yball 1 0.06 -0.075 -1 -1 0.07330793518673352 -0.1612882493194052 -1 -1
stick yball 1 0.06 -0.075 -1 -1 0.12599579012303747 -0.3052007129440298 -1 -1
stick yball 1 0.06 -0.075 -1 -1 -0.010405265573889322 -0.06905180593459474 -1 -1
stick yball 1 0.06 -0.075 -1 -1 0.05099468996516417 -0.17610720117083958 -1 -1
stick yball 1 0.06 -0.075 -1 -1 0.07531812621057911 -0.1938379304505244 -1 -1
stick yball 1 0.06 -0.075 -1 -1 0.04844412278066795 -0.17766049593090646 -1 -1
stick yball 1 0.06 -0.075 -1 -1 0.0886841985806734 -0.16132790701129252 -1 -1
stick yball 1 0.06 -0.075 -1 -1 0.08244101742805882 -0.16145962689086799 -1 -1
stick yball 1 0.06 -0.075 -1 -1 -0.02822278539490219 -0.19620503436955886 -1 -1
stick yball 1 0.06 -0.075 -1 -1 0.08736627323090104 -0.1671578773361729 -1 -1
stick yball 1 0.06 -0.075 -1 -1 0.12813156364627243 -0.1615131553012396 -1 -1
stick yball 1 0.06 -0.075 -1 -1 0.05738485567770375 -0.1672829736983911 -1 -1
stick yball 1 0.06 -0.075 -1 -1 0.07398638704356476 -0.1614311949811582 -1 -1
stick yball 1 0.06 -0.075 -1 -1 0.08405075302535651 -0.16119731026122613 -1 -1
stick yball 1 0.06 -0.075 -1 -1 0.04701463160504672 -0.16111454682939325 -1 -1
stick yball 1 0.06 -0.075 -1 -1 0.26134679704874214 -0.2684220611275881 -1 -1
stick yball 1 0.06 -0.075 -1 -1 0.057050802860348124 -0.17153485321887726 -1 -1
stick yball 1 0.06 -0.075 -1 -1 0.0791639386128452 -0.192263934405128 -1 -1
stick yball 1 0.06 -0.075 -1 -1 0.055304071189716926 -0.23333067856407766 -1 -1
stick yball 1 0.06 -0.075 -1 -1 -0.47798594479913037 -0.41692940096237235 -1 -1
stick yball 1 0.06 -0.075 -1 -1 0.08630544775548774 -0.17858669043608724 -1 -1
stick yball 1 0.06 -0.075 -1 -1 0.05921343253263927 -0.16139837711168634 -1 -1
stick yball 1 0.06 -0.075 -1 -1 0.08894659013141643 -0.16115271264530626 -1 -1
stick yball 1 0.06 -0.075 -1 -1 0.16874873456639836 -0.16114034537198282 -1 -1
stick yball 1 0.06 -0.075 -1 -1 0.07476769375449258 -0.18318158970778783 -1 -1
stick yball 1 0.06 -0.075 -1 -1 0.08720425138154489 -0.1612181847291163 -1 -1
stick yball 1 0.06 -0.075 -1 -1 0.09242069798658319 -0.23442055878496681 -1 -1
