stick yball 1 0.06 -0.075 -1 -1 -0.0005433356049149608 -0.15258955194411458 -1 -1
stick yball 1 0.06 -0.075 -1 -1 0.08363191856413785 -0.16147992550684193 -1 -1
stick yball 1 0.06 -0.075 -1 -1 0.08791060573095302 -0.161344844847515 -1 -1
stick yball 1 0.06 -0.075 -1 -1 0.05654252913637204 -0.16123451764128366 -1 -1
stick yball 1 0.06 -0.075 -1 -1 -0.0035051450022178508 -0.14982507346494298 -1 -1
stick yball 1 0.06 -0.075 -1 -1 0.0432319857527487 -0.16301517501230267 -1 -1
stick yball 1 0.06 -0.075 -1 -1 0.032117555306294183 -0.16174618788059344 -1 -1
stick yball 1 0.06 -0.075 -1 -1 0.14062041379334067 -0.34238951305226045 -1 -1
stick yball 1 0.06 -0.075 -1 -1 0.02128831180277012 -0.16130102355479897 -1 -1
stick yball 1 0.06 -0.075 -1 -1 0.1477899514825955 -0.1759973574516132 -1 -1
stick yball 1 0.06 -0.075 -1 -1 -0.2745736136147963 -0.14243264178601112 -1 -1
stick yball 1 0.06 -0.075 -1 -1 0.047473021793249526 -0.16124203991210853 -1 -1
stick yball 1 0.06 -0.075 -1 -1 0.02677384746409712 -0.17159997763992552 -1 -1
stick yball 1 0.06 -0.075 -1 -1 0.015081953482656079 -0.400399399330325 -1 -1
stick yball 1 0.06 -0.075 -1 -1 0.06678110132125308 -0.16111690220493524 -1 -1
stick yball 1 0.06 -0.075 -1 -1 0.05212003112718479 -0.1615712982849778 -1 -1
stick yball 1 0.06 -0.075 -1 -1 0.15071258477799002 -0.16389265509932607 -1 -1
stick yball 1 0.06 -0.075 -1 -1 0.0716047680463772 -0.16125945177623174 -1 -1
stick yball 1 0.06 -0.075 -1 -1 0.006526371488799572 -0.2945322063035756 -1 -1
stick yball 1 0.06 -0.075 -1 -1 0.0564919351667398 -0.16136671264192198 -1 -1
stick yball 1 0.06 -0.075 -1 -1 0.1825817572822468 -0.30512168997336925 -1 -1
stick yball 1 0.06 -0.075 -1 -1 0.042975866254017 -0.161606018397823 -1 -1
stick yball 1 0.06 -0.075 -1 -1 0.06508949653517726 -0.16136776077521642 -1 -1
stick yball 1 0.06 -0.075 -1 -1 0.10132524273268796 -0.1684103349064404 -1 -1
stick yball 1 0.06 -0.075 -1 -1 0.053761649946917185 -0.17880450405208767 -1 -1
stick yball 1 0.06 -0.075 -1 -1 0.12313174494293681 -0.2524479572274696 -1 -1
stick yball 1 0.06 -0.075 -1 -1 -0.03492913897324694 -0.1841683081276115 -1 -1
stick yball 1 0.06 -0.075 -1 -1 0.17391660241408902 -0.16236922790354508 -1 -1
stick yball 1 0.06 -0.075 -1 -1 -0.05991252105126927 -0.2173362639575735 -1 -1
stick yball 1 0.06 -0.075 -1 -1 0.03422833146012067 -0.16159070665129024 -1 -1
stick yball 1 0.06 -0.075 -1 -1 0.050116776247347734 -0.16146456990456 -1 -1
stick yball 1 0.06 -0.075 -1 -1 0.06275541415239978 -0.1728174961495739 -1 -1
stick yball 1 0.06 -0.075 -1 -1 -0.09007442152044577 -0.19808476291989036 -1 -1
stick yball 1 0.06 -0.075 -1 -1 0.061857113287405174 -0.16149417462873697 -1 -1
stick yball 1 0.06 -0.075 -1 -1 0.061317498539611354 -0.16226852391406277 -1 -1
stick yball 1 0.06 -0.075 -1 -1 -0.19233596892433738 -0.2986456846834579 -1 -1
stick yball 1 0.06 -0.075 -1 -1 0.2213134150622407 -0.5462916341765325 -1 -1
stick yball 1 0.06 -0.075 -1 -1 0.20285360447684753 -0.16147961338317213 -1 -1
stick yball 1 0.06 -0.075 -1 -1 0.07007195948348215 -0.1650771596074847 -1 -1
stick yball 1 0.06 -0.075 -1 -1 0.05703850207859894 -0.1612855167381652 -1 -1
