stick yball 1 0.06 -0.075 -1 -1 -0.012832802341243722 -0.16971369222017235 -1 -1
stick yball 1 0.06 -0.075 -1 -1 -0.15131235736841972 -0.3234467452199673 -1 -1
stick yball 1 0.06 -0.075 -1 -1 0.14025362766038202 -0.16132972564840126 -1 -1
stick yball 1 0.06 -0.075 -1 -1 0.09294637507467472 -0.23165928325757187 -1 -1
stick yball 1 0.06 -0.075 -1 -1 -0.015606600284892606 -0.2632181468276787 -1 -1
stick yball 1 0.06 -0.075 -1 -1 -0.2891489219298911 -0.7916656620719843 -1 -1
stick yball 1 0.06 -0.075 -1 -1 -0.3809370508069004 -0.586980725534323 -1 -1
stick yball 1 0.06 -0.075 -1 -1 0.10868854589343654 -0.26904127747548356 -1 -1
stick yball 1 0.06 -0.075 -1 -1 -0.5074702738232344 -0.14533378128847713 -1 -1
stick yball 1 0.06 -0.075 -1 -1 0.029160795715570044 -0.16662696698740842 -1 -1
stick yball 1 0.06 -0.075 -1 -1 -0.06419547688543137 -0.3679010077668771 -1 -1
stick yball 1 0.06 -0.075 -1 -1 0.027918613311460252 -0.16114152917045005 -1 -1
stick yball 1 0.06 -0.075 -1 -1 -0.1655186854668011 -0.3923675803875964 -1 -1
stick yball 1 0.06 -0.075 -1 -1 0.09288977542993353 -0.3700656799000505 -1 -1
stick yball 1 0.06 -0.075 -1 -1 -0.008042988059201605 -0.054723081543650604 -1 -1
stick yball 1 0.06 -0.075 -1 -1 0.006328992439086396 -0.15777171892687286 -1 -1
stick yball 1 0.06 -0.075 -1 -1 0.15249480805963703 -0.2658477297399398 -1 -1
stick yball 1 0.06 -0.075 -1 -1 0.06595364373224856 -0.2731197741488165 -1 -1
stick yball 1 0.06 -0.075 -1 -1 0.10237779658593273 -0.2491572688980467 -1 -1
stick yball 1 0.06 -0.075 -1 -1 0.043065369847258096 -0.16124920200203174 -1 -1
stick yball 1 0.06 -0.075 -1 -1 0.22002721568845995 -0.30186126268041097 -1 -1
stick yball 1 0.06 -0.075 -1 -1 0.1076675051777777 -0.21964342054302877 -1 -1
stick yball 1 0.06 -0.075 -1 -1 0.0004568570870852902 -0.15926608719969992 -1 -1
stick yball 1 0.06 -0.075 -1 -1 -0.18550292161665038 -0.45442344801764345 -1 -1
stick yball 1 0.06 -0.075 -1 -1 0.10371133742498793 -0.16112971788298328 -1 -1
stick yball 1 0.06 -0.075 -1 -1 0.07112847225275476 -0.1613143377957925 -1 -1
stick yball 1 0.06 -0.075 -1 -1 -0.00621687540757123 -0.28528112046976495 -1 -1
stick yball 1 0.06 -0.075 -1 -1 0.07364873056067198 -0.3248646219688844 -1 -1
stick yball 1 0.06 -0.075 -1 -1 0.08512279266380379 -0.3265198569547006 -1 -1
stick yball 1 0.06 -0.075 -1 -1 -0.11409632908597846 -0.1389899475492553 -1 -1
stick yball 1 0.06 -0.075 -1 -1 0.09935907104289435 -0.1737739277664752 -1 -1
stick yball 1 0.06 -0.075 -1 -1 -0.00761700292149392 -0.14417624934807768 -1 -1
stick yball 1 0.06 -0.075 -1 -1 -0.12586513385386475 -0.4115320139307953 -1 -1
stick yball 1 0.06 -0.075 -1 -1 0.008961073132542111 -0.21161334986573843 -1 -1
stick yball 1 0.06 -0.075 -1 -1 0.04367438047094496 -0.16285068536128558 -1 -1
stick yball 1 0.06 -0.075 -1 -1 0.07501920451527927 -0.17497720086418997 -1 -1
stick yball 1 0.06 -0.075 -1 -1 0.041958024840408226 -0.16155497039728212 -1 -1
stick yball 1 0.06 -0.075 -1 -1 0.12195369899330875 -0.1610281393827249 -1 -1
stick yball 1 0.06 -0.075 -1 -1 0.12238930545434354 -0.4894820229244786 -1 -1
stick yball 1 0.06 -0.075 -1 -1 0.1388299359580354 -0.19261729176337192 -1 -1
