stick yball 1 0.06 -0.075 -1 -1 0.08974838117691168 -0.1928859304072954 -1 -1
stick yball 1 0.06 -0.075 -1 -1 0.010637858921594311 -0.2064561839637838 -1 -1
stick yball 1 0.06 -0.075 -1 -1 0.011059827835529992 -0.1661651472468079 -1 -1
stick yball 1 0.06 -0.075 -1 -1 0.05215302815410588 -0.16143670776295155 -1 -1
stick yball 1 0.06 -0.075 -1 -1 0.04358340884612549 -0.1679014140176847 -1 -1
stick yball 1 0.06 -0.075 -1 -1 0.05548762638258697 -0.16108877863157872 -1 -1
stick yball 1 0.06 -0.075 -1 -1 0.13506201856158084 -0.22410248102542768 -1 -1
stick yball 1 0.06 -0.075 -1 -1 0.05873631812482828 -0.18487991449292346 -1 -1
stick yball 1 0.06 -0.075 -1 -1 0.18699996997736643 -0.2352549173110971 -1 -1
stick yball 1 0.06 -0.075 -1 -1 0.07393973864277903 -0.16114594119598513 -1 -1
stick yball 1 0.06 -0.075 -1 -1 0.05492014303810038 -0.16291325137575532 -1 -1
stick yball 1 0.06 -0.075 -1 -1 0.05691070740789767 -0.1673490106825761 -1 -1
stick yball 1 0.06 -0.075 -1 -1 0.010958129542037974 -0.15936989970793683 -1 -1
stick yball 1 0.06 -0.075 -1 -1 0.05477075416121427 -0.16094468580158092 -1 -1
stick yball 1 0.06 -0.075 -1 -1 0.14406841594106498 -0.4091819172307329 -1 -1
stick yball 1 0.06 -0.075 -1 -1 0.0612071466516847 -0.1619295845243373 -1 -1
stick yball 1 0.06 -0.075 -1 -1 0.04697596706528498 -0.1739643311833579 -1 -1
stick yball 1 0.06 -0.075 -1 -1 0.05980850870932944 -0.16130878827017958 -1 -1
stick yball 1 0.06 -0.075 -1 -1 0.05968467961755004 -0.1664987371815998 -1 -1
stick yball 1 0.06 -0.075 -1 -1 -0.06152705858711287 -0.09431519090964431 -1 -1
stick yball 1 0.06 -0.075 -1 -1 0.05662741958052523 -0.16993778024743866 -1 -1
stick yball 1 0.06 -0.075 -1 -1 0.046266872474599825 -0.1613091629671182 -1 -1
stick yball 1 0.06 -0.075 -1 -1 0.05192742021508621 -0.16137122230531228 -1 -1
stick yball 1 0.06 -0.075 -1 -1 0.05493319623709526 -0.16118523487748418 -1 -1
stick yball 1 0.06 -0.075 -1 -1 -0.006328592329964347 -0.20999880427388165 -1 -1
stick yball 1 0.06 -0.075 -1 -1 0.12698475562154748 -0.16460846443216395 -1 -1
stick yball 1 0.06 -0.075 -1 -1 0.08203229417796318 -0.19108776671143707 -1 -1
stick yball 1 0.06 -0.075 -1 -1 -0.06149225135529565 -0.1930130084742593 -1 -1
stick yball 1 0.06 -0.075 -1 -1 0.059193255337019815 -0.48886358616919007 -1 -1
stick yball 1 0.06 -0.075 -1 -1 0.06925302827472807 -0.16128610246420877 -1 -1
stick yball 1 0.06 -0.075 -1 -1 0.05043149751513051 -0.1640298820819141 -1 -1
stick yball 1 0.06 -0.075 -1 -1 0.08658220360631902 -0.21732494575581704 -1 -1
stick yball 1 0.06 -0.075 -1 -1 0.07099872023702196 -0.16106709250956638 -1 -1
stick yball 1 0.06 -0.075 -1 -1 0.05272779486815362 -0.163257625215671 -1 -1
stick yball 1 0.06 -0.075 -1 -1 0.04317312666001948 -0.19636594651297523 -1 -1
stick yball 1 0.06 -0.075 -1 -1 0.04729485556636632 -0.16133300122763006 -1 -1
stick yball 1 0.06 -0.075 -1 -1 0.05027414541637889 -0.16334643717101016 -1 -1
stick yball 1 0.06 -0.075 -1 -1 0.0595376106345651 -0.1613496140576129 -1 -1
stick yball 1 0.06 -0.075 -1 -1 0.08158296799391176 -0.2460829644051516 -1 -1
stick yball 1 0.06 -0.075 -1 -1 -0.013243387131241404 -0.0792213837016562 -1 -1
