stick yball 1 0.06 -0.075 -1 -1 -0.09695867194383471 -0.3290884635087628 -1 -1
stick yball 1 0.06 -0.075 -1 -1 0.08106381944351342 -0.16404301185870795 -1 -1
stick yball 1 0.06 -0.075 -1 -1 0.017358872263627378 -0.22667551679370845 -1 -1
stick yball 1 0.06 -0.075 -1 -1 0.027879776226112866 -0.1653010294360225 -1 -1
stick yball 1 0.06 -0.075 -1 -1 -0.0057873193845346055 -0.37222117364613 -1 -1
stick yball 1 0.06 -0.075 -1 -1 0.0019936403026149844 -0.2589805371761303 -1 -1
stick yball 1 0.06 -0.075 -1 -1 0.00460299597558841 -0.3743360909966747 -1 -1
stick yball 1 0.06 -0.075 -1 -1 0.0824883898078266 -0.2475497502256575 -1 -1
stick yball 1 0.06 -0.075 -1 -1 0.029060990774869396 -0.32902016033981224 -1 -1
stick yball 1 0.06 -0.075 -1 -1 -0.08738782744615395 -0.3324905198505405 -1 -1
stick yball 1 0.06 -0.075 -1 -1 -0.052386313748306365 -0.34783039544548827 -1 -1
stick yball 1 0.06 -0.075 -1 -1 0.20462012987277053 -0.22457975697936747 -1 -1
stick yball 1 0.06 -0.075 -1 -1 0.13348312529080336 -0.16155051751417845 -1 -1
stick yball 1 0.06 -0.075 -1 -1 0.13584243142818397 -0.20439007163090506 -1 -1
stick yball 1 0.06 -0.075 -1 -1 0.008079377939388977 -0.180893385800123 -1 -1
stick yball 1 0.06 -0.075 -1 -1 0.0007959840195502398 -0.15955272890763364 -1 -1
stick yball 1 0.06 -0.075 -1 -1 0.10775133924007144 -0.3830603011933976 -1 -1
stick yball 1 0.06 -0.075 -1 -1 0.0011850956017563229 -0.16392563120136416 -1 -1
stick yball 1 0.06 -0.075 -1 -1 0.04889703844104162 -0.2233963452836389 -1 -1
stick yball 1 0.06 -0.075 -1 -1 -0.13456503264612865 -0.11629596490212218 -1 -1
stick yball 1 0.06 -0.075 -1 -1 -0.04918591115050438 -0.28694900633875636 -1 -1
stick yball 1 0.06 -0.075 -1 -1 -0.029412913870080284 -0.32284044537312817 -1 -1
stick yball 1 0.06 -0.075 -1 -1 0.1030813367677321 -0.16897320268384544 -1 -1
stick yball 1 0.06 -0.075 -1 -1 -0.34176008332610586 -0.02993774585894473 -1 -1
stick yball 1 0.06 -0.075 -1 -1 -0.14869981598815094 -0.41013910095733375 -1 -1
stick yball 1 0.06 -0.075 -1 -1 0.021310243163686855 -0.17934996136428105 -1 -1
stick yball 1 0.06 -0.075 -1 -1 -0.06989633549950533 -0.09048529223711195 -1 -1
stick yball 1 0.06 -0.075 -1 -1 0.00560533160110094 -0.33044473648817974 -1 -1
stick yball 1 0.06 -0.075 -1 -1 0.11079818859090346 -0.16189950741960596 -1 -1
stick yball 1 0.06 -0.075 -1 -1 0.09371214154334676 -0.22601447423693366 -1 -1
stick yball 1 0.06 -0.075 -1 -1 0.09731073154944667 -0.16356317644918922 -1 -1
stick yball 1 0.06 -0.075 -1 -1 -0.09657429952104143 -0.16766404080154293 -1 -1
stick yball 1 0.06 -0.075 -1 -1 -0.2781919726683152 0.1250277317934338 -1 -1
stick yball 1 0.06 -0.075 -1 -1 0.0634722033602972 -0.16369363549335386 -1 -1
stick yball 1 0.06 -0.075 -1 -1 0.29102854185366295 -0.6580718532728124 -1 -1
stick yball 1 0.06 -0.075 -1 -1 0.05010896270898855 -0.16122714105483074 -1 -1
stick yball 1 0.06 -0.075 -1 -1 0.05953150799783615 -0.16159332303787244 -1 -1
stick yball 1 0.06 -0.075 -1 -1 -0.1670934603896652 0.04408315829953715 -1 -1
stick yball 1 0.06 -0.075 -1 -1 0.1990206182813646 -0.4342739698703375 -1 -1
stick yball 1 0.06 -0.075 -1 -1 0.06386019608592854 -0.20936596018859846 -1 -1
