stick yball 1 0.06 -0.075 -1 -1 0.060033288128674867 -0.16153134410502842 -1 -1
stick yball 1 0.06 -0.075 -1 -1 0.060018162604330544 -0.16110203738812404 -1 -1
stick yball 1 0.06 -0.075 -1 -1 0.06003397008486402 -0.16137409529436014 -1 -1
stick yball 1 0.06 -0.075 -1 -1 0.060001866280500415 -0.16128123434665387 -1 -1
stick yball 1 0.06 -0.075 -1 -1 0.060002642738619216 -0.16127228505803698 -1 -1
stick yball 1 0.06 -0.075 -1 -1 0.060027887201075325 -0.16148528266915516 -1 -1
stick yball 1 0.06 -0.075 -1 -1 0.06004261130900655 -0.1614575699157356 -1 -1
stick yball 1 0.06 -0.075 -1 -1 0.06003862709524539 -0.16160989281896168 -1 -1
stick yball 1 0.06 -0.075 -1 -1 0.06000698954757231 -0.1611770930605102 -1 -1
stick yball 1 0.06 -0.075 -1 -1 0.060029851173972984 -0.16147531974493848 -1 -1
stick yball 1 0.06 -0.075 -1 -1 0.06003100097178676 -0.16147497313770434 -1 -1
stick yball 1 0.06 -0.075 -1 -1 0.06003097641017991 -0.16151741060311461 -1 -1
stick yball 1 0.06 -0.075 -1 -1 0.05999784824811611 -0.16130614313652236 -1 -1
stick yball 1 0.06 -0.075 -1 -1 0.060038187625155476 -0.16152823760200774 -1 -1
stick yball 1 0.06 -0.075 -1 -1 0.06003921368396219 -0.16160266526183206 -1 -1
