stick yball 1 0.06 -0.075 -1 -1 0.056263293027937256 -0.16542414836896097 -1 -1
stick yball 1 0.06 -0.075 -1 -1 0.07164252981484012 -0.16153599324481693 -1 -1
stick yball 1 0.06 -0.075 -1 -1 0.0627246574490243 -0.16820419218905025 -1 -1
stick yball 1 0.06 -0.075 -1 -1 0.061019688670204957 -0.16128156912778557 -1 -1
stick yball 1 0.06 -0.075 -1 -1 0.0696954166198983 -0.16119836235927207 -1 -1
stick yball 1 0.06 -0.075 -1 -1 0.06842846444524323 -0.16907293431115775 -1 -1
stick yball 1 0.06 -0.075 -1 -1 0.06566772974390352 -0.17210706879905516 -1 -1
stick yball 1 0.06 -0.075 -1 -1 0.06203250805281034 -0.1631503374720924 -1 -1
stick yball 1 0.06 -0.075 -1 -1 0.07238680003094819 -0.16932999026797638 -1 -1
stick yball 1 0.06 -0.075 -1 -1 0.058049967345993124 -0.16985183885901795 -1 -1
stick yball 1 0.06 -0.075 -1 -1 0.06025544480524775 -0.16774206864686567 -1 -1
stick yball 1 0.06 -0.075 -1 -1 0.05303971773714962 -0.17283156200639485 -1 -1
stick yball 1 0.06 -0.075 -1 -1 0.07560318982108144 -0.177388681411271 -1 -1
stick yball 1 0.06 -0.075 -1 -1 0.05445969420779527 -0.16133355393638715 -1 -1
stick yball 1 0.06 -0.075 -1 -1 0.06436688119535855 -0.16507623523765422 -1 -1
stick yball 1 0.06 -0.075 -1 -1 0.05735007159258646 -0.17007120259672168 -1 -1
stick yball 1 0.06 -0.075 -1 -1 0.03655524262070168 -0.17471736444956526 -1 -1
stick yball 1 0.06 -0.075 -1 -1 0.040073077402921514 -0.1757975658913518 -1 -1
stick yball 1 0.06 -0.075 -1 -1 0.06467758923783662 -0.16700325155036327 -1 -1
stick yball 1 0.06 -0.075 -1 -1 0.06273700807407792 -0.16857415649396515 -1 -1
stick yball 1 0.06 -0.075 -1 -1 0.05816060320334097 -0.1623209458365164 -1 -1
stick yball 1 0.06 -0.075 -1 -1 0.06553903392775902 -0.16300102183585238 -1 -1
stick yball 1 0.06 -0.075 -1 -1 0.056821545033839245 -0.1690886601039056 -1 -1
stick yball 1 0.06 -0.075 -1 -1 0.042711442199541184 -0.16212254344635252 -1 -1
stick yball 1 0.06 -0.075 -1 -1 0.06359656212571191 -0.16688184001278686 -1 -1
stick yball 1 0.06 -0.075 -1 -1 0.05666022040125733 -0.16138243203542496 -1 -1
stick yball 1 0.06 -0.075 -1 -1 0.053346735554856604 -0.1706115660057224 -1 -1
stick yball 1 0.06 -0.075 -1 -1 0.06432277505360966 -0.1618390364477844 -1 -1
stick yball 1 0.06 -0.075 -1 -1 0.0637527239540625 -0.16144180726523158 -1 -1
stick yball 1 0.06 -0.075 -1 -1 0.04457608000337274 -0.16122802324136196 -1 -1
stick yball 1 0.06 -0.075 -1 -1 0.06653506332222121 -0.1637489618852767 -1 -1
stick yball 1 0.06 -0.075 -1 -1 0.055128500924381554 -0.16395484946320713 -1 -1
stick yball 1 0.06 -0.075 -1 -1 0.06919055379481126 -0.1620988599025766 -1 -1
stick yball 1 0.06 -0.075 -1 -1 0.0615676697274176 -0.1613942904467619 -1 -1
stick yball 1 0.06 -0.075 -1 -1 0.06454485546922675 -0.16444324584584316 -1 -1
stick yball 1 0.06 -0.075 -1 -1 0.06371952914915273 -0.16579243760889664 -1 -1
stick yball 1 0.06 -0.075 -1 -1 0.05973165730945211 -0.16610502118591636 -1 -1
stick yball 1 0.06 -0.075 -1 -1 0.06897721160287477 -0.17901857147405228 -1 -1
stick yball 1 0.06 -0.075 -1 -1 0.060268789160084116 -0.1629897875947656 -1 -1
stick yball 1 0.06 -0.075 -1 -1 0.07176910720579521 -0.16633473902156792 -1 -1
stick yball 1 0.06 -0.075 -1 -1 0.07234926999596555 -0.17602975074702046 -1 -1
stick yball 1 0.06 -0.075 -1 -1 0.046651731009015374 -0.16925199917295983 -1 -1
stick yball 1 0.06 -0.075 -1 -1 0.05637254636338957 -0.1656411852880392 -1 -1
stick yball 1 0.06 -0.075 -1 -1 0.04384787279071919 -0.1850857874245608 -1 -1
stick yball 1 0.06 -0.075 -1 -1 0.05627759231045983 -0.16487018489642563 -1 -1
stick yball 1 0.06 -0.075 -1 -1 0.05528115430578357 -0.17009887785975764 -1 -1
stick yball 1 0.06 -0.075 -1 -1 0.0577128853980246 -0.16315087063883135 -1 -1
stick yball 1 0.06 -0.075 -1 -1 0.04558755591777445 -0.16866555642098216 -1 -1
stick yball 1 0.06 -0.075 -1 -1 0.05818669048026931 -0.16988814785162135 -1 -1
stick yball 1 0.06 -0.075 -1 -1 0.050302807963023353 -0.17163222954996912 -1 -1
