stick yball 1 0.06 -0.075 -1 -1 0.031240924597725928 -0.23294751692984808 -1 -1
stick yball 1 0.06 -0.075 -1 -1 0.06038538531986466 -0.22013288626137453 -1 -1
stick yball 1 0.06 -0.075 -1 -1 0.04167586548280508 -0.17473988294119575 -1 -1
stick yball 1 0.06 -0.075 -1 -1 0.03468760461636433 -0.16142312849037477 -1 -1
stick yball 1 0.06 -0.075 -1 -1 -0.09707060643595003 -0.20623345896297499 -1 -1
stick yball 1 0.06 -0.075 -1 -1 -0.05289943769002014 -0.22607763567573905 -1 -1
stick yball 1 0.06 -0.075 -1 -1 0.18407196689086117 -0.16159024894712806 -1 -1
stick yball 1 0.06 -0.075 -1 -1 -0.0037906549708324666 -0.2120146192195076 -1 -1
stick yball 1 0.06 -0.075 -1 -1 0.06533022790317501 -0.18424431913697725 -1 -1
stick yball 1 0.06 -0.075 -1 -1 0.05547766048479176 -0.16317843159489262 -1 -1
stick yball 1 0.06 -0.075 -1 -1 0.06894608035951826 -0.19406981562516223 -1 -1
stick yball 1 0.06 -0.075 -1 -1 0.06193379660978214 -0.25190884112193257 -1 -1
stick yball 1 0.06 -0.075 -1 -1 0.0518856716109291 -0.18009721639675652 -1 -1
stick yball 1 0.06 -0.075 -1 -1 0.003658322913355155 -0.25220979524256526 -1 -1
stick yball 1 0.06 -0.075 -1 -1 0.16473258088969073 -0.22538920359766249 -1 -1
stick yball 1 0.06 -0.075 -1 -1 0.057754994684646954 -0.16232917685166007 -1 -1
stick yball 1 0.06 -0.075 -1 -1 0.055422895734067494 -0.16146560248589603 -1 -1
stick yball 1 0.06 -0.075 -1 -1 0.04489008255356097 -0.18767082567570112 -1 -1
stick yball 1 0.06 -0.075 -1 -1 0.04929434867392442 -0.1644040017291834 -1 -1
stick yball 1 0.06 -0.075 -1 -1 0.1605443784458938 -0.2679605002716949 -1 -1
stick yball 1 0.06 -0.075 -1 -1 0.054011726691038854 -0.1797408387314118 -1 -1
stick yball 1 0.06 -0.075 -1 -1 0.1331435636161156 -0.2522302235345096 -1 -1
stick yball 1 0.06 -0.075 -1 -1 0.033336597056199846 -0.1610813801040118 -1 -1
stick yball 1 0.06 -0.075 -1 -1 0.02361051785941468 -0.16166063900442793 -1 -1
stick yball 1 0.06 -0.075 -1 -1 0.1672496815632341 -0.25126870982045446 -1 -1
stick yball 1 0.06 -0.075 -1 -1 0.13985575010937787 -0.16138278568901587 -1 -1
stick yball 1 0.06 -0.075 -1 -1 0.10339984688479867 -0.25142335331558796 -1 -1
stick yball 1 0.06 -0.075 -1 -1 0.09214607477051907 -0.16222889433057472 -1 -1
stick yball 1 0.06 -0.075 -1 -1 -0.061283841864167514 -0.37534177771425226 -1 -1
stick yball 1 0.06 -0.075 -1 -1 0.15031348651967158 -0.279772161282945 -1 -1
stick yball 1 0.06 -0.075 -1 -1 0.0024083751619710324 -0.21925883401647586 -1 -1
stick yball 1 0.06 -0.075 -1 -1 0.09733167068228976 -0.16520985093920346 -1 -1
stick yball 1 0.06 -0.075 -1 -1 0.05564648314085073 -0.19048511010315855 -1 -1
stick yball 1 0.06 -0.075 -1 -1 0.00442676523402677 -0.15869262905728554 -1 -1
stick yball 1 0.06 -0.075 -1 -1 0.11183257581097181 -0.36146032910368564 -1 -1
stick yball 1 0.06 -0.075 -1 -1 0.05314606396907862 -0.16154693712746138 -1 -1
stick yball 1 0.06 -0.075 -1 -1 0.18842902855282703 -0.5638192683939588 -1 -1
stick yball 1 0.06 -0.075 -1 -1 -0.1110382804129093 -0.14891696338932636 -1 -1
stick yball 1 0.06 -0.075 -1 -1 0.06453999742543431 -0.18566046984522544 -1 -1
stick yball 1 0.06 -0.075 -1 -1 -0.0213797498656516 -0.1630501304590406 -1 -1
