0.81595137131776
1.9273847192670397
1.0487157580737763
0.40090295873559606
1.2119320902841262
1.7364440551422868
0.10638485739169987
0.4167362066559265
0.8035524966828556
1.0061347868561483
3.100434658932744
0.5670635329496531
0.6286552146905626
4.733177396911849
0.04890612844540215
0.40732779553632337
0.8345135439894495
2.8171209432732836
0.4643686502102027
0.22855325818339206
0.907820807038793
4.053368642451959
0.02545877497434421
0.5615280372213264
0.43284189673019063
0.09476280188444333
2.0381134832372543
0.039928972231825094
2.976232411961794
1.8580559475637464
0.015258041670778016
0.21409178955049646
0.503840473688007
0.2766325059393449
4.638836351613387
0.2529314384249078
0.7273445950503856
1.4127063550263164
0.057429752991651095
0.7210316702338035
0.3647028229605619
3.988351001856003
3.9549832957304263
0.587329216372683
1.7348143377573413
0.7671083536438763
0.060398402821134456
0.5280570957689485
1.0958885658324198
1.3104721961437984
0.24400490570808053
0.17505819782401494
0.347412052842919
2.2416901456004097
0.06469784767775233
0.24087068864245242
0.5620843636106266
0.13780810253694992
0.8058306417077288
0.17711314188507277
0.48550487132344206
0.35086264369940445
0.06611072542119356
0.47597048397437813
1.0869360327366038
0.20002529196525856
2.729207569424994
0.22610223707023092
0.6287197691663879
0.7294435130169568
0.07126288836959066
0.4770104817398746
0.7158740891501514
0.2816797286099903
0.44864894444650205
0.23146666420937806
0.5531205015894344
2.936321432384897
0.07796282379717837
0.13473037978357671
0.18653351167821644
1.181629991277309
2.847198180547074
0.19695231464456842
0.35446341587198793
0.375509720638798
0.17128051523910892
0.09156406116087276
0.5135103388439582
0.5676372946510064
0.47880132747662363
0.4821774528152494
1.1222920593566892
0.5697754894620763
0.2616189844044259
0.18609168408373483
0.18358089138676237
0.8160927225547547
0.2537242750637944
0.32531674728358884
0.9346253176159116
2.765488740092223
0.09476838964592016
0.3084282731000989
0.5765968203202148
1.2106729640890703
5.9576173890439685
0.4115695022317064
0.6667287595614315
5.388512021123529
0.08376039931652515
0.5229652355086254
0.40463343074130126
0.3139422964699571
6.207718529698187
0.09686491213816467
1.1160379806926621
0.09753377064136587
0.00916150901834159
0.36741499897393126
0.5198379267875414
0.686264099543964
0.3209771788651953
0.8698427505180144
0.5582366609209566
0.6283751528608423
0.04032881219592174
0.1941910429373373
0.6870817327461365
0.4313177482160583
1.7396951353284331
0.5377240094133395
0.48460422701350087
3.558756234282222
0.021494753229792857
0.14038172790695747
0.521333607414719
0.6431733515158624
1.4026872856407588
0.5223088610314677
0.5076884872109846
3.7636831139407434
0.05824815957288505
0.15920759038235915
0.5564428429358539
0.2505156340788114
2.261792005925272
0.17209955019997664
1.2583725570864455
0.9519045894458686
0.1415630710618051
0.17028733420175324
0.948017707793579
1.0018987701545359
2.133388222244409
0.6729686732623762
0.6349180505917835
2.516808661532008
0.02064928206452475
0.2575929235876543
0.6653314907711236
0.3482885921999893
2.4867379110311916
0.3999089058551017
0.7611050875576876
0.9385917143729055
0.09266024809602963
0.07339818252162578
0.6350716030955553
3.291241675202765
2.714797623568689
0.450708847909712
0.6990630880285299
0.4965684800605705
0.08831143438867728
0.3147525599527663
0.28312751727416996
0.36974363006184696
3.562674147691209
0.25772192490800344
1.2110488512072364
2.02562221832614
0.13644527462917316
0.3986913317450443
1.2599434624507926
2.971526362874367
1.355801949445613
0.028985566302668932
0.36684316127482464
9.014331800400054
0.06484107319182499
0.13701240264174552
0.9137900023155315
1.0326446880156817
0.2595903737844696
0.6326052524503596
0.32187398105989795
0.3369570834468423
0.0783861005911209
0.29534179440821107
0.48943293010521277
0.5490928411254153
4.207261399524064
0.6300031328826574
0.38949503691764364
1.4911494028055987
0.03426574527910348
0.03795203373915412
0.09516556677785526
0.23296845672609862
0.4787168934360556
0.43650173195851194
0.5072424060232091
2.1041862450509363
0.04650592155681763
0.20835796964266234
1.6261395728190366
0.23558049292702338
0.28041176689597974
0.4915738606974187
0.917658876270898
0.8655907766596582
0.10724235479260913
1.3659513549621716
0.46241560772183693
0.11718020624906061
0.9102959113835909
0.2830759806892274
0.5335409626396378
9.474879255271592
0.10805550863806779
0.42177523774920256
0.6438837833681148
0.7320037508969073
0.8504194355321617
1.21925263167579
1.083746058757184
0.3684746249713008
0.0362731919250869
0.1262005399150143
