stick ylego 2 0.06 0.05 -1 -1 0.043381438850075775 0.15979994252795438 -1 -1
stick ylego 2 0.06 0.05 -1 -1 0.04663014914264793 0.15541556707065818 -1 -1
stick ylego 2 0.06 0.05 -1 -1 0.12393056321791317 0.1652331012437417 -1 -1
stick ylego 2 0.06 0.05 -1 -1 0.07480501247866024 0.15165437195423498 -1 -1
stick ylego 2 0.06 0.05 -1 -1 0.040620887329332535 0.15590097192335792 -1 -1
stick ylego 2 0.06 0.05 -1 -1 0.0722820209100699 0.17819701132896446 -1 -1
stick ylego 2 0.06 0.05 -1 -1 0.06603500620034564 0.15887586467703416 -1 -1
stick ylego 2 0.06 0.05 -1 -1 0.05642679741515838 0.1523998301584635 -1 -1
stick ylego 2 0.06 0.05 -1 -1 0.020423821594784446 0.15286836143578042 -1 -1
stick ylego 2 0.06 0.05 -1 -1 0.07954855120776858 0.15907100857246603 -1 -1
stick ylego 2 0.06 0.05 -1 -1 0.07005605044938368 0.16003097973541056 -1 -1
stick ylego 2 0.06 0.05 -1 -1 0.06619885148307056 0.15385155187706923 -1 -1
stick ylego 2 0.06 0.05 -1 -1 0.06402484715494719 0.15534873280101286 -1 -1
stick ylego 2 0.06 0.05 -1 -1 0.06344721019235074 0.17541028670463044 -1 -1
stick ylego 2 0.06 0.05 -1 -1 0.03348040011755776 0.1554202248239113 -1 -1
stick ylego 2 0.06 0.05 -1 -1 0.003608457417345902 0.16214471399784688 -1 -1
stick ylego 2 0.06 0.05 -1 -1 0.10904577138678727 0.15324260163308084 -1 -1
stick ylego 2 0.06 0.05 -1 -1 0.07450608627598011 0.16512138442257268 -1 -1
stick ylego 2 0.06 0.05 -1 -1 0.062064321829777794 0.17504414293301493 -1 -1
stick ylego 2 0.06 0.05 -1 -1 0.10003297059857295 0.160371168790477 -1 -1
stick ylego 2 0.06 0.05 -1 -1 0.05417741334958526 0.16057109129941133 -1 -1
stick ylego 2 0.06 0.05 -1 -1 0.05912202799531672 0.1501637582044842 -1 -1
stick ylego 2 0.06 0.05 -1 -1 0.051429040396149 0.16193335903088962 -1 -1
stick ylego 2 0.06 0.05 -1 -1 0.04053530225993963 0.16460286440591898 -1 -1
stick ylego 2 0.06 0.05 -1 -1 0.07098501036378822 0.16380351054365 -1 -1
stick ylego 2 0.06 0.05 -1 -1 0.06409841166035528 0.1506343450800297 -1 -1
stick ylego 2 0.06 0.05 -1 -1 0.10624070057689888 0.16492546812568518 -1 -1
stick ylego 2 0.06 0.05 -1 -1 0.05887211688736829 0.17522811671118804 -1 -1
stick ylego 2 0.06 0.05 -1 -1 0.05996010068856999 0.1603461507297432 -1 -1
stick ylego 2 0.06 0.05 -1 -1 0.07630531320345971 0.15864554777756584 -1 -1
stick ylego 2 0.06 0.05 -1 -1 0.09203820570238602 0.16555243234448963 -1 -1
stick ylego 2 0.06 0.05 -1 -1 0.003970898623360096 0.14344129807564512 -1 -1
stick ylego 2 0.06 0.05 -1 -1 0.06499815436839941 0.16116249450684053 -1 -1
stick ylego 2 0.06 0.05 -1 -1 0.05961449824857072 0.1613499754521263 -1 -1
stick ylego 2 0.06 0.05 -1 -1 0.0853397714798726 0.15833230597816741 -1 -1
stick ylego 2 0.06 0.05 -1 -1 0.06325943584730125 0.15055384840662964 -1 -1
stick ylego 2 0.06 0.05 -1 -1 0.06315049625949458 0.15559081978970987 -1 -1
stick ylego 2 0.06 0.05 -1 -1 0.059345261965803676 0.15769445439063312 -1 -1
stick ylego 2 0.06 0.05 -1 -1 0.04601133231778952 0.16074703378350264 -1 -1
stick ylego 2 0.06 0.05 -1 -1 0.04167286455893249 0.1505053908846397 -1 -1
