stick ylego 2 0.06 0.05 -1 -1 0.058123543270637464 0.16064052449857766 -1 -1
stick ylego 2 0.06 0.05 -1 -1 0.05207216975463489 0.1544537691107084 -1 -1
stick ylego 2 0.06 0.05 -1 -1 0.06283535227504775 0.1617502420632629 -1 -1
stick ylego 2 0.06 0.05 -1 -1 0.050685729635325784 0.15142632868519965 -1 -1
stick ylego 2 0.06 0.05 -1 -1 0.06345962818149353 0.16056437990796746 -1 -1
stick ylego 2 0.06 0.05 -1 -1 0.056561369608532114 0.1747304261905357 -1 -1
stick ylego 2 0.06 0.05 -1 -1 0.06389948233697429 0.16045199917184716 -1 -1
stick ylego 2 0.06 0.05 -1 -1 0.0558551527882998 0.1559739032984823 -1 -1
stick ylego 2 0.06 0.05 -1 -1 0.04847430253866584 0.1534923584922207 -1 -1
stick ylego 2 0.06 0.05 -1 -1 0.05190198815827316 0.1595614203756458 -1 -1
stick ylego 2 0.06 0.05 -1 -1 0.05408671968310499 0.15141045927390157 -1 -1
stick ylego 2 0.06 0.05 -1 -1 0.05662218080271974 0.1760341185310409 -1 -1
stick ylego 2 0.06 0.05 -1 -1 0.08608362872358594 0.15488984443594148 -1 -1
stick ylego 2 0.06 0.05 -1 -1 0.06291289382334364 0.16008079384085702 -1 -1
stick ylego 2 0.06 0.05 -1 -1 0.061871259058640195 0.16003209964963036 -1 -1
stick ylego 2 0.06 0.05 -1 -1 0.06333422341685736 0.16091535318715916 -1 -1
stick ylego 2 0.06 0.05 -1 -1 0.05250004584584714 0.1544751285960139 -1 -1
stick ylego 2 0.06 0.05 -1 -1 0.06496370298317442 0.16022277690095446 -1 -1
stick ylego 2 0.06 0.05 -1 -1 0.05662966732275646 0.17369834575478035 -1 -1
stick ylego 2 0.06 0.05 -1 -1 0.059380131170384196 0.15867024075803934 -1 -1
stick ylego 2 0.06 0.05 -1 -1 0.04940460373611114 0.15184660901059255 -1 -1
stick ylego 2 0.06 0.05 -1 -1 0.04975018869572467 0.16055415225178113 -1 -1
stick ylego 2 0.06 0.05 -1 -1 0.05694710167676603 0.16099540637096782 -1 -1
stick ylego 2 0.06 0.05 -1 -1 0.058839805347123394 0.16044562963067593 -1 -1
stick ylego 2 0.06 0.05 -1 -1 0.057721524684623486 0.15389295144771858 -1 -1
stick ylego 2 0.06 0.05 -1 -1 0.07828640545190178 0.17746203557073253 -1 -1
stick ylego 2 0.06 0.05 -1 -1 0.0594006270012193 0.15986711426938469 -1 -1
stick ylego 2 0.06 0.05 -1 -1 0.06977840528921875 0.15870644024097194 -1 -1
stick ylego 2 0.06 0.05 -1 -1 0.06005023858044438 0.16298129055908545 -1 -1
stick ylego 2 0.06 0.05 -1 -1 0.07849982862880457 0.14882924748932844 -1 -1
stick ylego 2 0.06 0.05 -1 -1 0.06438982985119598 0.16010231478960438 -1 -1
stick ylego 2 0.06 0.05 -1 -1 0.05919936877162206 0.16082150630341904 -1 -1
stick ylego 2 0.06 0.05 -1 -1 0.049116959593376454 0.15453756126343446 -1 -1
stick ylego 2 0.06 0.05 -1 -1 0.05883584197321048 0.17453156498755834 -1 -1
stick ylego 2 0.06 0.05 -1 -1 0.04651416292587102 0.1569591118967213 -1 -1
stick ylego 2 0.06 0.05 -1 -1 0.08140987992511324 0.16978917218887266 -1 -1
stick ylego 2 0.06 0.05 -1 -1 0.05230282071178667 0.15455156629379893 -1 -1
stick ylego 2 0.06 0.05 -1 -1 0.048631544421931516 0.1613598324661189 -1 -1
stick ylego 2 0.06 0.05 -1 -1 0.05570309703410054 0.1747958702085029 -1 -1
stick ylego 2 0.06 0.05 -1 -1 0.055880179416873156 0.1750998817082684 -1 -1
