stick ylego 2 0.06 0.05 -1 -1 0.05605499184450373 0.17459866348971917 -1 -1 0 0 0 
stick ylego 2 0.06 0.05 -1 -1 0.056206466611909936 0.17501129128211407 -1 -1 0 0 0.08726646259971647 
stick ylego 2 0.06 0.05 -1 -1 0.06455766400391569 0.17408887878656704 -1 -1 0 0 0.5235987755982988 
stick ylego 2 0.06 0.05 -1 -1 0.06164648388585608 0.1603558817079201 -1 -1 0 0 1.5707963267948966 
stick ylego 2 0.06 0.05 -1 -1 0.06340532091699491 0.1745025038270443 -1 -1 0 0.08726646259971647 0.08726646259971647 
stick ylego 2 0.06 0.05 -1 -1 0.05657245974659838 0.1743859089750506 -1 -1 0 0.08726646259971647 0.5235987755982988 
stick ylego 2 0.06 0.05 -1 -1 0.056168566127628855 0.16010723667788143 -1 -1 0 0.08726646259971647 1.5707963267948966 
stick ylego 2 0.06 0.05 -1 -1 0.06730412617117404 0.150175184102544 -1 -1 0 0.5235987755982988 0.5235987755982988 
stick ylego 2 0.06 0.05 -1 -1 0.06631598722778391 0.16285550623203043 -1 -1 0 0.5235987755982988 1.5707963267948966 
stick ylego 2 0.06 0.05 -1 -1 0.060000684978617685 0.15635039267148107 -1 -1 0 1.5707963267948966 1.5707963267948966 
stick ylego 2 0.06 0.05 -1 -1 0.06287679020288847 0.17826728078396264 -1 -1 0.08726646259971647 0.08726646259971647 0.08726646259971647 
stick ylego 2 0.06 0.05 -1 -1 0.05539109441212169 0.17601824516296616 -1 -1 0.08726646259971647 0.08726646259971647 0.5235987755982988 
stick ylego 2 0.06 0.05 -1 -1 0.059030030005078137 0.1599222477692151 -1 -1 0.08726646259971647 0.08726646259971647 1.5707963267948966 
stick ylego 2 0.06 0.05 -1 -1 0.06530140371746838 0.17435510450084 -1 -1 0.08726646259971647 0.5235987755982988 0.5235987755982988 
stick ylego 2 0.06 0.05 -1 -1 0.059067535769207355 0.16023647632263324 -1 -1 0.08726646259971647 0.5235987755982988 1.5707963267948966 
stick ylego 2 0.06 0.05 -1 -1 0.0556527429827855 0.15739141051546732 -1 -1 0.08726646259971647 1.5707963267948966 1.5707963267948966 
stick ylego 2 0.06 0.05 -1 -1 0.03990790629324627 0.17265869518389446 -1 -1 0.5235987755982988 0.5235987755982988 0.5235987755982988 
stick ylego 2 0.06 0.05 -1 -1 0.07238642334850252 0.17483262971046562 -1 -1 0.5235987755982988 0.5235987755982988 1.5707963267948966 
stick ylego 2 0.06 0.05 -1 -1 0.03877574602081112 0.16105425899590478 -1 -1 0.5235987755982988 1.5707963267948966 1.5707963267948966 
stick ylego 2 0.06 0.05 -1 -1 0.09065073309403113 0.16470950335006798 -1 -1 1.5707963267948966 1.5707963267948966 1.5707963267948966 
