stick ylego 2 0.06 0.05 -1 -1 0.060031310331734575 0.1518207491072708 -1 -1
stick ylego 2 0.06 0.05 -1 -1 0.06003334871974571 0.15319062194042354 -1 -1
stick ylego 2 0.06 0.05 -1 -1 0.060023884081881626 0.15483717755230686 -1 -1
stick ylego 2 0.06 0.05 -1 -1 0.060030993765721546 0.1538481183255624 -1 -1
stick ylego 2 0.06 0.05 -1 -1 0.05996768789373964 0.1538309640641536 -1 -1
stick ylego 2 0.06 0.05 -1 -1 0.024334047357853435 0.16869862599182137 -1 -1
stick ylego 2 0.06 0.05 -1 -1 0.05996721192157664 0.1524617067942802 -1 -1
stick ylego 2 0.06 0.05 -1 -1 0.04915563028915692 0.16229936603071216 -1 -1
stick ylego 2 0.06 0.05 -1 -1 0.06002894269365882 0.15420944557002517 -1 -1
stick ylego 2 0.06 0.05 -1 -1 0.04597286445262252 0.18864909338340324 -1 -1
stick ylego 2 0.06 0.05 -1 -1 0.08307855977672385 0.15594997843668995 -1 -1
stick ylego 2 0.06 0.05 -1 -1 0.06003083409680584 0.15382122201014975 -1 -1
stick ylego 2 0.06 0.05 -1 -1 0.0832028056043555 0.1559581494687348 -1 -1
stick ylego 2 0.06 0.05 -1 -1 0.08414991177568694 0.15602858375432566 -1 -1
stick ylego 2 0.06 0.05 -1 -1 0.038191188116739445 0.15599318113667468 -1 -1
stick ylego 2 0.06 0.05 -1 -1 0.05997011853128861 0.15441539241736282 -1 -1
stick ylego 2 0.06 0.05 -1 -1 0.03769679567030186 0.1558129738793369 -1 -1
stick ylego 2 0.06 0.05 -1 -1 0.059967936528436724 0.1540208890807071 -1 -1
stick ylego 2 0.06 0.05 -1 -1 0.05996741858747494 0.15388984973860126 -1 -1
stick ylego 2 0.06 0.05 -1 -1 0.060031260713265075 0.15374889027322272 -1 -1
stick ylego 2 0.06 0.05 -1 -1 0.0600296678437681 0.15408250184439579 -1 -1
stick ylego 2 0.06 0.05 -1 -1 0.05996540311331393 0.15141513178111254 -1 -1
stick ylego 2 0.06 0.05 -1 -1 0.05996683519986915 0.15373557993898287 -1 -1
stick ylego 2 0.06 0.05 -1 -1 0.05997123462443308 0.15458490678717576 -1 -1
stick ylego 2 0.06 0.05 -1 -1 0.049012971041390234 0.1626500714321947 -1 -1
stick ylego 2 0.06 0.05 -1 -1 0.06003402949351134 0.15281179368064826 -1 -1
stick ylego 2 0.06 0.05 -1 -1 0.08063243642743717 0.15572790229189631 -1 -1
stick ylego 2 0.06 0.05 -1 -1 0.04051819597037589 0.15546631758742815 -1 -1
stick ylego 2 0.06 0.05 -1 -1 0.05996697332584067 0.15237891576445425 -1 -1
stick ylego 2 0.06 0.05 -1 -1 0.08067673701896091 0.15573326420962535 -1 -1
stick ylego 2 0.06 0.05 -1 -1 0.05996925072927938 0.15424463081789286 -1 -1
stick ylego 2 0.06 0.05 -1 -1 0.04664299137247793 0.19026393435368028 -1 -1
stick ylego 2 0.06 0.05 -1 -1 0.06003248843028832 0.15341549085141687 -1 -1
stick ylego 2 0.06 0.05 -1 -1 0.0663825873468676 0.19980485112012572 -1 -1
stick ylego 2 0.06 0.05 -1 -1 0.05997346619957981 0.15488385576962863 -1 -1
stick ylego 2 0.06 0.05 -1 -1 0.0460563463250663 0.16834923466724483 -1 -1
stick ylego 2 0.06 0.05 -1 -1 0.059974069980330814 0.15495572070568464 -1 -1
stick ylego 2 0.06 0.05 -1 -1 0.060032567851485384 0.15339919115350406 -1 -1
stick ylego 2 0.06 0.05 -1 -1 0.08580858890692963 0.19961396047559676 -1 -1
stick ylego 2 0.06 0.05 -1 -1 0.08581493130326982 0.19959969663893912 -1 -1
stick ylego 2 0.06 0.05 -1 -1 0.059968281059036545 0.15307357761119678 -1 -1
stick ylego 2 0.06 0.05 -1 -1 0.03315595273239826 0.16029990080970175 -1 -1
stick ylego 2 0.06 0.05 -1 -1 0.0663694954251471 0.19980986844372833 -1 -1
stick ylego 2 0.06 0.05 -1 -1 0.05996886480315682 0.1532203862848535 -1 -1
stick ylego 2 0.06 0.05 -1 -1 0.059966426771616996 0.1517308994954186 -1 -1
stick ylego 2 0.06 0.05 -1 -1 0.05997398808772865 0.1549431621523043 -1 -1
stick ylego 2 0.06 0.05 -1 -1 0.06002664960651276 0.15455011231404173 -1 -1
stick ylego 2 0.06 0.05 -1 -1 0.05997170451541614 0.15464927104404919 -1 -1
stick ylego 2 0.06 0.05 -1 -1 0.05996896247717203 0.15419857568189949 -1 -1
stick ylego 2 0.06 0.05 -1 -1 0.05996702823811819 0.1523945792873864 -1 -1
stick ylego 2 0.06 0.05 -1 -1 0.059965565020372445 0.15350450773407515 -1 -1
stick ylego 2 0.06 0.05 -1 -1 0.0599684385798255 0.1541044124215829 -1 -1
stick ylego 2 0.06 0.05 -1 -1 0.06002412806950343 0.15482812497609913 -1 -1
stick ylego 2 0.06 0.05 -1 -1 0.039523475163063634 0.15559837954211028 -1 -1
stick ylego 2 0.06 0.05 -1 -1 0.05996769318846691 0.152845122228315 -1 -1
stick ylego 2 0.06 0.05 -1 -1 0.03705931135642497 0.15587835773825 -1 -1
stick ylego 2 0.06 0.05 -1 -1 0.0600286474465139 0.154173548389604 -1 -1
stick ylego 2 0.06 0.05 -1 -1 0.04594105703926055 0.1677144448743449 -1 -1
stick ylego 2 0.06 0.05 -1 -1 0.060034549953708154 0.15255554860238818 -1 -1
stick ylego 2 0.06 0.05 -1 -1 0.05996580798876433 0.1535111230074157 -1 -1
