stick ylego 2 0.06 0.05 -1 -1 0.058965118495936095 0.17434545930989281 -1 -1
stick ylego 2 0.06 0.05 -1 -1 0.05900728053228572 0.17162295335158706 -1 -1
stick ylego 2 0.06 0.05 -1 -1 0.054222339694734056 0.16368390350840417 -1 -1
stick ylego 2 0.06 0.05 -1 -1 0.06079552697950304 0.17415294508498647 -1 -1
stick ylego 2 0.06 0.05 -1 -1 0.05704108580818104 0.1743148382905459 -1 -1
stick ylego 2 0.06 0.05 -1 -1 0.05497523380622901 0.17462283829942563 -1 -1
stick ylego 2 0.06 0.05 -1 -1 0.05494909799354863 0.17662600245601756 -1 -1
stick ylego 2 0.06 0.05 -1 -1 0.05995095451357542 0.17441851898458938 -1 -1
stick ylego 2 0.06 0.05 -1 -1 0.06054471594739054 0.1745254312990226 -1 -1
stick ylego 2 0.06 0.05 -1 -1 0.05505076730243361 0.17447619178145785 -1 -1
stick ylego 2 0.06 0.05 -1 -1 0.0643676233533067 0.15847711784667745 -1 -1
stick ylego 2 0.06 0.05 -1 -1 0.06479408678139316 0.17488860970299838 -1 -1
stick ylego 2 0.06 0.05 -1 -1 0.06022609121535828 0.15048517953682006 -1 -1
stick ylego 2 0.06 0.05 -1 -1 0.0558043208336013 0.17482125331421675 -1 -1
stick ylego 2 0.06 0.05 -1 -1 0.06012222872276129 0.17503239041273028 -1 -1
stick ylego 2 0.06 0.05 -1 -1 0.054798071663134905 0.17730303915802573 -1 -1
stick ylego 2 0.06 0.05 -1 -1 0.05673308724976269 0.17475622888321585 -1 -1
stick ylego 2 0.06 0.05 -1 -1 0.05890220219947928 0.1752458936152769 -1 -1
stick ylego 2 0.06 0.05 -1 -1 0.058656018220414566 0.17511449063457915 -1 -1
stick ylego 2 0.06 0.05 -1 -1 0.060590152601146745 0.1725955815527321 -1 -1
stick ylego 2 0.06 0.05 -1 -1 0.057541419001704286 0.17490697585248083 -1 -1
stick ylego 2 0.06 0.05 -1 -1 0.05705106380968609 0.17470967194935114 -1 -1
stick ylego 2 0.06 0.05 -1 -1 0.055839478664218366 0.1754134740001418 -1 -1
stick ylego 2 0.06 0.05 -1 -1 0.05651007648236644 0.17701057155572836 -1 -1
stick ylego 2 0.06 0.05 -1 -1 0.05096618462431213 0.174875879582619 -1 -1
stick ylego 2 0.06 0.05 -1 -1 0.05834828362614188 0.175022741127618 -1 -1
stick ylego 2 0.06 0.05 -1 -1 0.06066460530647063 0.17489135388001356 -1 -1
stick ylego 2 0.06 0.05 -1 -1 0.06118074939509106 0.17516205660934633 -1 -1
stick ylego 2 0.06 0.05 -1 -1 0.05838671746819718 0.17479276523011092 -1 -1
stick ylego 2 0.06 0.05 -1 -1 0.059269258946107975 0.15108013285976377 -1 -1
stick ylego 2 0.06 0.05 -1 -1 0.05828521521203208 0.17403096939169432 -1 -1
stick ylego 2 0.06 0.05 -1 -1 0.06175874370069937 0.17515211720497292 -1 -1
stick ylego 2 0.06 0.05 -1 -1 0.056792236376834455 0.17494861971838488 -1 -1
stick ylego 2 0.06 0.05 -1 -1 0.0600215407643181 0.17536528006159993 -1 -1
stick ylego 2 0.06 0.05 -1 -1 0.0561019330182762 0.174792135959574 -1 -1
stick ylego 2 0.06 0.05 -1 -1 0.058120422906159944 0.16148670232884996 -1 -1
stick ylego 2 0.06 0.05 -1 -1 0.05547645502678735 0.1749886405856167 -1 -1
stick ylego 2 0.06 0.05 -1 -1 0.061934799420538485 0.1621773860678351 -1 -1
stick ylego 2 0.06 0.05 -1 -1 0.057127443794272544 0.17487820273004218 -1 -1
stick ylego 2 0.06 0.05 -1 -1 0.05985959413362457 0.1716393612949762 -1 -1
