stick ylego 2 0.06 0.05 -1 -1 0.060029298298825653 0.15413292753043456 -1 -1
stick ylego 2 0.06 0.05 -1 -1 0.04607875552627618 0.1682603841334204 -1 -1
stick ylego 2 0.06 0.05 -1 -1 0.05996295124297798 0.15326246573998575 -1 -1
stick ylego 2 0.06 0.05 -1 -1 0.06003467738063419 0.15241597523973113 -1 -1
stick ylego 2 0.06 0.05 -1 -1 0.05996647998795084 0.15161709286488612 -1 -1
stick ylego 2 0.06 0.05 -1 -1 0.060031551753831486 0.15176743117443375 -1 -1
stick ylego 2 0.06 0.05 -1 -1 0.06002826442547607 0.15430523369833274 -1 -1
stick ylego 2 0.06 0.05 -1 -1 0.045303831726437205 0.18682898911358262 -1 -1
stick ylego 2 0.06 0.05 -1 -1 0.04607637988226562 0.16790056766734895 -1 -1
stick ylego 2 0.06 0.05 -1 -1 0.0806894683166765 0.15573331978083224 -1 -1
stick ylego 2 0.06 0.05 -1 -1 0.059968037807462425 0.15302097011103072 -1 -1
stick ylego 2 0.06 0.05 -1 -1 0.06003108913760323 0.15182982615696067 -1 -1
stick ylego 2 0.06 0.05 -1 -1 0.05996907707476404 0.15325336757139196 -1 -1
stick ylego 2 0.06 0.05 -1 -1 0.060026027247684896 0.15461815506576468 -1 -1
stick ylego 2 0.06 0.05 -1 -1 0.047558780901416714 0.16448805713021866 -1 -1
stick ylego 2 0.06 0.05 -1 -1 0.060033608952993804 0.15305061096344 -1 -1
stick ylego 2 0.06 0.05 -1 -1 0.05997039848495952 0.15445955296542052 -1 -1
stick ylego 2 0.06 0.05 -1 -1 0.05996699080471441 0.15166354269383647 -1 -1
stick ylego 2 0.06 0.05 -1 -1 0.05996765451255917 0.15265071221788654 -1 -1
stick ylego 2 0.06 0.05 -1 -1 0.05996617653963609 0.15153172214772292 -1 -1
