stick ylego 2 0.06 0.05 -1 -1 0.05754251393493405 0.17526563533501222 -1 -1
stick ylego 2 0.06 0.05 -1 -1 0.06156436373444706 0.17545510451019036 -1 -1
stick ylego 2 0.06 0.05 -1 -1 0.05933717644938741 0.17500127599314463 -1 -1
stick ylego 2 0.06 0.05 -1 -1 0.06059725827703795 0.1753734162382865 -1 -1
stick ylego 2 0.06 0.05 -1 -1 0.06312583478022181 0.17512426212367668 -1 -1
stick ylego 2 0.06 0.05 -1 -1 0.056377415832416636 0.17450027178215496 -1 -1
stick ylego 2 0.06 0.05 -1 -1 0.06319519904202887 0.1752251414247145 -1 -1
stick ylego 2 0.06 0.05 -1 -1 0.05583936182739998 0.17433847615801212 -1 -1
stick ylego 2 0.06 0.05 -1 -1 0.06320004802424097 0.17499630883371584 -1 -1
stick ylego 2 0.06 0.05 -1 -1 0.061847932554060514 0.175615432675709 -1 -1
stick ylego 2 0.06 0.05 -1 -1 0.05601576306855964 0.17401323870873753 -1 -1
stick ylego 2 0.06 0.05 -1 -1 0.055827890056393825 0.17443028581163394 -1 -1
stick ylego 2 0.06 0.05 -1 -1 0.05709848027837324 0.17437118786755287 -1 -1
stick ylego 2 0.06 0.05 -1 -1 0.05585440141944885 0.17425574276812694 -1 -1
stick ylego 2 0.06 0.05 -1 -1 0.06259187595226899 0.17529604144095012 -1 -1
stick ylego 2 0.06 0.05 -1 -1 0.06286911113653822 0.1746753252130345 -1 -1
stick ylego 2 0.06 0.05 -1 -1 0.05633249486982598 0.17437766415625616 -1 -1
stick ylego 2 0.06 0.05 -1 -1 0.05625698357267971 0.17443719712465733 -1 -1
stick ylego 2 0.06 0.05 -1 -1 0.05613834331620383 0.17449240241315955 -1 -1
stick ylego 2 0.06 0.05 -1 -1 0.06303602640017278 0.1751634234768793 -1 -1
stick ylego 2 0.06 0.05 -1 -1 0.06084753589498313 0.1748494116393366 -1 -1
stick ylego 2 0.06 0.05 -1 -1 0.06161432668840619 0.17562261456468503 -1 -1
stick ylego 2 0.06 0.05 -1 -1 0.06336266521712451 0.17544211989078695 -1 -1
stick ylego 2 0.06 0.05 -1 -1 0.0638150839604457 0.17460316907144507 -1 -1
stick ylego 2 0.06 0.05 -1 -1 0.05958011886302128 0.17519229664292169 -1 -1
stick ylego 2 0.06 0.05 -1 -1 0.06309122751922774 0.17555968233631533 -1 -1
stick ylego 2 0.06 0.05 -1 -1 0.06243411588414859 0.17503454015850645 -1 -1
stick ylego 2 0.06 0.05 -1 -1 0.06324784058022889 0.17481904981728016 -1 -1
stick ylego 2 0.06 0.05 -1 -1 0.06343757992976254 0.1746219289978629 -1 -1
stick ylego 2 0.06 0.05 -1 -1 0.05662549099859889 0.174238742286665 -1 -1
stick ylego 2 0.06 0.05 -1 -1 0.056431095234473455 0.17419492896193717 -1 -1
stick ylego 2 0.06 0.05 -1 -1 0.06331366727088657 0.1754151097465504 -1 -1
stick ylego 2 0.06 0.05 -1 -1 0.06322031996954855 0.1747938012699014 -1 -1
stick ylego 2 0.06 0.05 -1 -1 0.06209614614012605 0.17558884618924037 -1 -1
stick ylego 2 0.06 0.05 -1 -1 0.06279496101169858 0.17491009181710276 -1 -1
stick ylego 2 0.06 0.05 -1 -1 0.06350990710500759 0.1751525531740296 -1 -1
stick ylego 2 0.06 0.05 -1 -1 0.053862447962886174 0.1742601752292921 -1 -1
stick ylego 2 0.06 0.05 -1 -1 0.06336527070795894 0.17520239125183001 -1 -1
stick ylego 2 0.06 0.05 -1 -1 0.056179642984921146 0.17430463875891233 -1 -1
stick ylego 2 0.06 0.05 -1 -1 0.06256573692358441 0.1749788023638182 -1 -1
