stick ylego 2 0.06 0.05 -1 -1 0.060034848048563995 0.1522520311388484 -1 -1
stick ylego 2 0.06 0.05 -1 -1 0.0600292490639468 0.15414010671026543 -1 -1
stick ylego 2 0.06 0.05 -1 -1 0.06002720053620535 0.15446735320807903 -1 -1
stick ylego 2 0.06 0.05 -1 -1 0.06003160755196604 0.15174952082224108 -1 -1
stick ylego 2 0.06 0.05 -1 -1 0.03014255191007984 0.16049753049845983 -1 -1
stick ylego 2 0.06 0.05 -1 -1 0.029865954872889594 0.16069952435463403 -1 -1
stick ylego 2 0.06 0.05 -1 -1 0.06002723479807017 0.15446238644814733 -1 -1
stick ylego 2 0.06 0.05 -1 -1 0.048759720911969125 0.162772176996933 -1 -1
stick ylego 2 0.06 0.05 -1 -1 0.06003174446331695 0.15350188375890889 -1 -1
stick ylego 2 0.06 0.05 -1 -1 0.08344331157384768 0.15597751898246082 -1 -1
stick ylego 2 0.06 0.05 -1 -1 0.05996811866669574 0.15294662417126725 -1 -1
stick ylego 2 0.06 0.05 -1 -1 0.06643190972697935 0.19978062369254926 -1 -1
stick ylego 2 0.06 0.05 -1 -1 0.06020022168528804 0.15511623271166988 -1 -1
stick ylego 2 0.06 0.05 -1 -1 0.06889217329590752 0.1978657256659952 -1 -1
stick ylego 2 0.06 0.05 -1 -1 0.059968768294381206 0.15419102485052522 -1 -1
stick ylego 2 0.06 0.05 -1 -1 0.060031465310959674 0.1518120564512885 -1 -1
stick ylego 2 0.06 0.05 -1 -1 0.03861135632207536 0.15571343581572958 -1 -1
stick ylego 2 0.06 0.05 -1 -1 0.06002281338868658 0.1549847430750843 -1 -1
stick ylego 2 0.06 0.05 -1 -1 0.05997104086754902 0.15449503319606359 -1 -1
stick ylego 2 0.06 0.05 -1 -1 0.060034016995954 0.15249791959148853 -1 -1
stick ylego 2 0.06 0.05 -1 -1 0.05994111550295174 0.15500079596162444 -1 -1
stick ylego 2 0.06 0.05 -1 -1 0.060034647319009746 0.15242811304669696 -1 -1
stick ylego 2 0.06 0.05 -1 -1 0.05996707108288306 0.1521560841450953 -1 -1
stick ylego 2 0.06 0.05 -1 -1 0.08594726249582697 0.19949727826622624 -1 -1
stick ylego 2 0.06 0.05 -1 -1 0.06002363255288278 0.15489698039791153 -1 -1
stick ylego 2 0.06 0.05 -1 -1 0.06003406032143177 0.15279476891767357 -1 -1
stick ylego 2 0.06 0.05 -1 -1 0.06002533401313807 0.1547108278596146 -1 -1
stick ylego 2 0.06 0.05 -1 -1 0.059973247529217795 0.15482694657292634 -1 -1
stick ylego 2 0.06 0.05 -1 -1 0.06003354224893663 0.15306550194080246 -1 -1
stick ylego 2 0.06 0.05 -1 -1 0.06003161049259205 0.15174837807388752 -1 -1
stick ylego 2 0.06 0.05 -1 -1 0.060030454819879495 0.15392259310569129 -1 -1
stick ylego 2 0.06 0.05 -1 -1 0.05997381365511358 0.15492428738330075 -1 -1
stick ylego 2 0.06 0.05 -1 -1 0.062157237239695205 0.20300585299908305 -1 -1
stick ylego 2 0.06 0.05 -1 -1 0.05056791662110215 0.19547189326488187 -1 -1
stick ylego 2 0.06 0.05 -1 -1 0.05098935815289666 0.19588833494162827 -1 -1
stick ylego 2 0.06 0.05 -1 -1 0.029866009242862996 0.16069945695368504 -1 -1
stick ylego 2 0.06 0.05 -1 -1 0.03892595034134803 0.15566935116324015 -1 -1
stick ylego 2 0.06 0.05 -1 -1 0.037917483265235336 0.15579169767810966 -1 -1
stick ylego 2 0.06 0.05 -1 -1 0.05998677873920962 0.1514081668594479 -1 -1
stick ylego 2 0.06 0.05 -1 -1 0.05996687310846763 0.15374279965718862 -1 -1
