stick ylego 2 0.06 0.05 -1 -1 0.060173994295135896 0.15134566983930658 -1 -1 0 -1.5707963267948966 0 
stick ylego 2 0.06 0.05 -1 -1 0.05991503334248453 0.15135590216648295 -1 -1 0 -1.0471975511965976 0 
stick ylego 2 0.06 0.05 -1 -1 0.0427090748046404 0.1513478200312055 -1 -1 0 -0.7853981633974483 0 
stick ylego 2 0.06 0.05 -1 -1 0.06439832054623928 0.15160978076779835 -1 -1 0 -0.5235987755982988 0 
stick ylego 2 0.06 0.05 -1 -1 0.06401459553426618 0.15162698512988582 -1 -1 0 -0.2617993877991494 0 
stick ylego 2 0.06 0.05 -1 -1 0.06251053059257282 0.15152908781807006 -1 -1 0 -0.08726646259971647 0 
stick ylego 2 0.06 0.05 -1 -1 0.0642958681421451 0.1514940408968594 -1 -1 0 0 0 
stick ylego 2 0.06 0.05 -1 -1 0.06400851781951955 0.15142371667668592 -1 -1 0 0.08726646259971647 0 
stick ylego 2 0.06 0.05 -1 -1 0.06427720594445306 0.15146256238337008 -1 -1 0 0.2617993877991494 0 
stick ylego 2 0.06 0.05 -1 -1 0.06427513158095613 0.15146256242835138 -1 -1 0 0.5235987755982988 0 
stick ylego 2 0.06 0.05 -1 -1 0.060413609483931784 0.15134076975364533 -1 -1 0 0.7853981633974483 0 
stick ylego 2 0.06 0.05 -1 -1 0.05882964779628932 0.15133107444613272 -1 -1 0 1.0471975511965976 0 
stick ylego 2 0.06 0.05 -1 -1 0.06019551689250431 0.15132571699960842 -1 -1 0 1.5707963267948966 0 
