stick ylego 2 0.06 0.05 -1 -1 0.0011885945458943287 0.1636710589825236 -1 -1
stick ylego 2 0.06 0.05 -1 -1 0.07018763142674873 0.14950104307313963 -1 -1
stick ylego 2 0.06 0.05 -1 -1 0.06187860949875336 0.15008764267857028 -1 -1
stick ylego 2 0.06 0.05 -1 -1 0.026915829326209485 0.15241472635099013 -1 -1
stick ylego 2 0.06 0.05 -1 -1 0.05619548755466977 0.15022848622748705 -1 -1
stick ylego 2 0.06 0.05 -1 -1 0.05865650058572442 0.14979630443080857 -1 -1
stick ylego 2 0.06 0.05 -1 -1 0.11814099507806991 0.1565697646102645 -1 -1
stick ylego 2 0.06 0.05 -1 -1 0.0566939218234428 0.17480631304643662 -1 -1
stick ylego 2 0.06 0.05 -1 -1 0.0645825072414667 0.17540956188796195 -1 -1
stick ylego 2 0.06 0.05 -1 -1 0.14005662350176093 0.14986154712139507 -1 -1
stick ylego 2 0.06 0.05 -1 -1 0.05716403455307504 0.17791591055951575 -1 -1
stick ylego 2 0.06 0.05 -1 -1 0.009608648295112866 0.146977946794768 -1 -1
stick ylego 2 0.06 0.05 -1 -1 0.06268983272162314 0.15014236163229314 -1 -1
stick ylego 2 0.06 0.05 -1 -1 0.0952023156503714 0.15165103976300637 -1 -1
stick ylego 2 0.06 0.05 -1 -1 0.05971509659841355 0.14994529006334484 -1 -1
stick ylego 2 0.06 0.05 -1 -1 0.06167389358048898 0.1776421935049108 -1 -1
stick ylego 2 0.06 0.05 -1 -1 0.06282496184055453 0.17496257583757513 -1 -1
stick ylego 2 0.06 0.05 -1 -1 0.0030452669574327585 0.14590628801667838 -1 -1
stick ylego 2 0.06 0.05 -1 -1 0.05995382204022347 0.14992255617918368 -1 -1
stick ylego 2 0.06 0.05 -1 -1 0.060594380684897184 0.15001156826958137 -1 -1
stick ylego 2 0.06 0.05 -1 -1 0.05928112150671016 0.15013558854335587 -1 -1
stick ylego 2 0.06 0.05 -1 -1 0.09879619242540477 0.15544301995259185 -1 -1
stick ylego 2 0.06 0.05 -1 -1 0.06271268533845166 0.17550087437090767 -1 -1
stick ylego 2 0.06 0.05 -1 -1 0.06436914033137928 0.15062040471543178 -1 -1
stick ylego 2 0.06 0.05 -1 -1 0.06087306452636306 0.14981607044425577 -1 -1
stick ylego 2 0.06 0.05 -1 -1 0.09768108964209271 0.16238315504948675 -1 -1
stick ylego 2 0.06 0.05 -1 -1 0.06397443131031659 0.17482713462516686 -1 -1
stick ylego 2 0.06 0.05 -1 -1 0.06206789650389264 0.15029281690553165 -1 -1
stick ylego 2 0.06 0.05 -1 -1 0.04820362665281583 0.1729118105644775 -1 -1
stick ylego 2 0.06 0.05 -1 -1 0.06360752290936872 0.15035882478641838 -1 -1
stick ylego 2 0.06 0.05 -1 -1 -0.005198797690449188 0.1361865619014861 -1 -1
stick ylego 2 0.06 0.05 -1 -1 -0.01103816086248214 0.13788613062910718 -1 -1
stick ylego 2 0.06 0.05 -1 -1 0.0987266701966437 0.16898447978737116 -1 -1
stick ylego 2 0.06 0.05 -1 -1 0.06456589673067412 0.17509977191308862 -1 -1
stick ylego 2 0.06 0.05 -1 -1 0.0521091831346827 0.1503173264332873 -1 -1
stick ylego 2 0.06 0.05 -1 -1 0.071126978970157 0.14918965898824174 -1 -1
stick ylego 2 0.06 0.05 -1 -1 -0.02056090540928284 0.09430089581576023 -1 -1
stick ylego 2 0.06 0.05 -1 -1 0.13351085650694325 0.15111282439333917 -1 -1
stick ylego 2 0.06 0.05 -1 -1 -0.0006874450985513576 0.14126290918139267 -1 -1
stick ylego 2 0.06 0.05 -1 -1 0.03309406364877545 0.1498094262942168 -1 -1
