stick ylego 2 0.06 0.05 -1 -1 0.058362865411073946 0.1463137506442494 -1 -1 -1.5707963267948966 0 0 
stick ylego 2 0.06 0.05 -1 -1 0.055976550487752866 0.14625009873899983 -1 -1 -1.0471975511965976 0 0 
stick ylego 2 0.06 0.05 -1 -1 0.05617690860460422 0.14631717619753437 -1 -1 -0.7853981633974483 0 0 
stick ylego 2 0.06 0.05 -1 -1 0.06227918410778615 0.151424877727016 -1 -1 -0.5235987755982988 0 0 
stick ylego 2 0.06 0.05 -1 -1 0.06404117634139223 0.15155322500927848 -1 -1 -0.2617993877991494 0 0 
stick ylego 2 0.06 0.05 -1 -1 0.06413234369028054 0.15149373849115244 -1 -1 -0.08726646259971647 0 0 
stick ylego 2 0.06 0.05 -1 -1 0.0642958681421451 0.1514940408968594 -1 -1 0 0 0 
stick ylego 2 0.06 0.05 -1 -1 0.06663478258457153 0.15138424269894454 -1 -1 0.08726646259971647 0 0 
stick ylego 2 0.06 0.05 -1 -1 0.06397572625555747 0.15154945173620715 -1 -1 0.2617993877991494 0 0 
stick ylego 2 0.06 0.05 -1 -1 0.06932993633303859 0.15142442252579535 -1 -1 0.5235987755982988 0 0 
stick ylego 2 0.06 0.05 -1 -1 0.06238804277015859 0.1461310439748392 -1 -1 0.7853981633974483 0 0 
stick ylego 2 0.06 0.05 -1 -1 0.06321167723044109 0.14612391715143772 -1 -1 1.0471975511965976 0 0 
stick ylego 2 0.06 0.05 -1 -1 0.06038553137952223 0.14622692259546638 -1 -1 1.5707963267948966 0 0 
