stick ylego 2 0.06 0.05 -1 -1 0.05997267914379333 0.15477797427634035 -1 -1
stick ylego 2 0.06 0.05 -1 -1 0.0599668392858152 0.15235286255596953 -1 -1
stick ylego 2 0.06 0.05 -1 -1 0.040290420619079566 0.1554987747021135 -1 -1
stick ylego 2 0.06 0.05 -1 -1 0.06608484068990969 0.1999487231769825 -1 -1
stick ylego 2 0.06 0.05 -1 -1 0.05996737051033214 0.15268468473602656 -1 -1
stick ylego 2 0.06 0.05 -1 -1 0.06002872767705768 0.1541704819926737 -1 -1
stick ylego 2 0.06 0.05 -1 -1 0.08054554836034304 0.15571970322718026 -1 -1
stick ylego 2 0.06 0.05 -1 -1 0.060028864189097496 0.1541652505933414 -1 -1
stick ylego 2 0.06 0.05 -1 -1 0.06002721623591487 0.154465073181137 -1 -1
stick ylego 2 0.06 0.05 -1 -1 0.05832067060738672 0.20318350159949675 -1 -1
stick ylego 2 0.06 0.05 -1 -1 0.046022523345269344 0.168228563231768 -1 -1
stick ylego 2 0.06 0.05 -1 -1 0.08361759513408004 0.15599019133499614 -1 -1
stick ylego 2 0.06 0.05 -1 -1 0.06003477612063803 0.15238503845236887 -1 -1
stick ylego 2 0.06 0.05 -1 -1 0.060027411482909715 0.15443785762078563 -1 -1
stick ylego 2 0.06 0.05 -1 -1 0.05996798602932973 0.15290950685261992 -1 -1
stick ylego 2 0.06 0.05 -1 -1 0.08530444407266402 0.19997604366352636 -1 -1
stick ylego 2 0.06 0.05 -1 -1 0.06003504719224804 0.15194340199357773 -1 -1
stick ylego 2 0.06 0.05 -1 -1 0.06002553239207019 0.15466328355539777 -1 -1
stick ylego 2 0.06 0.05 -1 -1 0.05996699180724264 0.1536598019038032 -1 -1
stick ylego 2 0.06 0.05 -1 -1 0.04027106650087065 0.15550115373567075 -1 -1
stick ylego 2 0.06 0.05 -1 -1 0.0599414446688674 0.1549752381653166 -1 -1
stick ylego 2 0.06 0.05 -1 -1 0.04895434458686502 0.16273564568411236 -1 -1
stick ylego 2 0.06 0.05 -1 -1 0.060025928750302014 0.15463022114030797 -1 -1
stick ylego 2 0.06 0.05 -1 -1 0.059965312726853195 0.15333912798028887 -1 -1
stick ylego 2 0.06 0.05 -1 -1 0.059966825917796285 0.15224109049104187 -1 -1
stick ylego 2 0.06 0.05 -1 -1 0.060025833721987505 0.15464128729928567 -1 -1
stick ylego 2 0.06 0.05 -1 -1 0.05997379099283905 0.15492182887535416 -1 -1
stick ylego 2 0.06 0.05 -1 -1 0.037231463320772845 0.15586094265455835 -1 -1
stick ylego 2 0.06 0.05 -1 -1 0.06072439131414734 0.20236339641980283 -1 -1
stick ylego 2 0.06 0.05 -1 -1 0.08179988237641514 0.15583751401368934 -1 -1
stick ylego 2 0.06 0.05 -1 -1 0.06573879401240848 0.2001190867200001 -1 -1
stick ylego 2 0.06 0.05 -1 -1 0.06082319493948553 0.20232780621119703 -1 -1
stick ylego 2 0.06 0.05 -1 -1 0.0869840905857613 0.19900952970137384 -1 -1
stick ylego 2 0.06 0.05 -1 -1 0.06003334937561536 0.1531174742725036 -1 -1
stick ylego 2 0.06 0.05 -1 -1 0.059966509446206274 0.1514166955605127 -1 -1
stick ylego 2 0.06 0.05 -1 -1 0.05996656594884786 0.15147810661759067 -1 -1
stick ylego 2 0.06 0.05 -1 -1 0.05997400368543076 0.15494528920667658 -1 -1
stick ylego 2 0.06 0.05 -1 -1 0.06002894784224297 0.15420875553004404 -1 -1
stick ylego 2 0.06 0.05 -1 -1 0.08689422099875008 0.19843738530518998 -1 -1
stick ylego 2 0.06 0.05 -1 -1 0.05996934393294237 0.1542593198579733 -1 -1
stick ylego 2 0.06 0.05 -1 -1 0.05997038245562374 0.1544555541964331 -1 -1
stick ylego 2 0.06 0.05 -1 -1 0.05996751940208995 0.15274828089925832 -1 -1
stick ylego 2 0.06 0.05 -1 -1 0.04768224540777456 0.2041584231122566 -1 -1
stick ylego 2 0.06 0.05 -1 -1 0.038881794115450806 0.20136821019028223 -1 -1
stick ylego 2 0.06 0.05 -1 -1 0.046061993644141555 0.16800893305447667 -1 -1
stick ylego 2 0.06 0.05 -1 -1 0.08689309648203894 0.19888675561030347 -1 -1
stick ylego 2 0.06 0.05 -1 -1 0.05996701782519621 0.1525086942358142 -1 -1
stick ylego 2 0.06 0.05 -1 -1 0.046507315559080546 0.18969582567448276 -1 -1
stick ylego 2 0.06 0.05 -1 -1 0.05996873776278185 0.15418421002309735 -1 -1
stick ylego 2 0.06 0.05 -1 -1 0.06132477883747778 0.20113511503107137 -1 -1
stick ylego 2 0.06 0.05 -1 -1 0.05996729535966662 0.15256414553017925 -1 -1
stick ylego 2 0.06 0.05 -1 -1 0.03978057834169828 0.15556324031837596 -1 -1
stick ylego 2 0.06 0.05 -1 -1 0.057102806671771256 0.2035267803549492 -1 -1
stick ylego 2 0.06 0.05 -1 -1 0.05996673396047737 0.15371549627939166 -1 -1
stick ylego 2 0.06 0.05 -1 -1 0.06003024192079441 0.15396365725854969 -1 -1
stick ylego 2 0.06 0.05 -1 -1 0.0599664753451861 0.15160815912794712 -1 -1
stick ylego 2 0.06 0.05 -1 -1 0.0466589716892917 0.18992395190382072 -1 -1
stick ylego 2 0.06 0.05 -1 -1 0.060033370909334326 0.1531100824899058 -1 -1
stick ylego 2 0.06 0.05 -1 -1 0.06003120482067469 0.15375845776600808 -1 -1
stick ylego 2 0.06 0.05 -1 -1 0.06003230499109841 0.15352241272347558 -1 -1
