stick ylego 2 0.06 0.05 -1 -1 0.06853713718851183 0.15646999834223413 -1 -1 0 0 -1.5707963267948966 
stick ylego 2 0.06 0.05 -1 -1 0.06594457082594243 0.1815624478840202 -1 -1 0 0 -1.0471975511965976 
stick ylego 2 0.06 0.05 -1 -1 0.0644441803825999 0.1684437773690023 -1 -1 0 0 -0.7853981633974483 
stick ylego 2 0.06 0.05 -1 -1 0.058232146708930566 0.17406682822928407 -1 -1 0 0 -0.5235987755982988 
stick ylego 2 0.06 0.05 -1 -1 0.061345194435407965 0.17318326357322147 -1 -1 0 0 -0.2617993877991494 
stick ylego 2 0.06 0.05 -1 -1 0.05604499901269314 0.17487490514718224 -1 -1 0 0 -0.08726646259971647 
stick ylego 2 0.06 0.05 -1 -1 0.05605499184450373 0.17459866348971917 -1 -1 0 0 0 
stick ylego 2 0.06 0.05 -1 -1 0.056206466611909936 0.17501129128211407 -1 -1 0 0 0.08726646259971647 
stick ylego 2 0.06 0.05 -1 -1 0.05804929343853985 0.17684127782265527 -1 -1 0 0 0.2617993877991494 
stick ylego 2 0.06 0.05 -1 -1 0.06455766400391569 0.17408887878656704 -1 -1 0 0 0.5235987755982988 
stick ylego 2 0.06 0.05 -1 -1 0.0602154211572902 0.175199151444718 -1 -1 0 0 0.7853981633974483 
stick ylego 2 0.06 0.05 -1 -1 0.05845191775085699 0.16064930036716707 -1 -1 0 0 1.0471975511965976 
stick ylego 2 0.06 0.05 -1 -1 0.06164648388585608 0.1603558817079201 -1 -1 0 0 1.5707963267948966 
