stick ylego 2 0.06 0.05 -1 -1 0.035332753749993485 0.15659798730603217 -1 -1
stick ylego 2 0.06 0.05 -1 -1 0.062288264675350466 0.15480598974577595 -1 -1
stick ylego 2 0.06 0.05 -1 -1 0.08172952606495427 0.1570699163169525 -1 -1
stick ylego 2 0.06 0.05 -1 -1 0.05609498390313198 0.15898347052966472 -1 -1
stick ylego 2 0.06 0.05 -1 -1 0.06132315931218379 0.15820581607876186 -1 -1
stick ylego 2 0.06 0.05 -1 -1 0.10217289541388236 0.1560668140427413 -1 -1
stick ylego 2 0.06 0.05 -1 -1 0.06427268687453856 0.15897952565219733 -1 -1
stick ylego 2 0.06 0.05 -1 -1 0.06242121924670639 0.15593604933362473 -1 -1
stick ylego 2 0.06 0.05 -1 -1 0.006862421543318012 0.14694886740602506 -1 -1
stick ylego 2 0.06 0.05 -1 -1 0.05642081859572394 0.1544410349834422 -1 -1
stick ylego 2 0.06 0.05 -1 -1 0.04372083669891815 0.16926095043151324 -1 -1
stick ylego 2 0.06 0.05 -1 -1 0.1182226727633991 0.1580326578818622 -1 -1
stick ylego 2 0.06 0.05 -1 -1 0.06553807410221765 0.15857633372213012 -1 -1
stick ylego 2 0.06 0.05 -1 -1 0.021647634157757674 0.15583290073351716 -1 -1
stick ylego 2 0.06 0.05 -1 -1 0.0789757894460922 0.15620862913756586 -1 -1
stick ylego 2 0.06 0.05 -1 -1 0.05881912020170752 0.16684570501233711 -1 -1
stick ylego 2 0.06 0.05 -1 -1 0.07732875784079275 0.16994286845244297 -1 -1
stick ylego 2 0.06 0.05 -1 -1 0.088469145564041 0.17437565392071358 -1 -1
stick ylego 2 0.06 0.05 -1 -1 0.09481332147115036 0.15323200959432726 -1 -1
stick ylego 2 0.06 0.05 -1 -1 0.05779208794977053 0.15877810916203272 -1 -1
stick ylego 2 0.06 0.05 -1 -1 0.06113185581002754 0.15782956353910157 -1 -1
stick ylego 2 0.06 0.05 -1 -1 0.057425509046006074 0.14917214185209313 -1 -1
stick ylego 2 0.06 0.05 -1 -1 0.08428623572420332 0.1546691249198243 -1 -1
stick ylego 2 0.06 0.05 -1 -1 -0.004454228960419152 0.1475066900524342 -1 -1
stick ylego 2 0.06 0.05 -1 -1 0.09235356570840263 0.17147650844477125 -1 -1
stick ylego 2 0.06 0.05 -1 -1 0.04596096672906774 0.16005887781597303 -1 -1
stick ylego 2 0.06 0.05 -1 -1 0.04639223019826811 0.15747545296853008 -1 -1
stick ylego 2 0.06 0.05 -1 -1 0.008985653502350791 0.1539199755081728 -1 -1
stick ylego 2 0.06 0.05 -1 -1 0.06431026450797729 0.1625540231830658 -1 -1
stick ylego 2 0.06 0.05 -1 -1 0.06795791126844099 0.16092813600736308 -1 -1
stick ylego 2 0.06 0.05 -1 -1 0.061303735932534666 0.148185671895644 -1 -1
stick ylego 2 0.06 0.05 -1 -1 0.07450835256510038 0.15475765292626367 -1 -1
stick ylego 2 0.06 0.05 -1 -1 0.04969400671825227 0.15546575765488102 -1 -1
stick ylego 2 0.06 0.05 -1 -1 0.05359188927089572 0.1704460417354887 -1 -1
stick ylego 2 0.06 0.05 -1 -1 0.09355495425198555 0.17198791085121942 -1 -1
stick ylego 2 0.06 0.05 -1 -1 0.058182131773047055 0.15140685721743072 -1 -1
stick ylego 2 0.06 0.05 -1 -1 0.06376333560900442 0.17584704814293983 -1 -1
stick ylego 2 0.06 0.05 -1 -1 0.014295900840996727 0.1477786227257019 -1 -1
stick ylego 2 0.06 0.05 -1 -1 0.04956654833260871 0.1489808948903257 -1 -1
stick ylego 2 0.06 0.05 -1 -1 0.05150412212655254 0.15979009078651965 -1 -1
