stick ylego 2 0.06 0.05 -1 -1 0.06071727730185761 0.1519162309359007 -1 -1 0 0 -1.5707963267948966 
stick ylego 2 0.06 0.05 -1 -1 0.060297240379078326 0.15496600089390786 -1 -1 0 0 -1.0471975511965976 
stick ylego 2 0.06 0.05 -1 -1 0.06689568215313386 0.15140981373715895 -1 -1 0 0 -0.7853981633974483 
stick ylego 2 0.06 0.05 -1 -1 0.06638402402904839 0.1513782143150356 -1 -1 0 0 -0.5235987755982988 
stick ylego 2 0.06 0.05 -1 -1 0.06650648250670821 0.15161289420551863 -1 -1 0 0 -0.2617993877991494 
stick ylego 2 0.06 0.05 -1 -1 0.0643331779824159 0.15161590937063324 -1 -1 0 0 -0.08726646259971647 
stick ylego 2 0.06 0.05 -1 -1 0.0642958681421451 0.1514940408968594 -1 -1 0 0 0 
stick ylego 2 0.06 0.05 -1 -1 0.06495170435652144 0.1515312580953917 -1 -1 0 0 0.08726646259971647 
stick ylego 2 0.06 0.05 -1 -1 0.064966880602674 0.1514114387458096 -1 -1 0 0 0.2617993877991494 
stick ylego 2 0.06 0.05 -1 -1 0.06447569357164103 0.1513796369633004 -1 -1 0 0 0.5235987755982988 
stick ylego 2 0.06 0.05 -1 -1 0.06648163087152233 0.1516336079267435 -1 -1 0 0 0.7853981633974483 
stick ylego 2 0.06 0.05 -1 -1 0.05944848864573007 0.1533329892573836 -1 -1 0 0 1.0471975511965976 
stick ylego 2 0.06 0.05 -1 -1 0.05797360092713601 0.1533974753528779 -1 -1 0 0 1.5707963267948966 
