stick ylego 2 0.06 0.05 -1 -1 0.0577495526765273 0.17486458141172398 -1 -1
stick ylego 2 0.06 0.05 -1 -1 0.06304709702842276 0.17502999193020924 -1 -1
stick ylego 2 0.06 0.05 -1 -1 0.06331866128706327 0.17514978965000907 -1 -1
stick ylego 2 0.06 0.05 -1 -1 0.06090073644579119 0.17519539988943933 -1 -1
stick ylego 2 0.06 0.05 -1 -1 0.04876741951838937 0.17449581860881544 -1 -1
stick ylego 2 0.06 0.05 -1 -1 0.06040033022170141 0.17510965616330212 -1 -1
stick ylego 2 0.06 0.05 -1 -1 0.0634027057295408 0.1753502178827069 -1 -1
stick ylego 2 0.06 0.05 -1 -1 0.05158826776150076 0.1735916680173832 -1 -1
stick ylego 2 0.06 0.05 -1 -1 0.06600105375122325 0.17563704134292604 -1 -1
stick ylego 2 0.06 0.05 -1 -1 0.06007059573307493 0.1770179931635952 -1 -1
stick ylego 2 0.06 0.05 -1 -1 0.05564613736083614 0.17429800415083838 -1 -1
stick ylego 2 0.06 0.05 -1 -1 0.05531353855415544 0.17449706571817944 -1 -1
stick ylego 2 0.06 0.05 -1 -1 0.06188264085565364 0.17461429798673447 -1 -1
stick ylego 2 0.06 0.05 -1 -1 0.05265404390160681 0.17559389415923385 -1 -1
stick ylego 2 0.06 0.05 -1 -1 0.05756810766290082 0.17502957121142668 -1 -1
stick ylego 2 0.06 0.05 -1 -1 0.058203012118923175 0.1750789595036302 -1 -1
stick ylego 2 0.06 0.05 -1 -1 0.06412862455668118 0.17614553931708699 -1 -1
stick ylego 2 0.06 0.05 -1 -1 0.05595658911760056 0.17431820304912962 -1 -1
stick ylego 2 0.06 0.05 -1 -1 0.059824058784665866 0.17537540605696747 -1 -1
stick ylego 2 0.06 0.05 -1 -1 0.062402115321937325 0.1752693115727022 -1 -1
stick ylego 2 0.06 0.05 -1 -1 0.06058459422725857 0.17571052473159812 -1 -1
stick ylego 2 0.06 0.05 -1 -1 0.06513272931256764 0.1748699412209708 -1 -1
stick ylego 2 0.06 0.05 -1 -1 0.06429207311589005 0.17631164791165416 -1 -1
stick ylego 2 0.06 0.05 -1 -1 0.06243843638098922 0.17588181691773344 -1 -1
stick ylego 2 0.06 0.05 -1 -1 0.06295645948623028 0.17550015732115 -1 -1
stick ylego 2 0.06 0.05 -1 -1 0.05064931188049313 0.17354044463943827 -1 -1
stick ylego 2 0.06 0.05 -1 -1 0.06598237167608668 0.17582515759170111 -1 -1
stick ylego 2 0.06 0.05 -1 -1 0.06505414813493247 0.1755002045789246 -1 -1
stick ylego 2 0.06 0.05 -1 -1 0.05469240581901244 0.17500581754339906 -1 -1
stick ylego 2 0.06 0.05 -1 -1 0.06509910232182654 0.17596267210201916 -1 -1
stick ylego 2 0.06 0.05 -1 -1 0.050991580390768995 0.17375436288815987 -1 -1
stick ylego 2 0.06 0.05 -1 -1 0.0644431038383358 0.17552785198748586 -1 -1
stick ylego 2 0.06 0.05 -1 -1 0.056613023814872286 0.1751767099551705 -1 -1
stick ylego 2 0.06 0.05 -1 -1 0.06537060234194848 0.17573861747688113 -1 -1
stick ylego 2 0.06 0.05 -1 -1 0.06298480073777418 0.1754811886481827 -1 -1
stick ylego 2 0.06 0.05 -1 -1 0.06479593395948087 0.17506928367243457 -1 -1
stick ylego 2 0.06 0.05 -1 -1 0.06402158636118867 0.17521702776508527 -1 -1
stick ylego 2 0.06 0.05 -1 -1 0.06408113219254953 0.17647884814578338 -1 -1
stick ylego 2 0.06 0.05 -1 -1 0.0527821873855027 0.17392873400057596 -1 -1
stick ylego 2 0.06 0.05 -1 -1 0.058878532183665254 0.1752083186140647 -1 -1
