stick ylego 2 0.06 0.05 -1 -1 0.0642958681421451 0.1514940408968594 -1 -1 0 0 0 
stick ylego 2 0.06 0.05 -1 -1 0.06495170435652144 0.1515312580953917 -1 -1 0 0 0.08726646259971647 
stick ylego 2 0.06 0.05 -1 -1 0.06447569357164103 0.1513796369633004 -1 -1 0 0 0.5235987755982988 
stick ylego 2 0.06 0.05 -1 -1 0.05797360092713601 0.1533974753528779 -1 -1 0 0 1.5707963267948966 
stick ylego 2 0.06 0.05 -1 -1 0.06463091955237414 0.15142373361126177 -1 -1 0 0.08726646259971647 0.08726646259971647 
stick ylego 2 0.06 0.05 -1 -1 0.06431154201340727 0.15166240278362086 -1 -1 0 0.08726646259971647 0.5235987755982988 
stick ylego 2 0.06 0.05 -1 -1 0.05981183926863996 0.15335494977019604 -1 -1 0 0.08726646259971647 1.5707963267948966 
stick ylego 2 0.06 0.05 -1 -1 0.06270159927047161 0.15142426292709513 -1 -1 0 0.5235987755982988 0.5235987755982988 
stick ylego 2 0.06 0.05 -1 -1 0.05768629440360194 0.15328138474141892 -1 -1 0 0.5235987755982988 1.5707963267948966 
stick ylego 2 0.06 0.05 -1 -1 0.06133727730436785 0.1532113742518389 -1 -1 0 1.5707963267948966 1.5707963267948966 
stick ylego 2 0.06 0.05 -1 -1 0.06595967360144889 0.15163628656460132 -1 -1 0.08726646259971647 0.08726646259971647 0.08726646259971647 
stick ylego 2 0.06 0.05 -1 -1 0.06675886398149615 0.1515411140679166 -1 -1 0.08726646259971647 0.08726646259971647 0.5235987755982988 
stick ylego 2 0.06 0.05 -1 -1 0.06442804112784614 0.1533888313499257 -1 -1 0.08726646259971647 0.08726646259971647 1.5707963267948966 
stick ylego 2 0.06 0.05 -1 -1 0.06465419992285595 0.15140039598990226 -1 -1 0.08726646259971647 0.5235987755982988 0.5235987755982988 
stick ylego 2 0.06 0.05 -1 -1 0.05739562750295627 0.15334932067769072 -1 -1 0.08726646259971647 0.5235987755982988 1.5707963267948966 
stick ylego 2 0.06 0.05 -1 -1 0.060604261745411385 0.15321147671426955 -1 -1 0.08726646259971647 1.5707963267948966 1.5707963267948966 
stick ylego 2 0.06 0.05 -1 -1 0.0658567839379526 0.1513908891015072 -1 -1 0.5235987755982988 0.5235987755982988 0.5235987755982988 
stick ylego 2 0.06 0.05 -1 -1 0.06238682486967376 0.14631462736043027 -1 -1 0.5235987755982988 0.5235987755982988 1.5707963267948966 
stick ylego 2 0.06 0.05 -1 -1 0.059358326931694814 0.1532729165976103 -1 -1 0.5235987755982988 1.5707963267948966 1.5707963267948966 
stick ylego 2 0.06 0.05 -1 -1 0.060195516892585246 0.15132571699961658 -1 -1 1.5707963267948966 1.5707963267948966 1.5707963267948966 
