stick ylego 2 0.06 0.05 -1 -1 0.071557380623411 0.16731328369286608 -1 -1 -1.5707963267948966 0 0 
stick ylego 2 0.06 0.05 -1 -1 0.10425291203761239 0.15403100189505295 -1 -1 -1.0471975511965976 0 0 
stick ylego 2 0.06 0.05 -1 -1 0.09347375451494686 0.19397868923989095 -1 -1 -0.7853981633974483 0 0 
stick ylego 2 0.06 0.05 -1 -1 0.0914445674524554 0.19521745272401053 -1 -1 -0.5235987755982988 0 0 
stick ylego 2 0.06 0.05 -1 -1 0.05997038868957864 0.15445710453248754 -1 -1 -0.2617993877991494 0 0 
stick ylego 2 0.06 0.05 -1 -1 0.059967201270594295 0.1525382839851657 -1 -1 -0.08726646259971647 0 0 
stick ylego 2 0.06 0.05 -1 -1 0.05996633204091084 0.15141548065341892 -1 -1 0 0 0 
stick ylego 2 0.06 0.05 -1 -1 0.06003485819482658 0.15224630848501028 -1 -1 0.08726646259971647 0 0 
stick ylego 2 0.06 0.05 -1 -1 0.060027862547902044 0.15433285137833488 -1 -1 0.2617993877991494 0 0 
stick ylego 2 0.06 0.05 -1 -1 0.023599119250939223 0.17015297942023905 -1 -1 0.5235987755982988 0 0 
stick ylego 2 0.06 0.05 -1 -1 0.023869898369409163 0.15660540378408563 -1 -1 0.7853981633974483 0 0 
stick ylego 2 0.06 0.05 -1 -1 0.019246972104369743 0.15018472278025086 -1 -1 1.0471975511965976 0 0 
stick ylego 2 0.06 0.05 -1 -1 0.009306951566311658 0.14554399059360817 -1 -1 1.5707963267948966 0 0 
