stick ylego 2 0.06 0.05 -1 -1 0.05996835396708481 0.1540901557132906 -1 -1
stick ylego 2 0.06 0.05 -1 -1 0.04611303527117455 0.18886745167734056 -1 -1
stick ylego 2 0.06 0.05 -1 -1 0.060022870072098625 0.15149158360209783 -1 -1
stick ylego 2 0.06 0.05 -1 -1 0.0625617467012166 0.20289769216569215 -1 -1
stick ylego 2 0.06 0.05 -1 -1 0.06003060536921594 0.1538985853097123 -1 -1
stick ylego 2 0.06 0.05 -1 -1 0.08857087416582408 0.19760152258991115 -1 -1
stick ylego 2 0.06 0.05 -1 -1 0.05996943694956146 0.15427196904843307 -1 -1
stick ylego 2 0.06 0.05 -1 -1 0.05996645863688422 0.15188565459712697 -1 -1
stick ylego 2 0.06 0.05 -1 -1 0.05996667120267932 0.15370146967301146 -1 -1
stick ylego 2 0.06 0.05 -1 -1 0.06003384529950053 0.15291776679023628 -1 -1
stick ylego 2 0.06 0.05 -1 -1 0.04602489522581427 0.16841389939872822 -1 -1
stick ylego 2 0.06 0.05 -1 -1 0.06436158478445482 0.20094430533610677 -1 -1
stick ylego 2 0.06 0.05 -1 -1 0.059971143795101066 0.15457344796854064 -1 -1
stick ylego 2 0.06 0.05 -1 -1 0.0600278457999956 0.15439689490334893 -1 -1
stick ylego 2 0.06 0.05 -1 -1 0.05996691271961421 0.15226620056337348 -1 -1
stick ylego 2 0.06 0.05 -1 -1 0.06003498764551597 0.15234796704432071 -1 -1
stick ylego 2 0.06 0.05 -1 -1 0.0600309570522153 0.15381027151089446 -1 -1
stick ylego 2 0.06 0.05 -1 -1 0.0663994652243031 0.19980035524354786 -1 -1
stick ylego 2 0.06 0.05 -1 -1 0.06002718132998 0.15446981019321213 -1 -1
stick ylego 2 0.06 0.05 -1 -1 0.06002352916087859 0.15139202978183833 -1 -1
