stick ylego 2 0.06 0.05 -1 -1 0.010650240791768842 0.14789569630477203 -1 -1 0 -1.5707963267948966 0 
stick ylego 2 0.06 0.05 -1 -1 0.04970904989860424 0.16126671863452322 -1 -1 0 -1.0471975511965976 0 
stick ylego 2 0.06 0.05 -1 -1 -0.031365269582455634 0.1481655431271141 -1 -1 0 -0.7853981633974483 0 
stick ylego 2 0.06 0.05 -1 -1 0.058055944235052094 0.17387345436884313 -1 -1 0 -0.5235987755982988 0 
stick ylego 2 0.06 0.05 -1 -1 0.062295448396299684 0.1750485996105224 -1 -1 0 -0.2617993877991494 0 
stick ylego 2 0.06 0.05 -1 -1 0.055792790665285856 0.17503526539482472 -1 -1 0 -0.08726646259971647 0 
stick ylego 2 0.06 0.05 -1 -1 0.05605499184450373 0.17459866348971917 -1 -1 0 0 0 
stick ylego 2 0.06 0.05 -1 -1 0.06222257003016736 0.1749050938340228 -1 -1 0 0.08726646259971647 0 
stick ylego 2 0.06 0.05 -1 -1 0.05491546548253025 0.17390036476592266 -1 -1 0 0.2617993877991494 0 
stick ylego 2 0.06 0.05 -1 -1 0.05736037591392111 0.17387437368504638 -1 -1 0 0.5235987755982988 0 
stick ylego 2 0.06 0.05 -1 -1 0.05269455830323569 0.16706318841841897 -1 -1 0 0.7853981633974483 0 
stick ylego 2 0.06 0.05 -1 -1 0.10107772918744908 0.15511392892167167 -1 -1 0 1.0471975511965976 0 
stick ylego 2 0.06 0.05 -1 -1 0.09171944775894832 0.15336255157422773 -1 -1 0 1.5707963267948966 0 
