stick ylego 2 0.06 0.05 -1 -1 0.061081202724570294 0.16017015843232152 -1 -1
stick ylego 2 0.06 0.05 -1 -1 0.056577628941498724 0.15671501036825305 -1 -1
stick ylego 2 0.06 0.05 -1 -1 0.0741951038834959 0.15490857980793105 -1 -1
stick ylego 2 0.06 0.05 -1 -1 0.06531120537645452 0.16020750557750063 -1 -1
stick ylego 2 0.06 0.05 -1 -1 0.06496478047231333 0.15999201288649337 -1 -1
stick ylego 2 0.06 0.05 -1 -1 0.060915802613001696 0.16003188796948564 -1 -1
stick ylego 2 0.06 0.05 -1 -1 0.05638246448110324 0.16010502398974602 -1 -1
stick ylego 2 0.06 0.05 -1 -1 0.13563308903691118 0.15475392377907587 -1 -1
stick ylego 2 0.06 0.05 -1 -1 0.06248503416980847 0.14888769531289622 -1 -1
stick ylego 2 0.06 0.05 -1 -1 0.04187630481389849 0.1505274179295004 -1 -1
stick ylego 2 0.06 0.05 -1 -1 0.08262475492588896 0.1561486852244302 -1 -1
stick ylego 2 0.06 0.05 -1 -1 0.07884733206362486 0.14919906341666836 -1 -1
stick ylego 2 0.06 0.05 -1 -1 0.05140488247056384 0.1521858540452992 -1 -1
stick ylego 2 0.06 0.05 -1 -1 0.05643532394865619 0.15400409145540514 -1 -1
stick ylego 2 0.06 0.05 -1 -1 0.06160994079587384 0.1548738155381709 -1 -1
stick ylego 2 0.06 0.05 -1 -1 0.0494192173592218 0.15830260983288164 -1 -1
stick ylego 2 0.06 0.05 -1 -1 0.04535502647135559 0.15790722022523376 -1 -1
stick ylego 2 0.06 0.05 -1 -1 0.11835247233152743 0.15420550944956468 -1 -1
stick ylego 2 0.06 0.05 -1 -1 0.05690117243850836 0.16180556265879292 -1 -1
stick ylego 2 0.06 0.05 -1 -1 0.045805772265456436 0.15450707386484158 -1 -1
stick ylego 2 0.06 0.05 -1 -1 0.0636485766680534 0.16072569535267242 -1 -1
stick ylego 2 0.06 0.05 -1 -1 0.06547281148612251 0.1617165450803233 -1 -1
stick ylego 2 0.06 0.05 -1 -1 0.0572499450049458 0.17468406154238114 -1 -1
stick ylego 2 0.06 0.05 -1 -1 0.06452837029249664 0.16156561785817403 -1 -1
stick ylego 2 0.06 0.05 -1 -1 0.05863915391506741 0.1604379196573673 -1 -1
stick ylego 2 0.06 0.05 -1 -1 0.04751992391286358 0.15307208750686072 -1 -1
stick ylego 2 0.06 0.05 -1 -1 0.08058878686023663 0.15141209583798462 -1 -1
stick ylego 2 0.06 0.05 -1 -1 0.06364591085100094 0.15126595652413657 -1 -1
stick ylego 2 0.06 0.05 -1 -1 0.05708339854005875 0.16141265406889116 -1 -1
stick ylego 2 0.06 0.05 -1 -1 0.04709795519336961 0.16083366015420464 -1 -1
stick ylego 2 0.06 0.05 -1 -1 0.0655569154678717 0.16152810994544 -1 -1
stick ylego 2 0.06 0.05 -1 -1 0.06109247150854815 0.16323182796805222 -1 -1
stick ylego 2 0.06 0.05 -1 -1 0.058775902359352976 0.17521429710554948 -1 -1
stick ylego 2 0.06 0.05 -1 -1 0.05405142314146761 0.1544364575314083 -1 -1
stick ylego 2 0.06 0.05 -1 -1 0.06238569583799923 0.1743867721791541 -1 -1
stick ylego 2 0.06 0.05 -1 -1 0.0399070867638054 0.16018263618343628 -1 -1
stick ylego 2 0.06 0.05 -1 -1 0.04990392255440846 0.15798197684645013 -1 -1
stick ylego 2 0.06 0.05 -1 -1 0.05804848223395167 0.17479239246984124 -1 -1
stick ylego 2 0.06 0.05 -1 -1 0.056744511670909735 0.14802758989704723 -1 -1
stick ylego 2 0.06 0.05 -1 -1 0.05758799921560975 0.17385588853275535 -1 -1
