hook yball 3 0.16 0.05 -1 -1 0.26291027147283447 0.061919396651871836 -1 -1
hook yball 3 0.16 0.05 -1 -1 0.26853485596734417 0.04302630490378044 -1 -1
hook yball 3 0.16 0.05 -1 -1 0.28071249898405226 0.0625985110193158 -1 -1
hook yball 3 0.16 0.05 -1 -1 0.2645660001721475 0.08492770551813343 -1 -1
hook yball 3 0.16 0.05 -1 -1 0.27631307457147536 0.06903805438619884 -1 -1
hook yball 3 0.16 0.05 -1 -1 0.263231007887805 0.08098234568460692 -1 -1
hook yball 3 0.16 0.05 -1 -1 0.26513258865061107 0.06634921055379134 -1 -1
hook yball 3 0.16 0.05 -1 -1 0.260903697729017 0.0713679107334223 -1 -1
hook yball 3 0.16 0.05 -1 -1 0.2589321515898877 0.08351445493804736 -1 -1
hook yball 3 0.16 0.05 -1 -1 0.27560016166915 0.06356709970050389 -1 -1
hook yball 3 0.16 0.05 -1 -1 0.26069669161699305 0.07294967108645381 -1 -1
hook yball 3 0.16 0.05 -1 -1 0.2656483163252303 0.06935670857650154 -1 -1
hook yball 3 0.16 0.05 -1 -1 0.26924497609819786 0.0760275337777418 -1 -1
hook yball 3 0.16 0.05 -1 -1 0.2640092797792248 0.06577657422083277 -1 -1
hook yball 3 0.16 0.05 -1 -1 0.2669991833285933 0.055384188497153874 -1 -1
hook yball 3 0.16 0.05 -1 -1 0.2645088372880354 0.059050910517097696 -1 -1
hook yball 3 0.16 0.05 -1 -1 0.27349105490653774 0.05860326941920542 -1 -1
hook yball 3 0.16 0.05 -1 -1 0.2730735940938498 0.06172414458461743 -1 -1
hook yball 3 0.16 0.05 -1 -1 0.262556321299348 0.06292751391417196 -1 -1
hook yball 3 0.16 0.05 -1 -1 0.2616332020328814 0.06691060046780824 -1 -1
hook yball 3 0.16 0.05 -1 -1 0.2674124612606533 0.06634654336926854 -1 -1
hook yball 3 0.16 0.05 -1 -1 0.26638212440169656 0.06830048046241512 -1 -1
hook yball 3 0.16 0.05 -1 -1 0.2681791475511087 0.06411105434936108 -1 -1
hook yball 3 0.16 0.05 -1 -1 0.2614457915562293 0.0777990301668267 -1 -1
hook yball 3 0.16 0.05 -1 -1 0.2611774509291301 0.06743990831092923 -1 -1
hook yball 3 0.16 0.05 -1 -1 0.2720604119102304 0.07151376218938983 -1 -1
hook yball 3 0.16 0.05 -1 -1 0.2622834037818772 0.06420097392345547 -1 -1
hook yball 3 0.16 0.05 -1 -1 0.2667217262211921 0.06486405778041487 -1 -1
hook yball 3 0.16 0.05 -1 -1 0.2647725355520636 0.061392324711734024 -1 -1
hook yball 3 0.16 0.05 -1 -1 0.2723703014196766 0.05941233748044484 -1 -1
hook yball 3 0.16 0.05 -1 -1 0.2608263280332594 0.06945295298929864 -1 -1
hook yball 3 0.16 0.05 -1 -1 0.26442337652328723 0.05536409800468141 -1 -1
hook yball 3 0.16 0.05 -1 -1 0.26508734941651624 0.05390267632890546 -1 -1
hook yball 3 0.16 0.05 -1 -1 0.2632995910195083 0.060581402000418616 -1 -1
hook yball 3 0.16 0.05 -1 -1 0.27312053510471174 0.039625183578775335 -1 -1
hook yball 3 0.16 0.05 -1 -1 0.2657532832414082 0.07243440135636534 -1 -1
hook yball 3 0.16 0.05 -1 -1 0.27885361837933786 0.08530903767647449 -1 -1
hook yball 3 0.16 0.05 -1 -1 0.2631123606047959 0.059750027151027625 -1 -1
hook yball 3 0.16 0.05 -1 -1 0.2672104239906038 0.056258824708624484 -1 -1
hook yball 3 0.16 0.05 -1 -1 0.2655431020416126 0.06202900201947832 -1 -1
hook yball 3 0.16 0.05 -1 -1 0.26400826551554774 0.062162395587984774 -1 -1
hook yball 3 0.16 0.05 -1 -1 0.26452565928995914 0.054259116349909625 -1 -1
hook yball 3 0.16 0.05 -1 -1 0.26069501736161066 0.07946437601568558 -1 -1
hook yball 3 0.16 0.05 -1 -1 0.26497594391471935 0.07195111661704552 -1 -1
hook yball 3 0.16 0.05 -1 -1 0.2667583883911761 0.07354845737501155 -1 -1
hook yball 3 0.16 0.05 -1 -1 0.27107377269375543 0.07120721613168339 -1 -1
hook yball 3 0.16 0.05 -1 -1 0.2637914796094802 0.0577712126202914 -1 -1
hook yball 3 0.16 0.05 -1 -1 0.27211717088654036 0.0585170220879774 -1 -1
hook yball 3 0.16 0.05 -1 -1 0.25845554385192454 0.07377315371276517 -1 -1
hook yball 3 0.16 0.05 -1 -1 0.2641091778750729 0.05594103060212599 -1 -1
