0.05308914526285856
0.06819725811381472
0.45785579736024595
0.18296392539781234
0.0541848071219167
0.21828462381686242
0.07697480121600725
0.09400062779760698
0.24191310053079584
0.2815339592001349
0.15133541792147132
0.1933987939394335
0.08715993611057382
0.08225603174061052
0.08547294332683997
0.10408214136464367
0.06402309358683911
0.15953161233330987
0.20591055621072646
0.3516155199793486
0.25280444158705306
0.1320165778468106
0.7131863875173583
0.40849515570490436
0.029202789189279776
0.2997229216425815
0.1929566150713193
0.18323448868320247
0.5225372260247523
0.18176481414582546
0.0659204963122533
0.0947001317406177
0.029172715656543325
0.10583828767626774
0.14879445042141948
0.18915197340920287
0.037025033674328134
0.38250848231804324
0.20398388954730348
0.08846900636759311
0.13512033240032262
0.16554825545674184
0.1374155282513344
0.042106864221699764
0.09326710935703297
0.0942213902580189
0.06284241125276857
0.02013633617469711
0.024686912680363007
0.20885008227640112
0.2783593488829613
0.14657323991873167
0.08135518343792528
0.09811659937968215
0.22303833715095012
0.0993553584422666
0.2599413234779485
1.255223539141853
0.2249800030845164
0.12181514863828669
0.05264264924717105
0.058506969760628996
0.0521873511655164
0.03476228428273451
0.8292484807946272
0.41879924375006183
0.33060569352825464
0.3143399032082035
0.09516335755818295
0.11338484278402466
0.4649727867525031
0.10365004813109803
0.05275402148966961
0.09431115706062472
0.28954265226043074
0.13639448602141013
0.09763169994044357
0.12858967457204648
0.06532662026590769
0.10020489391649517
0.5460673101050473
0.3933913228134259
0.31135049823894095
0.13882039791777617
0.07066409294732862
0.052203667492084355
0.06619863003435189
1.0039753888685243
0.02515481361718827
0.12765959403999722
0.880676340097143
0.11616758538949667
0.13013037599260818
1.8475297913524988
0.15021402992440686
0.15290702228217493
0.008575055678177748
0.09418973663487612
0.12733509323969922
0.1192652193679678
0.098214747956207
0.05811229805135332
0.08293265680790679
0.12489353303458806
0.03647821565625314
0.41969132927069674
0.1363689892433637
0.0713667771852741
0.046497318771033774
0.09130307810653321
0.18123441717959032
0.23491492948334852
0.05531572731973969
0.22556101305424492
0.4048422909950692
0.30282011186383284
0.1786003561300011
0.033479070803570404
0.2953482931048622
0.05129158494883129
0.2409819912840137
0.5469015337832823
0.23747542529777194
0.10791704619721493
0.09549395979315889
0.07435360329150917
0.2660281684240404
0.15949829985551905
0.03255369148602111
0.19447981333484327
0.5813277057422774
0.2162909868243963
0.20133638422175948
0.10468583909084728
0.15276507712844728
0.22475159087175045
0.06757415701570513
0.10200741098923416
0.42566748567882345
0.08236970528468834
0.6309549050658239
0.8130037364299829
0.6894245700150408
0.09124738619793571
0.02510471218120658
0.3479525898156829
0.5533824890627066
0.2066143348926514
0.1213655055762391
0.1974884881236421
0.28992797942281756
0.11844319436025819
0.1786695924584183
0.28950330332826923
0.32857356193410703
0.15454731486530032
0.19987099963748106
0.07291162757455374
0.11919263549793824
0.280198964830914
0.042401071250801114
0.20773304044083984
0.6416618202107717
0.04603916734293123
0.1820721722364131
0.24671413587448648
0.16703615127584526
0.12661917364703162
0.2535603660525493
0.5680780220340731
0.3706292860919801
0.22730688801757115
0.19141712043316322
0.17588908616486115
0.3550287345621308
0.05712064152071017
0.06791651829713649
0.05235716072495408
0.6143394985587338
0.2938959804938789
0.15364708945363537
0.09168749912294169
0.33870034732884113
0.1555269690886148
0.012236148280263787
0.5668540997723863
0.8054511401356143
0.10995791854396025
0.09333231651689086
0.6532403208962692
0.41702966257971297
0.1401760629848628
0.011998654399352895
0.46618973883246384
0.31685519629640113
0.3708552320482995
0.2211729970751396
0.01621434814393008
0.6520260574829018
0.08176068661824423
0.3980078610302791
0.12765219000606026
0.2090280954944256
0.14261869918217557
0.15233797188575293
0.09189146202225976
0.13230791245505436
0.09053419872254367
0.054414837084876724
0.41165178451777495
0.38124747659822134
0.20621524500593807
0.07666680789306243
0.041728497254335764
0.14158971288244349
0.04610030760509898
0.7845007790020653
0.11766491243753327
0.10676142602285424
0.263074040975836
0.18374548552869435
0.01387082857722087
0.016919059315681315
0.5948205819551158
0.10417144160572234
0.14527509719848036
0.32743213063832255
0.1869881686550412
0.12047149507196347
0.21470876981062748
0.2693907379079289
0.1202860237308658
0.08715336848443828
0.11908814845675189
0.545302787207895
0.035846661118859396
0.04323613312730977
0.06635110422509753
0.08352211741876753
0.16636890686648564
