5.436050600678964
1.0401125948923986
221.53006779319077
0.5409759248690227
0.3032318316136733
0.8877618360007803
0.42330032616011354
0.24044940018431987
12.1392103464213
0.6501934833838344
388.73769442943114
0.4963371585181555
0.5065945834401712
0.21283397821149846
0.11742389047559287
0.4668338641592071
9.826892290304247
1.132176577274683
313.9149740618417
0.14710497509491366
0.8771444318646122
0.4133671606333209
0.26119172382625694
0.27170682245069777
14.794311722408851
1.4471177133621245
489.1529926939407
0.6736743074595442
0.9290692212007805
0.3057951817794138
0.01775862539721404
0.25107550185047744
4.927439610847169
1.1600760539452586
529.5698081327629
0.4890945991710402
0.47303387248017703
0.38130387679258676
0.03305156126876223
0.23901629196932234
13.849780750451133
0.664201487257763
288.48472752692
0.3561055269898841
0.6684722409989206
0.148871932712124
0.2876903062815783
0.14928116133466102
6.780560674351347
1.0454620823862868
267.35664487008205
0.3659854349157042
0.5864442867461599
0.5143545530983429
0.04184592322659044
0.24234216814415227
11.304042627266211
1.126329056927505
396.1580522793852
0.23463094049436858
0.7235582329058866
0.28974575713145134
0.10070146123316417
0.13496520177649698
70.64077869600197
0.9187739264336102
325.82888199955875
0.3396232503202829
0.3408950340217358
0.34320628300516093
0.023681408588256535
0.1815150128483739
4.846271726276515
0.6423272291139484
276.93701994545387
0.1610597644120076
0.5983031666371507
0.635063134747606
0.16720008080807758
0.4050736561385446
27.505326585491886
0.7245259529138348
343.4073986726128
0.537104729212844
0.5853976644740007
0.10643726514305703
0.37502742261267125
0.19563852190912287
18.02004035330488
0.730319882330076
474.099005622169
0.6215726449175449
0.5532767903813404
0.5823790165346472
0.04371294937952416
0.18210890145100334
5.72481577497201
0.7197361200988659
349.79349382478836
0.45831878862310094
0.448258027062183
0.29673978191049183
0.07417247855074144
0.0833903682840472
5.936163642145525
0.7389626309475289
366.4816535829505
0.3315269716101742
0.43324287576069126
0.2475617834702813
0.09029282656800519
0.1882850115869563
124.75221521096239
1.2412271241712682
403.1044435757732
0.4205983796018347
0.3594590391828746
0.5714226492216928
0.08804690971693613
0.27358107408968846
30.029205698310165
1.1661027112448943
388.90126405742103
0.36388885740067245
0.43119575589186776
0.22378109456595063
0.19730997401542216
0.26591013294199994
39.26495588948717
1.4192993095789306
293.7050324733234
0.5512680080205448
0.40393034192286814
0.2432872164421908
0.27506467268470497
0.25616257784038243
200.00719369943923
0.9219893181141003
318.0657978066477
0.31159535656360793
0.38705985027111056
0.4101427401915104
0.25727923227938154
0.1817898866888946
9.914749355717031
1.003132321243896
335.3566463669468
0.34752502576277866
0.4635807304609657
0.5904156056118777
0.20537645886055844
0.25553681577454807
10.032351924176588
1.1540706815320012
401.5414619893911
0.3429588581536035
0.9804889655784594
0.2261656934857015
0.3631341774330811
0.20253697178203683
5.4172110187181115
0.8345093267285227
333.2804313100175
0.2671518648600951
0.5306290389753445
0.49021167485655326
0.25711244364276303
0.18491077239264175
5.79212586469143
1.062278359973162
301.3723565012992
0.6390367821244911
0.4965047544883585
0.3673758214330081
0.6145567802513199
0.1344716174879815
242.11073451883465
1.155289549255735
310.9267408987661
0.658988628925345
0.6412185006429216
0.3076227680696392
0.2026396112752305
0.21350630009731036
12.357551126346037
0.7728792666136978
354.8340973206269
0.35966584352238273
0.7047902031724873
0.2662527761405282
40.21715346178486
0.13986206584422062
30.479984577129436
1.3268099769045598
386.17858396546376
0.2899851165186443
0.6447565227934424
0.4674076416929589
0.2449531885038888
0.12315874372915003
15.427867527156932
1.6159072990947612
368.62855327588125
0.46565681811382426
0.4488915164958565
0.40507769290043055
0.09088513961247327
0.29269918987384863
6.479530801010437
0.475690957292555
246.4653587897246
0.32362373141730383
0.6078519662942158
0.4692899130635788
0.48916575530523376
0.1761020561136678
5.180686951300254
1.0621640511093275
486.1140966305316
0.13881879995836957
0.3910815505981292
0.26594878745454076
0.23126628188469422
0.13325298807077748
5.477335790798996
0.9258478755567149
365.9806475477914
0.2113996367124019
0.45500570740604307
0.29246691222445254
0.15718885893635834
0.27297434315075636
21.688882691311903
0.8541247471845241
602.0703742749566
0.5593025740008063
0.7052657229928453
0.18444623522177048
0.016089706636838924
0.3352295326018364
