476.0071886792143
1.6661724724187372
352.7626779983384
2574.125513656566
8.989834528766306
2.0797016946325906
6138.7881253312435
1.48870046031479
680.9491716267471
1.0692598324649154
360.65986779892586
2463.729942285203
5.430068592494756
1.7106603603859076
11453.884841707004
1.3861494841741209
783.175870298246
1.0596442549093168
400.117084651696
1944.3918744350988
4.143790835437744
1.6526144449198052
14010.06562665897
2.1587638935277167
311.9544969999428
1.5017914306473568
387.9573628747319
1916.721056511031
6.227032962109497
2.269684091575267
4961.463248638726
3.380833184537786
1636.74230848132
1.1017107581577785
307.8553613628967
1595.589880813755
3.3990816379798154
2.147987858571175
8894.18425699656
1.7989031033782736
409.8678456727797
1.6735269128958894
316.70534530084905
2009.2070390033564
7.380971342817912
1.809509250898329
5851.55719222119
2.633820772657751
405.3607102505863
1.1254595637221025
570.3503266328205
1041.7961788506734
10.960458994479454
0.9820429467858693
6405.734506812004
2.503922043377599
654.0586191721802
0.9700740135850054
371.09188315912087
1187.0452845271216
5.7227428184168305
1.304203943495681
10000.513332732617
3.3076328971309854
901.927269292648
1.1334077672556773
320.2063211639584
1406.4786356626955
5.72748019724304
1.136006388302075
11238.988671967663
2.0853598373693494
414.1727805095209
0.8079538330296714
418.12521619716046
2260.0329335327438
9.604897821782727
1.2109136847480686
4455.874915658827
1.8995095427420248
388.65744626871344
1.3507457010333188
584.1286487323215
2210.0660422676006
8.391745685002665
1.4474449309288704
5865.772003350877
2.3616526634346595
713.8984187576714
1.3083118171990575
310.60172251406937
1963.924547724418
9.100448587244271
1.086667393743685
5902.389698963922
1.749832478965009
410.4158294162369
1.6198592865165802
313.8263266573718
1061.1846833500317
4.301865017345263
1.4917008632212054
7805.008591376141
1.5048225231458887
382.15184339366886
1.1341364257541722
309.80931131569025
2125.9920387507445
4.586563340832629
0.8234061127783627
7986.407012426012
2.5065855786420275
507.554767483327
1.2243375528701745
401.3955758350276
1089.9432418853225
5.925641024510537
1.4378128060989797
7242.180458037208
2.2170923828376927
1025.8046165344151
1.0514511239252218
283.7003061207313
2884.7093429686884
5.08791912440982
1.468751704115268
10678.472530725237
1.9472487087457035
864.3184015239804
1.286340664232603
378.95215276228095
1114.8749861724966
6.713548104136606
1.0740212128007791
12378.864368028737
4.655281635374443
1174.326272376505
0.9672254719637363
391.8467704634232
3540.5240893897426
8.253185286741004
1.999024042115833
13999.868201006875
1.5579117941411478
759.8747195577299
1.2586500158739073
366.396998036039
1768.701999663176
5.587377169391269
2.74755823486137
11183.769023840976
4.203977688188189
523.9306650079167
0.9470942076689128
206.45839001406333
1822.8256365549692
8.281329009138245
3.1258948496219947
4163.476202540493
2.0608639918751246
765.5843677032866
0.8052387040083631
372.5792099080862
1922.1144556442969
5.781242513604119
1.4331210738353803
5734.099681016441
3.1491865659623537
398.9695794496127
1.706909558901999
356.93164057454857
1306.7059741213145
7.1639607042988445
1.2563047765447823
13462.537351915646
2.1858007896578084
246.05761480821272
1.3584504367142989
586.2679814597467
1972.002003327517
5.786685058916307
2.4427138820068857
7519.759286494852
2.102929993726821
314.4240854521487
1.2271738633282239
486.2059380122238
1488.5293840974214
5.391499730042038
1.7091225346493526
14155.214947607496
1.9582893670662718
531.4116626908351
1.3330611027826584
492.54845880534185
1438.3833757723362
6.556006098680639
2.1468861268472823
10775.671565606093
2.147097753050931
544.6981757763728
1.483197649714194
366.31580516387936
1328.8194377632212
8.47147078704061
1.5226409933861236
5217.502864288922
1.507328692904946
433.23418297766
1.3139796208238084
324.35008309571487
1628.0608205301144
5.609767946205509
1.4341230228218684
6977.3980804720195
2.1130775143660894
660.8520732968617
1.1773678432784391
429.8467107381546
1559.145609960503
7.07448226482596
1.2685899874862097
6223.317864186155
2.1087508683266334
951.5809177652504
1.750718683534417
389.8630539983148
1223.2013233783289
4.924743905966748
1.0203180460600652
10559.654944210852
1.646582940859648
778.2485952761782
1.171575754752561
567.4706264556628
1766.5945291299845
7.6812988610974084
2.088196731416228
7774.219826382469
2.560539368163971
