5.437002688305934
0.4350977292777519
281.99912958090397
4.876291283841768
7.110387852936262
0.08822907654092904
0.2722936162079077
1.3443846102718418
5.095004419938997
0.45176306932491117
384.796531919106
4.73546324527104
6.669218453295353
0.0704811456486151
0.28783494653970587
0.651239756236396
4.966231758539246
0.3632749605221238
404.42309834206196
5.023314470523111
4.964160184602276
0.1399759181088987
0.39001312664197996
0.831427146230943
4.926229572702027
0.2897069606347589
368.33363952914465
4.9368211558694215
7.2387303381108286
0.13155039883833652
0.11377112048930116
0.7293164861929539
5.1571820585402275
0.3965212036496809
376.74941532525037
4.823885054293491
5.952836895944442
0.07212257376700035
0.5957011740647118
1.2704121227868135
4.933395128765087
0.3882875113761691
438.5545883485851
4.922843155638369
6.519511783245459
0.17587423868399582
0.3432604525807011
0.6580498145564936
5.225563351937326
0.3159303136098228
576.1784452187579
5.4378761127513116
7.1906913283230685
0.1774286849628715
0.2994308472019228
0.9474894847480078
5.182373703718376
0.3450141935939102
312.9990860995853
4.748387287829685
4.38107407184946
0.13047176084590378
0.4373711754659425
0.7146328727133329
5.431151943703295
0.440538651142821
234.5328127803065
4.736498181822794
5.4592117862877405
0.12688712546332803
0.5233799068749971
1.149363378812434
5.110492197913949
0.3995011533031238
218.2611748766666
4.701579997220579
6.4423927066134095
0.1681587832244666
0.4790562698960877
1.1977241390256612
4.880955614686128
0.3477526497052543
470.54382761454116
4.732402117351332
6.913490064038533
0.029347003799683302
0.01238706802893507
0.528154496956452
5.208109885224825
0.4224437100112928
440.2799969953307
4.520458557494722
7.478415524244388
0.19199823223822923
0.18183914544022423
0.7758418008605326
5.753707528726265
0.5891692907926228
609.3479237308466
4.760646963708211
7.224357600868127
0.1248704802699267
0.051522402729455796
1.0967767260626173
5.101194501868835
0.29800435046361695
291.7057615865473
4.714421063418556
6.160748723368131
0.18024969100558502
0.5739408652012232
1.2293071000091764
5.065759560200574
0.44457420556167215
324.61106744174054
4.923161603003372
6.797095942785809
0.14174669071756463
0.19371334206964874
0.8218414184067537
5.032625428623285
0.4622411291141451
447.7901617503832
4.660014104883369
7.064246149075923
0.10792563858983029
0.5270237977150869
0.9319887650661857
5.0488561189009875
0.21997096452926373
370.99904375450535
4.7994006413313866
6.573806227221329
0.10941918104255398
0.26332184720555035
1.0273847851650972
5.18547561885319
0.2887331286967409
289.7571161769651
4.774879706017178
7.411337907902443
0.18236194745151985
0.3820316135994778
1.0269821610583454
5.265089493919309
0.4587425528549136
448.51065084084325
4.572589705211269
6.799788351753992
0.16466656666650445
0.34344212125104034
0.9099784806546498
5.296199728928094
0.40138262352827836
362.93546770948535
5.184562534231007
7.455241892493809
0.21605866312857835
0.40560322723969583
0.7281300422482202
4.957793193107287
0.800848762192928
442.9413682858362
4.6707426222778174
6.92159006744796
0.1986033369712914
0.6655674755878513
0.6806946698681117
6.031080209690097
0.4574180257422916
313.8368848076474
4.818219504485707
7.034515053011931
0.1276296584635253
0.4442232233618315
0.9790524874916708
5.2466247095422505
0.5062683837988912
396.5922722386021
5.040026731225461
3.1927406084362016
0.03863794969316783
0.3182904783756156
1.4940664261365626
4.808005504599389
0.44935546838613494
273.7095657977125
5.130522493197085
7.230674600212462
0.36753934643013864
0.270970552562894
1.1534307375435224
5.154796130694484
0.370678921109146
194.05358738470562
4.996890216993646
6.555779904995393
0.15128687994246004
0.3937265885523907
2.067553265473398
4.946354729393779
0.31444938256438254
334.38411525736876
5.036022238938843
6.33880463381555
0.11031154438822935
0.42462041710977916
1.096047449614813
4.947272053313206
0.37285896827446546
364.4340229171828
4.801672274030879
6.7998678553497545
0.14989276972221327
0.36535343597050357
0.8323606434072712
4.882248788898644
0.43442930200824875
295.62645493926044
4.775658260663034
6.195479454667446
0.22792558702230942
0.3610151512846855
0.5450760970328806
4.8095529520814955
0.3417862337790776
264.3734735564485
4.916071290316969
6.5420004762482895
0.12963033540298843
0.06465220271708214
1.0201796146496918
4.920278707455424
0.2364156518007835
348.92316602763526
4.682875959189331
6.554050975543528
0.19847940660648522
0.5061004871704258
0.7156510006906243
