rake ylego 1 0.03 -0.145 -1 -1 0.02217838466307721 -0.25309818688341473 -1 -1
rake ylego 1 0.03 -0.145 -1 -1 0.002677890932759254 -0.27998214640188074 -1 -1
rake ylego 1 0.03 -0.145 -1 -1 0.019411251327971984 -0.2520525602091703 -1 -1
rake ylego 1 0.03 -0.145 -1 -1 -0.0038247009212723296 -0.25817414696697055 -1 -1
rake ylego 1 0.03 -0.145 -1 -1 0.011944801424836424 -0.2672975237847169 -1 -1
rake ylego 1 0.03 -0.145 -1 -1 -0.0053294044288073215 -0.2614324184873935 -1 -1
rake ylego 1 0.03 -0.145 -1 -1 -0.007326237909042398 -0.25699663522557925 -1 -1
rake ylego 1 0.03 -0.145 -1 -1 0.005217774308019928 -0.2709875883526281 -1 -1
rake ylego 1 0.03 -0.145 -1 -1 0.036406312509916224 -0.2516672635874831 -1 -1
rake ylego 1 0.03 -0.145 -1 -1 -0.011669745352339302 -0.26008377346642614 -1 -1
rake ylego 1 0.03 -0.145 -1 -1 0.03533615033773382 -0.2538264704704542 -1 -1
rake ylego 1 0.03 -0.145 -1 -1 -0.004877609690464421 -0.2587646055645889 -1 -1
rake ylego 1 0.03 -0.145 -1 -1 0.052123966137964155 -0.2606513554107377 -1 -1
rake ylego 1 0.03 -0.145 -1 -1 0.012665469052909767 -0.26451794826042546 -1 -1
rake ylego 1 0.03 -0.145 -1 -1 -0.018628780613673377 -0.25728861702397926 -1 -1
rake ylego 1 0.03 -0.145 -1 -1 -0.016606460382320845 -0.25841976272315403 -1 -1
rake ylego 1 0.03 -0.145 -1 -1 -0.02902666294665346 -0.2534365364409189 -1 -1
rake ylego 1 0.03 -0.145 -1 -1 -0.00794838079737508 -0.257936704997576 -1 -1
rake ylego 1 0.03 -0.145 -1 -1 -0.0068655161474825525 -0.2553743041620986 -1 -1
rake ylego 1 0.03 -0.145 -1 -1 0.021635558294672945 -0.27020876331488664 -1 -1
rake ylego 1 0.03 -0.145 -1 -1 -0.028432525996996062 -0.2528053030603019 -1 -1
rake ylego 1 0.03 -0.145 -1 -1 0.0010791588768706546 -0.26103653329307586 -1 -1
rake ylego 1 0.03 -0.145 -1 -1 -0.026306472349939988 -0.24938572613785248 -1 -1
rake ylego 1 0.03 -0.145 -1 -1 0.0030648053642286636 -0.258427316315072 -1 -1
rake ylego 1 0.03 -0.145 -1 -1 0.016372426937805183 -0.2492123751979493 -1 -1
rake ylego 1 0.03 -0.145 -1 -1 0.0014547414055060552 -0.2623932777927768 -1 -1
rake ylego 1 0.03 -0.145 -1 -1 -0.008272041827413498 -0.23476544561103893 -1 -1
rake ylego 1 0.03 -0.145 -1 -1 -0.005841661207378636 -0.2612218965263119 -1 -1
rake ylego 1 0.03 -0.145 -1 -1 -0.0038493114724266306 -0.26776327339464306 -1 -1
rake ylego 1 0.03 -0.145 -1 -1 0.020509192185080495 -0.2400591397280628 -1 -1
rake ylego 1 0.03 -0.145 -1 -1 -0.02705604446931359 -0.25060331195934377 -1 -1
rake ylego 1 0.03 -0.145 -1 -1 0.0013178025725058766 -0.25920888680705484 -1 -1
rake ylego 1 0.03 -0.145 -1 -1 -0.029247155042727232 -0.25385269033827507 -1 -1
rake ylego 1 0.03 -0.145 -1 -1 -0.005822151228424463 -0.25788346222517167 -1 -1
rake ylego 1 0.03 -0.145 -1 -1 0.02138091510934439 -0.25327255861144937 -1 -1
rake ylego 1 0.03 -0.145 -1 -1 0.025018412570526498 -0.25316985274326725 -1 -1
rake ylego 1 0.03 -0.145 -1 -1 -0.007336553328352578 -0.25757546232912576 -1 -1
rake ylego 1 0.03 -0.145 -1 -1 -0.029482915192952673 -0.2523529771206274 -1 -1
rake ylego 1 0.03 -0.145 -1 -1 0.00039992488419164646 -0.26405740460890076 -1 -1
rake ylego 1 0.03 -0.145 -1 -1 0.1141204336454437 -0.30027609986013176 -1 -1
