rake ylego 1 0.03 -0.145 -1 -1 0.019361109860167404 -0.23525515391514623 -1 -1 -1.5707963267948966 0 0 
rake ylego 1 0.03 -0.145 -1 -1 0.006557593250328484 -0.21877183418488738 -1 -1 -1.0471975511965976 0 0 
rake ylego 1 0.03 -0.145 -1 -1 0.016066018315209707 -0.23194827203372853 -1 -1 -0.7853981633974483 0 0 
rake ylego 1 0.03 -0.145 -1 -1 -0.003038836772755855 -0.1998567039151066 -1 -1 -0.5235987755982988 0 0 
rake ylego 1 0.03 -0.145 -1 -1 -0.002118964553524986 -0.20737355787497627 -1 -1 -0.2617993877991494 0 0 
rake ylego 1 0.03 -0.145 -1 -1 -0.0025523764850701675 -0.20398880978744277 -1 -1 -0.08726646259971647 0 0 
rake ylego 1 0.03 -0.145 -1 -1 -0.0027803020031555636 -0.2019266859763578 -1 -1 0 0 0 
rake ylego 1 0.03 -0.145 -1 -1 -0.0028578035903030668 -0.20159620308435883 -1 -1 0.08726646259971647 0 0 
rake ylego 1 0.03 -0.145 -1 -1 -0.0013440070932435356 -0.2116836698065536 -1 -1 0.2617993877991494 0 0 
rake ylego 1 0.03 -0.145 -1 -1 0.0033834229114395537 -0.22365183581317954 -1 -1 0.5235987755982988 0 0 
rake ylego 1 0.03 -0.145 -1 -1 -0.0002140170124825027 -0.18577022541787364 -1 -1 0.7853981633974483 0 0 
rake ylego 1 0.03 -0.145 -1 -1 0.0005115287046433757 -0.19274016913987113 -1 -1 1.0471975511965976 0 0 
rake ylego 1 0.03 -0.145 -1 -1 0.0020871299531126835 -0.20308584632937998 -1 -1 1.5707963267948966 0 0 
