rake ylego 1 0.03 -0.145 -1 -1 0.0005461538722275994 -0.25712112113798774 -1 -1 0 0 0 
rake ylego 1 0.03 -0.145 -1 -1 -0.025329021655871684 -0.2543703761152761 -1 -1 0 0 0.08726646259971647 
rake ylego 1 0.03 -0.145 -1 -1 -0.014618292126237508 -0.26008217282995444 -1 -1 0 0 0.5235987755982988 
rake ylego 1 0.03 -0.145 -1 -1 -0.007556396704574409 -0.21614162404546158 -1 -1 0 0 1.5707963267948966 
rake ylego 1 0.03 -0.145 -1 -1 0.031221340304147194 -0.25422984791665554 -1 -1 0 0.08726646259971647 0.08726646259971647 
rake ylego 1 0.03 -0.145 -1 -1 -0.003528914964672407 -0.25818058480217937 -1 -1 0 0.08726646259971647 0.5235987755982988 
rake ylego 1 0.03 -0.145 -1 -1 8.293053930848038e-05 -0.2247415558799312 -1 -1 0 0.08726646259971647 1.5707963267948966 
rake ylego 1 0.03 -0.145 -1 -1 0.055082228572604856 -0.27231496986323045 -1 -1 0 0.5235987755982988 0.5235987755982988 
rake ylego 1 0.03 -0.145 -1 -1 0.0013320557289037767 -0.22679022021184034 -1 -1 0 0.5235987755982988 1.5707963267948966 
rake ylego 1 0.03 -0.145 -1 -1 0.0008274515604636329 -0.22486036511240762 -1 -1 0 1.5707963267948966 1.5707963267948966 
rake ylego 1 0.03 -0.145 -1 -1 -0.013677329469434655 -0.1608741263627331 -1 -1 0.08726646259971647 0.08726646259971647 0.08726646259971647 
rake ylego 1 0.03 -0.145 -1 -1 0.06242710325124723 -0.2546496292299546 -1 -1 0.08726646259971647 0.08726646259971647 0.5235987755982988 
rake ylego 1 0.03 -0.145 -1 -1 -0.0060926579996339715 -0.21403239676915148 -1 -1 0.08726646259971647 0.08726646259971647 1.5707963267948966 
rake ylego 1 0.03 -0.145 -1 -1 0.06223997834502658 -0.2534823849671127 -1 -1 0.08726646259971647 0.5235987755982988 0.5235987755982988 
rake ylego 1 0.03 -0.145 -1 -1 0.02724608490625866 -0.2566158576185517 -1 -1 0.08726646259971647 0.5235987755982988 1.5707963267948966 
rake ylego 1 0.03 -0.145 -1 -1 -0.002763937398702976 -0.21340204084961387 -1 -1 0.08726646259971647 1.5707963267948966 1.5707963267948966 
rake ylego 1 0.03 -0.145 -1 -1 -0.00028684309529921525 -0.2327709435366062 -1 -1 0.5235987755982988 0.5235987755982988 0.5235987755982988 
rake ylego 1 0.03 -0.145 -1 -1 -0.00642610116248188 -0.19624892645458614 -1 -1 0.5235987755982988 0.5235987755982988 1.5707963267948966 
rake ylego 1 0.03 -0.145 -1 -1 -0.0002548941283949536 -0.15304728605469975 -1 -1 0.5235987755982988 1.5707963267948966 1.5707963267948966 
rake ylego 1 0.03 -0.145 -1 -1 0.08714128379658415 -0.2670710178146102 -1 -1 1.5707963267948966 1.5707963267948966 1.5707963267948966 
