rake ylego 1 0.03 -0.145 -1 -1 -0.02222959118885995 -0.1951288064039717 -1 -1 0 0 -1.5707963267948966 
rake ylego 1 0.03 -0.145 -1 -1 0.03581890742681273 -0.25343924162187087 -1 -1 0 0 -1.0471975511965976 
rake ylego 1 0.03 -0.145 -1 -1 -0.0006560226390577569 -0.26485443559521654 -1 -1 0 0 -0.7853981633974483 
rake ylego 1 0.03 -0.145 -1 -1 0.012266452311285479 -0.23940361134058383 -1 -1 0 0 -0.5235987755982988 
rake ylego 1 0.03 -0.145 -1 -1 -0.03499065016825906 -0.24011384000009367 -1 -1 0 0 -0.2617993877991494 
rake ylego 1 0.03 -0.145 -1 -1 -0.03207832265975018 -0.24358114479371618 -1 -1 0 0 -0.08726646259971647 
rake ylego 1 0.03 -0.145 -1 -1 0.0005461538722275994 -0.25712112113798774 -1 -1 0 0 0 
rake ylego 1 0.03 -0.145 -1 -1 -0.025329021655871684 -0.2543703761152761 -1 -1 0 0 0.08726646259971647 
rake ylego 1 0.03 -0.145 -1 -1 0.005356448357067491 -0.2612516514757776 -1 -1 0 0 0.2617993877991494 
rake ylego 1 0.03 -0.145 -1 -1 -0.014618292126237508 -0.26008217282995444 -1 -1 0 0 0.5235987755982988 
rake ylego 1 0.03 -0.145 -1 -1 0.039300171182257634 -0.26159730081001836 -1 -1 0 0 0.7853981633974483 
rake ylego 1 0.03 -0.145 -1 -1 0.025516245332940432 -0.24592888152674144 -1 -1 0 0 1.0471975511965976 
rake ylego 1 0.03 -0.145 -1 -1 -0.007556396704574409 -0.21614162404546158 -1 -1 0 0 1.5707963267948966 
