rake ylego 1 0.03 -0.145 -1 -1 0.005681199865811126 -0.24957885460496584 -1 -1
rake ylego 1 0.03 -0.145 -1 -1 0.02064962117043602 -0.2468207908761901 -1 -1
rake ylego 1 0.03 -0.145 -1 -1 0.05117978506445192 -0.2597812778755387 -1 -1
rake ylego 1 0.03 -0.145 -1 -1 0.002433405347802223 -0.22302865002617311 -1 -1
rake ylego 1 0.03 -0.145 -1 -1 -0.017812073249767992 -0.1451508050349914 -1 -1
rake ylego 1 0.03 -0.145 -1 -1 -0.0049852435387941875 -0.23462419186304975 -1 -1
rake ylego 1 0.03 -0.145 -1 -1 0.04520811699397155 -0.252217424396907 -1 -1
rake ylego 1 0.03 -0.145 -1 -1 -0.006708574989480361 -0.20863986746436453 -1 -1
rake ylego 1 0.03 -0.145 -1 -1 0.030698125215153135 -0.2654331872821105 -1 -1
rake ylego 1 0.03 -0.145 -1 -1 0.0549228204294491 -0.2539396777017536 -1 -1
rake ylego 1 0.03 -0.145 -1 -1 0.0058683604124021215 -0.2228629138289019 -1 -1
rake ylego 1 0.03 -0.145 -1 -1 -0.0047613544594683295 -0.20492780065148558 -1 -1
rake ylego 1 0.03 -0.145 -1 -1 0.009196175423974528 -0.2286943696019629 -1 -1
rake ylego 1 0.03 -0.145 -1 -1 0.01751676237246838 -0.25787566424459335 -1 -1
rake ylego 1 0.03 -0.145 -1 -1 -0.013661199465709067 -0.2494136929874619 -1 -1
rake ylego 1 0.03 -0.145 -1 -1 -0.05232312249399802 -0.18455498528371447 -1 -1
rake ylego 1 0.03 -0.145 -1 -1 -0.015491951090192605 -0.14590917696554073 -1 -1
rake ylego 1 0.03 -0.145 -1 -1 0.06634131007336302 -0.25696189667910446 -1 -1
rake ylego 1 0.03 -0.145 -1 -1 -0.02037014677528729 -0.22093431882263176 -1 -1
rake ylego 1 0.03 -0.145 -1 -1 0.017007768676491283 -0.2482449000584243 -1 -1
rake ylego 1 0.03 -0.145 -1 -1 -0.003411193453494182 -0.2423033099205242 -1 -1
rake ylego 1 0.03 -0.145 -1 -1 -0.009037534026359102 -0.19445336085077033 -1 -1
rake ylego 1 0.03 -0.145 -1 -1 -0.01215423123798333 -0.1778037434568033 -1 -1
rake ylego 1 0.03 -0.145 -1 -1 0.060167324553295654 -0.2670847193817401 -1 -1
rake ylego 1 0.03 -0.145 -1 -1 -0.016682541440826697 -0.22523948699442461 -1 -1
rake ylego 1 0.03 -0.145 -1 -1 0.009605210841986647 -0.22971469819589643 -1 -1
rake ylego 1 0.03 -0.145 -1 -1 0.0009224335264713082 -0.21706668972731016 -1 -1
rake ylego 1 0.03 -0.145 -1 -1 0.0001879808868424556 -0.23271524448739883 -1 -1
rake ylego 1 0.03 -0.145 -1 -1 -0.001821099265870157 -0.2237266086303576 -1 -1
rake ylego 1 0.03 -0.145 -1 -1 -0.0017692622314164563 -0.20725905934935754 -1 -1
rake ylego 1 0.03 -0.145 -1 -1 0.03698447828672944 -0.24970463539093704 -1 -1
rake ylego 1 0.03 -0.145 -1 -1 -0.05291171284513218 -0.17364199472703504 -1 -1
rake ylego 1 0.03 -0.145 -1 -1 -0.01930854628821626 -0.17712335275316748 -1 -1
rake ylego 1 0.03 -0.145 -1 -1 0.008191470327715469 -0.23659576960917356 -1 -1
rake ylego 1 0.03 -0.145 -1 -1 0.0013620404953707467 -0.22841104769080722 -1 -1
rake ylego 1 0.03 -0.145 -1 -1 -0.004385181318304259 -0.17752784504028543 -1 -1
rake ylego 1 0.03 -0.145 -1 -1 0.0005075397928199155 -0.17803592173272692 -1 -1
rake ylego 1 0.03 -0.145 -1 -1 -0.0040020145425402 -0.15229519026502317 -1 -1
rake ylego 1 0.03 -0.145 -1 -1 0.06681091207758041 -0.26336426714259314 -1 -1
rake ylego 1 0.03 -0.145 -1 -1 -0.008039055507322096 -0.22263153567216903 -1 -1
