rake ylego 1 0.03 -0.145 -1 -1 0.019238705638578286 -0.27367170408763486 -1 -1
rake ylego 1 0.03 -0.145 -1 -1 0.023991000456479006 -0.2462874724752116 -1 -1
rake ylego 1 0.03 -0.145 -1 -1 0.017317345751695377 -0.2410022001350623 -1 -1
rake ylego 1 0.03 -0.145 -1 -1 -0.025044437930619647 -0.20241981912669413 -1 -1
rake ylego 1 0.03 -0.145 -1 -1 -0.009996015913600243 -0.25630667192283757 -1 -1
rake ylego 1 0.03 -0.145 -1 -1 0.003697841981708534 -0.2302127186147582 -1 -1
rake ylego 1 0.03 -0.145 -1 -1 -0.0004761353403672399 -0.23503640430059408 -1 -1
rake ylego 1 0.03 -0.145 -1 -1 0.00925418624713539 -0.24007910542408414 -1 -1
rake ylego 1 0.03 -0.145 -1 -1 0.0011110333710520105 -0.2248315491222669 -1 -1
rake ylego 1 0.03 -0.145 -1 -1 0.007758140671129314 -0.2620799530231808 -1 -1
rake ylego 1 0.03 -0.145 -1 -1 -0.001353988824808551 -0.22628758987353523 -1 -1
rake ylego 1 0.03 -0.145 -1 -1 0.018999648335291372 -0.244055412833253 -1 -1
rake ylego 1 0.03 -0.145 -1 -1 0.007992278467409632 -0.23755233249450605 -1 -1
rake ylego 1 0.03 -0.145 -1 -1 0.013176045048513694 -0.2570451084410471 -1 -1
rake ylego 1 0.03 -0.145 -1 -1 0.0011170443421271272 -0.22610497868126195 -1 -1
rake ylego 1 0.03 -0.145 -1 -1 0.0037657538439719294 -0.23060408291698742 -1 -1
rake ylego 1 0.03 -0.145 -1 -1 -0.0188086319364008 -0.18506246029111437 -1 -1
rake ylego 1 0.03 -0.145 -1 -1 -0.0047537347917178336 -0.21991359314026165 -1 -1
rake ylego 1 0.03 -0.145 -1 -1 0.0022063908856260585 -0.24796138075317614 -1 -1
rake ylego 1 0.03 -0.145 -1 -1 0.026905861545025778 -0.25695457806127686 -1 -1
rake ylego 1 0.03 -0.145 -1 -1 0.0013490719801862079 -0.22876063628507012 -1 -1
rake ylego 1 0.03 -0.145 -1 -1 0.0037622181979171192 -0.23048149571535975 -1 -1
rake ylego 1 0.03 -0.145 -1 -1 -0.0031547951643657165 -0.2643487258851831 -1 -1
rake ylego 1 0.03 -0.145 -1 -1 -0.004580116422315884 -0.2181361006982409 -1 -1
rake ylego 1 0.03 -0.145 -1 -1 0.03465982894204227 -0.2514293391451069 -1 -1
rake ylego 1 0.03 -0.145 -1 -1 0.02075467285921439 -0.24319357126608318 -1 -1
rake ylego 1 0.03 -0.145 -1 -1 0.004602104369630206 -0.24941709932334433 -1 -1
rake ylego 1 0.03 -0.145 -1 -1 0.0037202213354920357 -0.2305675403499993 -1 -1
rake ylego 1 0.03 -0.145 -1 -1 0.015461862810962193 -0.24172693007946788 -1 -1
rake ylego 1 0.03 -0.145 -1 -1 0.002911470865726369 -0.24801739612055262 -1 -1
rake ylego 1 0.03 -0.145 -1 -1 0.0012427434994863131 -0.2605733126353747 -1 -1
rake ylego 1 0.03 -0.145 -1 -1 0.04953548539275089 -0.252988408290919 -1 -1
rake ylego 1 0.03 -0.145 -1 -1 0.039471432071042506 -0.266491648959493 -1 -1
rake ylego 1 0.03 -0.145 -1 -1 0.02769305934427926 -0.2673077046524428 -1 -1
rake ylego 1 0.03 -0.145 -1 -1 -0.007356287947954448 -0.25770502581861987 -1 -1
rake ylego 1 0.03 -0.145 -1 -1 -0.0002940754717987731 -0.22469359152483823 -1 -1
rake ylego 1 0.03 -0.145 -1 -1 -0.0005654274226649492 -0.22384385241615712 -1 -1
rake ylego 1 0.03 -0.145 -1 -1 -0.0071245275007144684 -0.20779299491661185 -1 -1
rake ylego 1 0.03 -0.145 -1 -1 0.06290725471387308 -0.2599055059313352 -1 -1
rake ylego 1 0.03 -0.145 -1 -1 -0.009744190567853915 -0.24156345705368007 -1 -1
