rake ylego 1 0.03 -0.145 -1 -1 0.0066251610970173205 -0.2439421231744073 -1 -1
rake ylego 1 0.03 -0.145 -1 -1 0.0115860752834363 -0.24509362882566496 -1 -1
rake ylego 1 0.03 -0.145 -1 -1 0.030008788252313668 -0.2502833537267785 -1 -1
rake ylego 1 0.03 -0.145 -1 -1 0.006799045535769361 -0.2446067511616012 -1 -1
rake ylego 1 0.03 -0.145 -1 -1 0.03001172751742268 -0.24865434069460715 -1 -1
rake ylego 1 0.03 -0.145 -1 -1 0.03952368471341485 -0.25113051004214015 -1 -1
rake ylego 1 0.03 -0.145 -1 -1 0.0019799789642102467 -0.24242415643866166 -1 -1
rake ylego 1 0.03 -0.145 -1 -1 -0.00012025016444663371 -0.2407958987307069 -1 -1
rake ylego 1 0.03 -0.145 -1 -1 0.012453118798421009 -0.24959909315536435 -1 -1
rake ylego 1 0.03 -0.145 -1 -1 0.006991486777966351 -0.24382265910314324 -1 -1
rake ylego 1 0.03 -0.145 -1 -1 0.00874720006558861 -0.24677027943149302 -1 -1
rake ylego 1 0.03 -0.145 -1 -1 0.03001144412233971 -0.24848524653437312 -1 -1
rake ylego 1 0.03 -0.145 -1 -1 0.003433971580523921 -0.24294638914081498 -1 -1
rake ylego 1 0.03 -0.145 -1 -1 -0.004055506107777852 -0.21590340834160437 -1 -1
rake ylego 1 0.03 -0.145 -1 -1 0.007010139811867036 -0.2439367511225098 -1 -1
rake ylego 1 0.03 -0.145 -1 -1 0.006919108677389845 -0.2443700024903236 -1 -1
rake ylego 1 0.03 -0.145 -1 -1 -0.004329545811276532 -0.21884471791718435 -1 -1
rake ylego 1 0.03 -0.145 -1 -1 -0.004380636372355936 -0.21858119261270942 -1 -1
rake ylego 1 0.03 -0.145 -1 -1 0.03069130878246648 -0.24739445433897528 -1 -1
rake ylego 1 0.03 -0.145 -1 -1 0.019139134769790365 -0.24816120582399376 -1 -1
