rake ylego 1 0.03 -0.145 -1 -1 0.008645699204141445 -0.25078265218968493 -1 -1
rake ylego 1 0.03 -0.145 -1 -1 0.000715812194226171 -0.26278652612923903 -1 -1
rake ylego 1 0.03 -0.145 -1 -1 0.02457700984448355 -0.263393235755293 -1 -1
rake ylego 1 0.03 -0.145 -1 -1 0.011148848407453013 -0.2629399799102211 -1 -1
rake ylego 1 0.03 -0.145 -1 -1 -0.012512623498218163 -0.19578010538906337 -1 -1
rake ylego 1 0.03 -0.145 -1 -1 -0.001159812620617761 -0.19223963840099348 -1 -1
rake ylego 1 0.03 -0.145 -1 -1 -0.0041477482113840575 -0.25853645327430297 -1 -1
rake ylego 1 0.03 -0.145 -1 -1 0.026059709526498203 -0.24388725197675537 -1 -1
rake ylego 1 0.03 -0.145 -1 -1 -0.0013651071358577534 -0.22512522922535527 -1 -1
rake ylego 1 0.03 -0.145 -1 -1 -0.0028873520811172147 -0.23414516149720116 -1 -1
rake ylego 1 0.03 -0.145 -1 -1 0.019082935797311133 -0.2589847904354836 -1 -1
rake ylego 1 0.03 -0.145 -1 -1 0.0028129550011838297 -0.25156817600349507 -1 -1
rake ylego 1 0.03 -0.145 -1 -1 0.03057537624490786 -0.2642313415662489 -1 -1
rake ylego 1 0.03 -0.145 -1 -1 -0.005508797022474548 -0.2577696847872128 -1 -1
rake ylego 1 0.03 -0.145 -1 -1 0.05482729013693625 -0.2540878300986919 -1 -1
rake ylego 1 0.03 -0.145 -1 -1 -0.02225755307756751 -0.1874177925201833 -1 -1
rake ylego 1 0.03 -0.145 -1 -1 0.0030392451655700363 -0.26182246128329484 -1 -1
rake ylego 1 0.03 -0.145 -1 -1 0.01837493907508062 -0.24620763013958652 -1 -1
rake ylego 1 0.03 -0.145 -1 -1 0.0473120032780267 -0.2610726413726528 -1 -1
rake ylego 1 0.03 -0.145 -1 -1 0.002532798394618219 -0.22679389654686158 -1 -1
rake ylego 1 0.03 -0.145 -1 -1 0.02434120921021203 -0.24667132689929636 -1 -1
rake ylego 1 0.03 -0.145 -1 -1 0.04308083225564803 -0.2547491720170543 -1 -1
rake ylego 1 0.03 -0.145 -1 -1 0.04289100484911806 -0.26604276459581994 -1 -1
rake ylego 1 0.03 -0.145 -1 -1 0.013682626143879786 -0.24467528116467452 -1 -1
rake ylego 1 0.03 -0.145 -1 -1 0.02203668154462075 -0.24465789295271906 -1 -1
rake ylego 1 0.03 -0.145 -1 -1 -0.02733261236241789 -0.24454251003509767 -1 -1
rake ylego 1 0.03 -0.145 -1 -1 -0.00974281861559193 -0.2607484845243545 -1 -1
rake ylego 1 0.03 -0.145 -1 -1 0.05886666998898628 -0.2594964980024472 -1 -1
rake ylego 1 0.03 -0.145 -1 -1 -0.008295695078409425 -0.262058684413831 -1 -1
rake ylego 1 0.03 -0.145 -1 -1 0.008282322682843539 -0.24027486168298812 -1 -1
rake ylego 1 0.03 -0.145 -1 -1 0.05517461294281288 -0.25125098864469797 -1 -1
rake ylego 1 0.03 -0.145 -1 -1 0.031693742533414795 -0.26792251415852747 -1 -1
rake ylego 1 0.03 -0.145 -1 -1 -0.005821316531777653 -0.2634714450118142 -1 -1
rake ylego 1 0.03 -0.145 -1 -1 -0.03383027887760475 -0.22652035281200913 -1 -1
rake ylego 1 0.03 -0.145 -1 -1 0.005946192805988611 -0.24217421282028614 -1 -1
rake ylego 1 0.03 -0.145 -1 -1 -0.012791604481865289 -0.2555556892923215 -1 -1
rake ylego 1 0.03 -0.145 -1 -1 0.07840145363598955 -0.2539787809161616 -1 -1
rake ylego 1 0.03 -0.145 -1 -1 0.011064469355266593 -0.2633382886978771 -1 -1
rake ylego 1 0.03 -0.145 -1 -1 -0.009596954603575231 -0.2576031912805691 -1 -1
rake ylego 1 0.03 -0.145 -1 -1 -0.008423400889577414 -0.20086393393462448 -1 -1
