rake ylego 1 0.03 -0.145 -1 -1 0.030017004993901752 -0.24909181026576385 -1 -1
rake ylego 1 0.03 -0.145 -1 -1 0.0017732882342532705 -0.24510863421408075 -1 -1
rake ylego 1 0.03 -0.145 -1 -1 0.007154309862798743 -0.24487577979438405 -1 -1
rake ylego 1 0.03 -0.145 -1 -1 0.030011031662886756 -0.24791310950325274 -1 -1
rake ylego 1 0.03 -0.145 -1 -1 0.016506303470792044 -0.24712075760377783 -1 -1
rake ylego 1 0.03 -0.145 -1 -1 0.00892842655421969 -0.24425856257414108 -1 -1
rake ylego 1 0.03 -0.145 -1 -1 0.030019875470941693 -0.24857675810917754 -1 -1
rake ylego 1 0.03 -0.145 -1 -1 0.015706951406629966 -0.24672591029511753 -1 -1
rake ylego 1 0.03 -0.145 -1 -1 0.03857826768116913 -0.25082987547542535 -1 -1
rake ylego 1 0.03 -0.145 -1 -1 0.029984382387069894 -0.24792248038428835 -1 -1
rake ylego 1 0.03 -0.145 -1 -1 0.0032452490626638853 -0.24265916016169867 -1 -1
rake ylego 1 0.03 -0.145 -1 -1 0.029949106466677134 -0.250354538214423 -1 -1
rake ylego 1 0.03 -0.145 -1 -1 0.030016626194130796 -0.24974206687221623 -1 -1
rake ylego 1 0.03 -0.145 -1 -1 0.03651450274571084 -0.2500670969233485 -1 -1
rake ylego 1 0.03 -0.145 -1 -1 0.042481314728156576 -0.25187033338103093 -1 -1
rake ylego 1 0.03 -0.145 -1 -1 0.002208954196944308 -0.24658322717506037 -1 -1
rake ylego 1 0.03 -0.145 -1 -1 0.01152593819160443 -0.24502063174843375 -1 -1
rake ylego 1 0.03 -0.145 -1 -1 0.0320499856905493 -0.248047885850315 -1 -1
rake ylego 1 0.03 -0.145 -1 -1 0.01225324890981834 -0.245250787286932 -1 -1
rake ylego 1 0.03 -0.145 -1 -1 0.03002582535884992 -0.24956178924176528 -1 -1
rake ylego 1 0.03 -0.145 -1 -1 0.02987148714602108 -0.25037589570528257 -1 -1
rake ylego 1 0.03 -0.145 -1 -1 0.030000714255496726 -0.2502379104486276 -1 -1
rake ylego 1 0.03 -0.145 -1 -1 0.030011475958314934 -0.24851201277422183 -1 -1
rake ylego 1 0.03 -0.145 -1 -1 0.007074528240595871 -0.24394045496650343 -1 -1
rake ylego 1 0.03 -0.145 -1 -1 0.030014168784664244 -0.24813255775455012 -1 -1
rake ylego 1 0.03 -0.145 -1 -1 0.015241613882287779 -0.24688589044165746 -1 -1
rake ylego 1 0.03 -0.145 -1 -1 -0.0026559044590053734 -0.2399061107120249 -1 -1
rake ylego 1 0.03 -0.145 -1 -1 0.02569165811604017 -0.25748536384347914 -1 -1
rake ylego 1 0.03 -0.145 -1 -1 0.030012490617841298 -0.2487105344550263 -1 -1
rake ylego 1 0.03 -0.145 -1 -1 0.008495097123025722 -0.24431846575641503 -1 -1
rake ylego 1 0.03 -0.145 -1 -1 0.012372258700981022 -0.24537384316902736 -1 -1
rake ylego 1 0.03 -0.145 -1 -1 0.0005669331471039802 -0.24393560000907466 -1 -1
rake ylego 1 0.03 -0.145 -1 -1 0.039199906267664064 -0.25103155789150305 -1 -1
rake ylego 1 0.03 -0.145 -1 -1 0.03112191265142712 -0.24760097501736256 -1 -1
rake ylego 1 0.03 -0.145 -1 -1 -0.004178087366539471 -0.2193415576462266 -1 -1
rake ylego 1 0.03 -0.145 -1 -1 0.030011689376308475 -0.24732319163168837 -1 -1
rake ylego 1 0.03 -0.145 -1 -1 0.03225639870887755 -0.24814734042972983 -1 -1
rake ylego 1 0.03 -0.145 -1 -1 0.030013274835160825 -0.25009609830665985 -1 -1
rake ylego 1 0.03 -0.145 -1 -1 0.034802815337595785 -0.24934012416814785 -1 -1
rake ylego 1 0.03 -0.145 -1 -1 0.0018691103808308092 -0.24303554794204293 -1 -1
