rake ylego 1 0.03 -0.145 -1 -1 0.004445734952843395 -0.2366642681448898 -1 -1 0 0 -1.5707963267948966 
rake ylego 1 0.03 -0.145 -1 -1 -0.003861025481793585 -0.2197662562261658 -1 -1 0 0 -1.0471975511965976 
rake ylego 1 0.03 -0.145 -1 -1 -0.0022054131027580866 -0.20696603801347965 -1 -1 0 0 -0.7853981633974483 
rake ylego 1 0.03 -0.145 -1 -1 -0.0028125424115097654 -0.20176428540041957 -1 -1 0 0 -0.5235987755982988 
rake ylego 1 0.03 -0.145 -1 -1 -0.0019769581057878308 -0.20831282943368717 -1 -1 0 0 -0.2617993877991494 
rake ylego 1 0.03 -0.145 -1 -1 -0.0023721216979815047 -0.20590719291485002 -1 -1 0 0 -0.08726646259971647 
rake ylego 1 0.03 -0.145 -1 -1 -0.0027803020031555636 -0.2019266859763578 -1 -1 0 0 0 
rake ylego 1 0.03 -0.145 -1 -1 -0.002177477002553742 -0.20731725418610994 -1 -1 0 0 0.08726646259971647 
rake ylego 1 0.03 -0.145 -1 -1 -0.002229662569133509 -0.20729076743785724 -1 -1 0 0 0.2617993877991494 
rake ylego 1 0.03 -0.145 -1 -1 -0.0028830427667627997 -0.20142758401555316 -1 -1 0 0 0.5235987755982988 
rake ylego 1 0.03 -0.145 -1 -1 0.0068881909699508755 -0.2266509953106745 -1 -1 0 0 0.7853981633974483 
rake ylego 1 0.03 -0.145 -1 -1 0.001872420770102394 -0.2153874719016686 -1 -1 0 0 1.0471975511965976 
rake ylego 1 0.03 -0.145 -1 -1 0.0019853184805933895 -0.2156889856880074 -1 -1 0 0 1.5707963267948966 
