rake ylego 1 0.03 -0.145 -1 -1 0.014511153521154488 -0.2643862437707944 -1 -1
rake ylego 1 0.03 -0.145 -1 -1 -0.00010978778619823345 -0.24915286063807687 -1 -1
rake ylego 1 0.03 -0.145 -1 -1 0.006214855300013004 -0.24830296718676503 -1 -1
rake ylego 1 0.03 -0.145 -1 -1 -0.018157101731200952 -0.24582221516993133 -1 -1
rake ylego 1 0.03 -0.145 -1 -1 0.0056230673721516635 -0.2361691758154279 -1 -1
rake ylego 1 0.03 -0.145 -1 -1 0.002963998434848896 -0.2455883275297537 -1 -1
rake ylego 1 0.03 -0.145 -1 -1 0.005671500904387373 -0.24318678041190528 -1 -1
rake ylego 1 0.03 -0.145 -1 -1 0.015601126395236009 -0.24193105152250377 -1 -1
rake ylego 1 0.03 -0.145 -1 -1 0.047479113821042154 -0.26009979668999655 -1 -1
rake ylego 1 0.03 -0.145 -1 -1 -0.025620544350359396 -0.18448803429099722 -1 -1
rake ylego 1 0.03 -0.145 -1 -1 0.0012480887559202657 -0.24088711253209963 -1 -1
rake ylego 1 0.03 -0.145 -1 -1 -0.004841592415790451 -0.2538191125577451 -1 -1
rake ylego 1 0.03 -0.145 -1 -1 0.020706451038080203 -0.2574905175988409 -1 -1
rake ylego 1 0.03 -0.145 -1 -1 -0.0013355399382629816 -0.23089662923223153 -1 -1
rake ylego 1 0.03 -0.145 -1 -1 0.014726930254991631 -0.2452080025957735 -1 -1
rake ylego 1 0.03 -0.145 -1 -1 -0.002408005578906576 -0.26088042557746116 -1 -1
rake ylego 1 0.03 -0.145 -1 -1 3.274805088044105e-05 -0.22435044836798215 -1 -1
rake ylego 1 0.03 -0.145 -1 -1 -0.022010678904257074 -0.1961061058317431 -1 -1
rake ylego 1 0.03 -0.145 -1 -1 0.006663350098947623 -0.24284377672743387 -1 -1
rake ylego 1 0.03 -0.145 -1 -1 0.0012576678206530812 -0.2249255108625811 -1 -1
rake ylego 1 0.03 -0.145 -1 -1 0.024073306696238462 -0.2520038854650412 -1 -1
rake ylego 1 0.03 -0.145 -1 -1 0.010593428594271887 -0.2520565225333943 -1 -1
rake ylego 1 0.03 -0.145 -1 -1 0.00892331248037688 -0.2505229294049663 -1 -1
rake ylego 1 0.03 -0.145 -1 -1 0.0043007194717066275 -0.23133059952755317 -1 -1
rake ylego 1 0.03 -0.145 -1 -1 -0.003083915584470995 -0.21666520300283115 -1 -1
rake ylego 1 0.03 -0.145 -1 -1 0.025781680691740413 -0.25354354548677605 -1 -1
rake ylego 1 0.03 -0.145 -1 -1 0.018410024277942645 -0.2526629428307041 -1 -1
rake ylego 1 0.03 -0.145 -1 -1 -0.013731899477704547 -0.2576081755757051 -1 -1
rake ylego 1 0.03 -0.145 -1 -1 0.028491060978855762 -0.26019770995915503 -1 -1
rake ylego 1 0.03 -0.145 -1 -1 0.025330436421655302 -0.25053183921220057 -1 -1
rake ylego 1 0.03 -0.145 -1 -1 0.0012160892466211706 -0.22449063495726904 -1 -1
rake ylego 1 0.03 -0.145 -1 -1 -0.01083429485596017 -0.25900821525171414 -1 -1
rake ylego 1 0.03 -0.145 -1 -1 0.10029019254901392 -0.27868790752214945 -1 -1
rake ylego 1 0.03 -0.145 -1 -1 -0.017008291517984008 -0.19274110785245663 -1 -1
rake ylego 1 0.03 -0.145 -1 -1 0.01170402294545646 -0.25871340711530716 -1 -1
rake ylego 1 0.03 -0.145 -1 -1 0.021769665596132148 -0.26666580208941293 -1 -1
rake ylego 1 0.03 -0.145 -1 -1 0.0012053839775052306 -0.2425160194060939 -1 -1
rake ylego 1 0.03 -0.145 -1 -1 0.0015505957096131546 -0.24715610800258425 -1 -1
rake ylego 1 0.03 -0.145 -1 -1 0.04266747225910794 -0.25980620107351937 -1 -1
rake ylego 1 0.03 -0.145 -1 -1 0.01329105115107545 -0.2576010574965156 -1 -1
