rake ylego 1 0.03 -0.145 -1 -1 0.03168815605301696 -0.24787540598127902 -1 -1
rake ylego 1 0.03 -0.145 -1 -1 -0.004020125967429173 -0.21575950612328498 -1 -1
rake ylego 1 0.03 -0.145 -1 -1 0.014807093184145472 -0.24694738745763284 -1 -1
rake ylego 1 0.03 -0.145 -1 -1 0.030013405051187873 -0.24931838936718462 -1 -1
rake ylego 1 0.03 -0.145 -1 -1 -0.01533725464070082 -0.2250452650408504 -1 -1
rake ylego 1 0.03 -0.145 -1 -1 0.036251806518908976 -0.24996181247891888 -1 -1
rake ylego 1 0.03 -0.145 -1 -1 0.038905386204501895 -0.2509375586989227 -1 -1
rake ylego 1 0.03 -0.145 -1 -1 0.030011955977905087 -0.24775301921141996 -1 -1
rake ylego 1 0.03 -0.145 -1 -1 0.00709852876164875 -0.24386578747601137 -1 -1
rake ylego 1 0.03 -0.145 -1 -1 0.012155946795424538 -0.24521448979549873 -1 -1
rake ylego 1 0.03 -0.145 -1 -1 0.0020408674079470733 -0.2425313700333684 -1 -1
rake ylego 1 0.03 -0.145 -1 -1 0.031209026735259708 -0.24764166711252183 -1 -1
rake ylego 1 0.03 -0.145 -1 -1 0.030010114498021503 -0.2492083916126607 -1 -1
rake ylego 1 0.03 -0.145 -1 -1 0.030008608105889456 -0.24944572214618269 -1 -1
rake ylego 1 0.03 -0.145 -1 -1 0.029999988600244085 -0.24731187902506002 -1 -1
rake ylego 1 0.03 -0.145 -1 -1 0.03000192626010443 -0.24991972501271395 -1 -1
rake ylego 1 0.03 -0.145 -1 -1 -0.0022986838420325935 -0.23836858194892457 -1 -1
rake ylego 1 0.03 -0.145 -1 -1 0.039853978811968956 -0.25122937048161464 -1 -1
rake ylego 1 0.03 -0.145 -1 -1 0.007527714547708165 -0.24396076677445444 -1 -1
rake ylego 1 0.03 -0.145 -1 -1 0.010433791451239613 -0.2446469639300562 -1 -1
rake ylego 1 0.03 -0.145 -1 -1 0.037338180602975904 -0.2503885898118873 -1 -1
rake ylego 1 0.03 -0.145 -1 -1 0.004828900165360085 -0.24357612444282797 -1 -1
rake ylego 1 0.03 -0.145 -1 -1 -0.0031815317030735963 -0.242026370306864 -1 -1
rake ylego 1 0.03 -0.145 -1 -1 0.008669763923569574 -0.2441940988353344 -1 -1
rake ylego 1 0.03 -0.145 -1 -1 0.007271426602789162 -0.24391294189792903 -1 -1
rake ylego 1 0.03 -0.145 -1 -1 0.02530152697743855 -0.2573821419929371 -1 -1
rake ylego 1 0.03 -0.145 -1 -1 0.030018279488280515 -0.24836348486143095 -1 -1
rake ylego 1 0.03 -0.145 -1 -1 0.030019499562913835 -0.2472144176574595 -1 -1
rake ylego 1 0.03 -0.145 -1 -1 0.03480618321012085 -0.24934072997141177 -1 -1
rake ylego 1 0.03 -0.145 -1 -1 0.0016352108139936602 -0.24575671778073288 -1 -1
rake ylego 1 0.03 -0.145 -1 -1 0.030016614393072308 -0.24760049805646778 -1 -1
rake ylego 1 0.03 -0.145 -1 -1 0.030783163976416398 -0.247437710374036 -1 -1
rake ylego 1 0.03 -0.145 -1 -1 0.008089104201119076 -0.24420886024394256 -1 -1
rake ylego 1 0.03 -0.145 -1 -1 0.030016472473488782 -0.2474577078973643 -1 -1
rake ylego 1 0.03 -0.145 -1 -1 0.03927411581203173 -0.2510547535547812 -1 -1
rake ylego 1 0.03 -0.145 -1 -1 -0.004123935009376729 -0.21614222333944264 -1 -1
rake ylego 1 0.03 -0.145 -1 -1 0.036776628629761526 -0.250172887172293 -1 -1
rake ylego 1 0.03 -0.145 -1 -1 0.0064640972102043065 -0.24437668140332353 -1 -1
rake ylego 1 0.03 -0.145 -1 -1 0.008660783401271577 -0.24428534342671804 -1 -1
rake ylego 1 0.03 -0.145 -1 -1 -0.004059375989011109 -0.24025319702207915 -1 -1
rake ylego 1 0.03 -0.145 -1 -1 0.03055245138081183 -0.24732764835122975 -1 -1
rake ylego 1 0.03 -0.145 -1 -1 0.017445354793644185 -0.24620224690334833 -1 -1
rake ylego 1 0.03 -0.145 -1 -1 0.008204792040000948 -0.2441852513159524 -1 -1
rake ylego 1 0.03 -0.145 -1 -1 0.029949951799120432 -0.25035729278210656 -1 -1
rake ylego 1 0.03 -0.145 -1 -1 0.030013047821090818 -0.2478033277474994 -1 -1
rake ylego 1 0.03 -0.145 -1 -1 0.0024079639213349688 -0.24273550669612337 -1 -1
rake ylego 1 0.03 -0.145 -1 -1 0.030018522423945364 -0.24714152939596476 -1 -1
rake ylego 1 0.03 -0.145 -1 -1 0.0004762290835967672 -0.2441044888110099 -1 -1
rake ylego 1 0.03 -0.145 -1 -1 0.030039172827690308 -0.2470839523793093 -1 -1
rake ylego 1 0.03 -0.145 -1 -1 0.03455329981209376 -0.24922751200064402 -1 -1
rake ylego 1 0.03 -0.145 -1 -1 0.011941988694705448 -0.24513967635707126 -1 -1
rake ylego 1 0.03 -0.145 -1 -1 0.008743429788365027 -0.2443330685886161 -1 -1
rake ylego 1 0.03 -0.145 -1 -1 0.031093861656513073 -0.24758825495931916 -1 -1
rake ylego 1 0.03 -0.145 -1 -1 0.007299521697805853 -0.24393177490587148 -1 -1
rake ylego 1 0.03 -0.145 -1 -1 0.03663795773108402 -0.2501174103045198 -1 -1
rake ylego 1 0.03 -0.145 -1 -1 0.0018995824835805729 -0.23507406112930615 -1 -1
rake ylego 1 0.03 -0.145 -1 -1 0.002984136000391381 -0.2433844053123125 -1 -1
rake ylego 1 0.03 -0.145 -1 -1 0.006674216734035256 -0.24417044775818877 -1 -1
rake ylego 1 0.03 -0.145 -1 -1 0.030007487745108218 -0.24818176178261603 -1 -1
rake ylego 1 0.03 -0.145 -1 -1 -0.004120171928918174 -0.21613545431650508 -1 -1
