rake ylego 1 0.03 -0.145 -1 -1 -0.005272860188611779 -0.2577348008329103 -1 -1
rake ylego 1 0.03 -0.145 -1 -1 -0.004700875762633119 -0.2621395703999029 -1 -1
rake ylego 1 0.03 -0.145 -1 -1 -0.010233615858414268 -0.2600690673553736 -1 -1
rake ylego 1 0.03 -0.145 -1 -1 0.0007045144559705274 -0.2621667991644231 -1 -1
rake ylego 1 0.03 -0.145 -1 -1 0.001116022414270776 -0.2639250632150248 -1 -1
rake ylego 1 0.03 -0.145 -1 -1 -0.0051974560579875345 -0.26143843446690956 -1 -1
rake ylego 1 0.03 -0.145 -1 -1 0.0016865914082432756 -0.2617453314629757 -1 -1
rake ylego 1 0.03 -0.145 -1 -1 -0.0039977464631504945 -0.2584378131471943 -1 -1
rake ylego 1 0.03 -0.145 -1 -1 -0.004678107040686949 -0.2602869643691992 -1 -1
rake ylego 1 0.03 -0.145 -1 -1 -0.006278690530283378 -0.26262009093232985 -1 -1
rake ylego 1 0.03 -0.145 -1 -1 -0.003734127108771188 -0.2603742346199673 -1 -1
rake ylego 1 0.03 -0.145 -1 -1 -0.00404434589147819 -0.2585118004580289 -1 -1
rake ylego 1 0.03 -0.145 -1 -1 -0.008546529345583231 -0.2575137643676526 -1 -1
rake ylego 1 0.03 -0.145 -1 -1 -0.006187328987056085 -0.25873235374386755 -1 -1
rake ylego 1 0.03 -0.145 -1 -1 -0.0010099977129472686 -0.26538974949575506 -1 -1
rake ylego 1 0.03 -0.145 -1 -1 -0.0026785726236456127 -0.25966910073416666 -1 -1
rake ylego 1 0.03 -0.145 -1 -1 -0.002685690290979748 -0.2617079248933288 -1 -1
rake ylego 1 0.03 -0.145 -1 -1 -0.0026879409417910065 -0.25939857475384054 -1 -1
rake ylego 1 0.03 -0.145 -1 -1 -0.009654108353998802 -0.2547635320970579 -1 -1
rake ylego 1 0.03 -0.145 -1 -1 -0.005649831972256718 -0.25861656801347754 -1 -1
rake ylego 1 0.03 -0.145 -1 -1 -0.0034760082850239945 -0.2569186987046885 -1 -1
rake ylego 1 0.03 -0.145 -1 -1 -0.004672668560866105 -0.2584253918013885 -1 -1
rake ylego 1 0.03 -0.145 -1 -1 -0.008427538952469274 -0.2603391157183283 -1 -1
rake ylego 1 0.03 -0.145 -1 -1 -0.004900258691285724 -0.25668737955923415 -1 -1
rake ylego 1 0.03 -0.145 -1 -1 -0.005026708242663141 -0.25802187819302336 -1 -1
rake ylego 1 0.03 -0.145 -1 -1 -0.009733864635166614 -0.2569735072555395 -1 -1
rake ylego 1 0.03 -0.145 -1 -1 -0.004122451429566225 -0.25983375205029924 -1 -1
rake ylego 1 0.03 -0.145 -1 -1 0.024342007004807736 -0.2520297810050414 -1 -1
rake ylego 1 0.03 -0.145 -1 -1 -0.012327243518060138 -0.260023477452054 -1 -1
rake ylego 1 0.03 -0.145 -1 -1 0.025368491938586306 -0.2522634675405443 -1 -1
rake ylego 1 0.03 -0.145 -1 -1 -0.003340547568728994 -0.2599080804214451 -1 -1
rake ylego 1 0.03 -0.145 -1 -1 -0.010164915550975786 -0.2600355653838676 -1 -1
rake ylego 1 0.03 -0.145 -1 -1 0.0004481630238726437 -0.26093538707580094 -1 -1
rake ylego 1 0.03 -0.145 -1 -1 -0.004800598942099437 -0.2553424861631608 -1 -1
rake ylego 1 0.03 -0.145 -1 -1 -0.005091966015491374 -0.2592441346706922 -1 -1
rake ylego 1 0.03 -0.145 -1 -1 -0.006834014144395446 -0.2546742546026112 -1 -1
rake ylego 1 0.03 -0.145 -1 -1 -0.011551226954196116 -0.2594341592564069 -1 -1
rake ylego 1 0.03 -0.145 -1 -1 -0.004825011598772233 -0.2547820510965021 -1 -1
rake ylego 1 0.03 -0.145 -1 -1 0.0325247403760083 -0.2511862571125424 -1 -1
rake ylego 1 0.03 -0.145 -1 -1 -0.010133719392541748 -0.2604424380499998 -1 -1
