rake ylego 1 0.03 -0.145 -1 -1 0.03754762505058748 -0.2504667632262772 -1 -1
rake ylego 1 0.03 -0.145 -1 -1 -0.0034157692218852146 -0.23710923516753163 -1 -1
rake ylego 1 0.03 -0.145 -1 -1 0.029992519967081983 -0.24942604073598096 -1 -1
rake ylego 1 0.03 -0.145 -1 -1 0.04148115952271762 -0.25165553362727255 -1 -1
rake ylego 1 0.03 -0.145 -1 -1 0.03864697312394892 -0.2508528813542984 -1 -1
rake ylego 1 0.03 -0.145 -1 -1 0.0020700364626651223 -0.24173786927487856 -1 -1
rake ylego 1 0.03 -0.145 -1 -1 0.006663890335362301 -0.2438669456298702 -1 -1
rake ylego 1 0.03 -0.145 -1 -1 -0.004323468306036231 -0.21705430188531055 -1 -1
rake ylego 1 0.03 -0.145 -1 -1 0.03002795757793219 -0.2502021801891067 -1 -1
rake ylego 1 0.03 -0.145 -1 -1 -0.00038193383136186384 -0.2448210868199922 -1 -1
rake ylego 1 0.03 -0.145 -1 -1 0.011816879678964743 -0.24527988795995867 -1 -1
rake ylego 1 0.03 -0.145 -1 -1 0.04382829217739084 -0.2521601317451868 -1 -1
rake ylego 1 0.03 -0.145 -1 -1 0.0050984600860941014 -0.24778658709225557 -1 -1
rake ylego 1 0.03 -0.145 -1 -1 -0.004278978624431167 -0.2167582552695188 -1 -1
rake ylego 1 0.03 -0.145 -1 -1 0.006734660476273228 -0.2447323813225707 -1 -1
rake ylego 1 0.03 -0.145 -1 -1 0.030055943409214764 -0.24709230124900566 -1 -1
rake ylego 1 0.03 -0.145 -1 -1 0.03723690348139138 -0.25034996113080316 -1 -1
rake ylego 1 0.03 -0.145 -1 -1 0.033262417101253564 -0.24862893276172027 -1 -1
rake ylego 1 0.03 -0.145 -1 -1 0.030011091831852035 -0.24895916707220186 -1 -1
rake ylego 1 0.03 -0.145 -1 -1 0.02999852483754849 -0.24981093683409378 -1 -1
rake ylego 1 0.03 -0.145 -1 -1 0.003404869555512527 -0.2439042204883065 -1 -1
rake ylego 1 0.03 -0.145 -1 -1 0.04166971266611111 -0.25169815408679064 -1 -1
rake ylego 1 0.03 -0.145 -1 -1 0.03056128805635879 -0.24733165206932603 -1 -1
rake ylego 1 0.03 -0.145 -1 -1 0.030009622768562148 -0.24722880607836967 -1 -1
rake ylego 1 0.03 -0.145 -1 -1 0.0300142893260842 -0.24710034078854284 -1 -1
rake ylego 1 0.03 -0.145 -1 -1 0.03001710692970032 -0.2501376337620867 -1 -1
rake ylego 1 0.03 -0.145 -1 -1 0.029992593113621926 -0.24942819526330623 -1 -1
rake ylego 1 0.03 -0.145 -1 -1 0.03250383726828271 -0.2482657906648299 -1 -1
rake ylego 1 0.03 -0.145 -1 -1 0.0003787248930616367 -0.24237711194814301 -1 -1
rake ylego 1 0.03 -0.145 -1 -1 -0.004122144084754005 -0.21613663337756703 -1 -1
rake ylego 1 0.03 -0.145 -1 -1 0.03553151413389985 -0.24965924396324413 -1 -1
rake ylego 1 0.03 -0.145 -1 -1 0.00463743277010116 -0.2434158179448345 -1 -1
rake ylego 1 0.03 -0.145 -1 -1 0.030020988760932538 -0.24804023059376357 -1 -1
rake ylego 1 0.03 -0.145 -1 -1 0.030005364867189733 -0.25031177969828367 -1 -1
rake ylego 1 0.03 -0.145 -1 -1 -0.004418237801241352 -0.2181936574792498 -1 -1
rake ylego 1 0.03 -0.145 -1 -1 0.03675291728822153 -0.25016302478101765 -1 -1
rake ylego 1 0.03 -0.145 -1 -1 -0.004424791086569808 -0.21797790634834205 -1 -1
rake ylego 1 0.03 -0.145 -1 -1 0.035928185462666545 -0.2498275016483002 -1 -1
rake ylego 1 0.03 -0.145 -1 -1 0.004017964335393585 -0.24324152820958658 -1 -1
rake ylego 1 0.03 -0.145 -1 -1 0.030027746052692504 -0.2500745067722597 -1 -1
rake ylego 1 0.03 -0.145 -1 -1 0.030020658310056705 -0.25001569869950296 -1 -1
rake ylego 1 0.03 -0.145 -1 -1 0.006452518932481258 -0.24433283244184978 -1 -1
rake ylego 1 0.03 -0.145 -1 -1 0.012539886484392197 -0.25199900273609804 -1 -1
rake ylego 1 0.03 -0.145 -1 -1 -0.004389310550286774 -0.21755983349795543 -1 -1
rake ylego 1 0.03 -0.145 -1 -1 0.039287020120728766 -0.25105752389236113 -1 -1
rake ylego 1 0.03 -0.145 -1 -1 0.009616527934959271 -0.2444433093028661 -1 -1
rake ylego 1 0.03 -0.145 -1 -1 0.030020805759733014 -0.2501602702096925 -1 -1
rake ylego 1 0.03 -0.145 -1 -1 0.03001133454079935 -0.2487590474660833 -1 -1
rake ylego 1 0.03 -0.145 -1 -1 0.03518721052436878 -0.24951079698527873 -1 -1
rake ylego 1 0.03 -0.145 -1 -1 -0.004383622909679286 -0.21855543136332528 -1 -1
rake ylego 1 0.03 -0.145 -1 -1 -0.0029834648782102635 -0.23749670592299013 -1 -1
rake ylego 1 0.03 -0.145 -1 -1 0.030014195479841264 -0.2494293762442558 -1 -1
rake ylego 1 0.03 -0.145 -1 -1 0.008243923483776788 -0.24429405383249617 -1 -1
rake ylego 1 0.03 -0.145 -1 -1 0.030018855619791916 -0.2501940133929108 -1 -1
rake ylego 1 0.03 -0.145 -1 -1 0.004858566089621445 -0.2442274846275219 -1 -1
rake ylego 1 0.03 -0.145 -1 -1 0.011648370767023164 -0.2449891228439051 -1 -1
rake ylego 1 0.03 -0.145 -1 -1 0.039945663644074134 -0.251254104951536 -1 -1
rake ylego 1 0.03 -0.145 -1 -1 0.04204203850155228 -0.25178044144301215 -1 -1
rake ylego 1 0.03 -0.145 -1 -1 0.01754040974603849 -0.24752364540699562 -1 -1
rake ylego 1 0.03 -0.145 -1 -1 0.004862555613390681 -0.2445539179144854 -1 -1
