rake ylego 1 0.03 -0.145 -1 -1 0.011403281276244685 -0.2335891969286736 -1 -1 0 -1.5707963267948966 0 
rake ylego 1 0.03 -0.145 -1 -1 0.010260144513260742 -0.23255769332310808 -1 -1 0 -1.0471975511965976 0 
rake ylego 1 0.03 -0.145 -1 -1 -0.011273830361980606 -0.18899964149055704 -1 -1 0 -0.7853981633974483 0 
rake ylego 1 0.03 -0.145 -1 -1 -0.002937015301896303 -0.20033948553416578 -1 -1 0 -0.5235987755982988 0 
rake ylego 1 0.03 -0.145 -1 -1 -0.002311652406279418 -0.20622430730604283 -1 -1 0 -0.2617993877991494 0 
rake ylego 1 0.03 -0.145 -1 -1 -0.00216388462026268 -0.2068323184850736 -1 -1 0 -0.08726646259971647 0 
rake ylego 1 0.03 -0.145 -1 -1 -0.0027803020031555636 -0.2019266859763578 -1 -1 0 0 0 
rake ylego 1 0.03 -0.145 -1 -1 -0.002031902879535749 -0.2079066008886468 -1 -1 0 0.08726646259971647 0 
rake ylego 1 0.03 -0.145 -1 -1 -0.002242947388626716 -0.20680506740653393 -1 -1 0 0.2617993877991494 0 
rake ylego 1 0.03 -0.145 -1 -1 -0.002898869873819134 -0.20125954134433188 -1 -1 0 0.5235987755982988 0 
rake ylego 1 0.03 -0.145 -1 -1 -0.002304994951492327 -0.2020010429382165 -1 -1 0 0.7853981633974483 0 
rake ylego 1 0.03 -0.145 -1 -1 -0.0007480301617525179 -0.20917291112904401 -1 -1 0 1.0471975511965976 0 
rake ylego 1 0.03 -0.145 -1 -1 -0.0022430790550189987 -0.2023349822643762 -1 -1 0 1.5707963267948966 0 
