rake ylego 1 0.03 -0.145 -1 -1 -0.00309505700490148 -0.24120363578027645 -1 -1
rake ylego 1 0.03 -0.145 -1 -1 0.007035446540930874 -0.24395374659581284 -1 -1
rake ylego 1 0.03 -0.145 -1 -1 0.014620800447259403 -0.24622944797109614 -1 -1
rake ylego 1 0.03 -0.145 -1 -1 0.04034996815108075 -0.251369138410129 -1 -1
rake ylego 1 0.03 -0.145 -1 -1 0.03492657882295597 -0.24939450823567322 -1 -1
rake ylego 1 0.03 -0.145 -1 -1 0.03001322062378924 -0.24832547549555925 -1 -1
rake ylego 1 0.03 -0.145 -1 -1 0.03771214776499186 -0.2505262302122601 -1 -1
rake ylego 1 0.03 -0.145 -1 -1 0.03000083641743531 -0.2493988247604932 -1 -1
rake ylego 1 0.03 -0.145 -1 -1 0.03760392731772205 -0.25048543725660943 -1 -1
rake ylego 1 0.03 -0.145 -1 -1 0.008846632141799154 -0.2442494202976076 -1 -1
rake ylego 1 0.03 -0.145 -1 -1 0.002876532555686439 -0.24485210671882926 -1 -1
rake ylego 1 0.03 -0.145 -1 -1 0.030017523296993105 -0.24927361748853044 -1 -1
rake ylego 1 0.03 -0.145 -1 -1 0.030012688613004906 -0.24860861781240606 -1 -1
rake ylego 1 0.03 -0.145 -1 -1 0.004380725125104062 -0.2428523125113478 -1 -1
rake ylego 1 0.03 -0.145 -1 -1 0.0077537035759539736 -0.24924188361329627 -1 -1
rake ylego 1 0.03 -0.145 -1 -1 0.030027521827368335 -0.25020576121290905 -1 -1
rake ylego 1 0.03 -0.145 -1 -1 0.030013520518026537 -0.25032249796000605 -1 -1
rake ylego 1 0.03 -0.145 -1 -1 0.011171908777342907 -0.2448586514490039 -1 -1
rake ylego 1 0.03 -0.145 -1 -1 0.03002290852972083 -0.24999954505805747 -1 -1
rake ylego 1 0.03 -0.145 -1 -1 0.03607082667428059 -0.24988645696747713 -1 -1
