rake ylego 1 0.03 -0.145 -1 -1 0.08068567087920846 -0.2475436110777029 -1 -1 -1.5707963267948966 0 0 
rake ylego 1 0.03 -0.145 -1 -1 0.07161687181046071 -0.2556018915829898 -1 -1 -1.0471975511965976 0 0 
rake ylego 1 0.03 -0.145 -1 -1 0.030836385726796416 -0.2591340487447877 -1 -1 -0.7853981633974483 0 0 
rake ylego 1 0.03 -0.145 -1 -1 0.044276087622774976 -0.252323171427904 -1 -1 -0.5235987755982988 0 0 
rake ylego 1 0.03 -0.145 -1 -1 0.030009836868312854 -0.2474128551444843 -1 -1 -0.2617993877991494 0 0 
rake ylego 1 0.03 -0.145 -1 -1 0.029988514901075656 -0.24962595131070864 -1 -1 -0.08726646259971647 0 0 
rake ylego 1 0.03 -0.145 -1 -1 0.030007596705960714 -0.25024794988635707 -1 -1 0 0 0 
rake ylego 1 0.03 -0.145 -1 -1 0.017291849546189824 -0.24829571136225673 -1 -1 0.08726646259971647 0 0 
rake ylego 1 0.03 -0.145 -1 -1 0.007482168892285126 -0.24515686600978956 -1 -1 0.2617993877991494 0 0 
rake ylego 1 0.03 -0.145 -1 -1 -0.004007606094369595 -0.21569449997548512 -1 -1 0.5235987755982988 0 0 
rake ylego 1 0.03 -0.145 -1 -1 0.07685837482058609 -0.2563989382518691 -1 -1 0.7853981633974483 0 0 
rake ylego 1 0.03 -0.145 -1 -1 0.002966618384076095 -0.20486404338549122 -1 -1 1.0471975511965976 0 0 
rake ylego 1 0.03 -0.145 -1 -1 0.0025472834329200215 -0.20671829352028265 -1 -1 1.5707963267948966 0 0 
