rake ylego 1 0.03 -0.145 -1 -1 0.002827853987724001 -0.2353982238542773 -1 -1 0 -1.5707963267948966 0 
rake ylego 1 0.03 -0.145 -1 -1 0.007514698732844717 -0.2403370220265698 -1 -1 0 -1.0471975511965976 0 
rake ylego 1 0.03 -0.145 -1 -1 0.023310392478742264 -0.26241039772219676 -1 -1 0 -0.7853981633974483 0 
rake ylego 1 0.03 -0.145 -1 -1 -0.035093031798084436 -0.24365726719657302 -1 -1 0 -0.5235987755982988 0 
rake ylego 1 0.03 -0.145 -1 -1 0.00832808611606632 -0.2514808566678185 -1 -1 0 -0.2617993877991494 0 
rake ylego 1 0.03 -0.145 -1 -1 0.03623935031687982 -0.2554371332099424 -1 -1 0 -0.08726646259971647 0 
rake ylego 1 0.03 -0.145 -1 -1 0.0005461538722275994 -0.25712112113798774 -1 -1 0 0 0 
rake ylego 1 0.03 -0.145 -1 -1 0.00013763275108816088 -0.25927593826292894 -1 -1 0 0.08726646259971647 0 
rake ylego 1 0.03 -0.145 -1 -1 0.0014125786748313146 -0.25686741545447817 -1 -1 0 0.2617993877991494 0 
rake ylego 1 0.03 -0.145 -1 -1 0.00622004043073781 -0.2626293782104677 -1 -1 0 0.5235987755982988 0 
rake ylego 1 0.03 -0.145 -1 -1 0.03945701604203314 -0.27006617186560833 -1 -1 0 0.7853981633974483 0 
rake ylego 1 0.03 -0.145 -1 -1 0.02043176251556018 -0.24970777484072346 -1 -1 0 1.0471975511965976 0 
rake ylego 1 0.03 -0.145 -1 -1 0.08688347896365052 -0.2669608392774439 -1 -1 0 1.5707963267948966 0 
