rake ylego 1 0.03 -0.145 -1 -1 -0.035298908879991785 -0.24517653677499868 -1 -1
rake ylego 1 0.03 -0.145 -1 -1 0.04004675862336791 -0.252026336808558 -1 -1
rake ylego 1 0.03 -0.145 -1 -1 0.007674980680501388 -0.263960999650384 -1 -1
rake ylego 1 0.03 -0.145 -1 -1 0.0017241088008828624 -0.22913772566714835 -1 -1
rake ylego 1 0.03 -0.145 -1 -1 0.0012316460140931705 -0.2592362343136215 -1 -1
rake ylego 1 0.03 -0.145 -1 -1 0.008486252237952203 -0.23955766308885915 -1 -1
rake ylego 1 0.03 -0.145 -1 -1 0.037356126236633924 -0.26371902564303845 -1 -1
rake ylego 1 0.03 -0.145 -1 -1 0.028878180264979122 -0.25662007775638096 -1 -1
rake ylego 1 0.03 -0.145 -1 -1 -0.0094984473256609 -0.2606924718570885 -1 -1
rake ylego 1 0.03 -0.145 -1 -1 -0.009017071650116353 -0.1602264269645969 -1 -1
rake ylego 1 0.03 -0.145 -1 -1 0.03933328758428108 -0.25442395031319937 -1 -1
rake ylego 1 0.03 -0.145 -1 -1 -0.005210792334631846 -0.2565260257113851 -1 -1
rake ylego 1 0.03 -0.145 -1 -1 -0.024802837234615373 -0.2490777254565853 -1 -1
rake ylego 1 0.03 -0.145 -1 -1 0.007402385845612791 -0.2612623791103931 -1 -1
rake ylego 1 0.03 -0.145 -1 -1 -0.0053121588500470406 -0.2573411511343226 -1 -1
rake ylego 1 0.03 -0.145 -1 -1 0.013524896978792993 -0.2480756960377643 -1 -1
rake ylego 1 0.03 -0.145 -1 -1 -0.000836641135752574 -0.2593090193225713 -1 -1
rake ylego 1 0.03 -0.145 -1 -1 -0.007952872559088515 -0.2574670051515583 -1 -1
rake ylego 1 0.03 -0.145 -1 -1 -0.015649822768761316 -0.2569795491207652 -1 -1
rake ylego 1 0.03 -0.145 -1 -1 0.0319050682186221 -0.25224666498030446 -1 -1
rake ylego 1 0.03 -0.145 -1 -1 -0.005602199569053592 -0.25782454678877764 -1 -1
rake ylego 1 0.03 -0.145 -1 -1 0.016415387966282575 -0.26573531777473247 -1 -1
rake ylego 1 0.03 -0.145 -1 -1 -0.003988634170114016 -0.21943578396394178 -1 -1
rake ylego 1 0.03 -0.145 -1 -1 0.05405664746024269 -0.26360438865280633 -1 -1
rake ylego 1 0.03 -0.145 -1 -1 0.04845834632041802 -0.26429870902706915 -1 -1
rake ylego 1 0.03 -0.145 -1 -1 0.05106310459478831 -0.26347843889510675 -1 -1
rake ylego 1 0.03 -0.145 -1 -1 -0.015093585240864753 -0.2584893676168309 -1 -1
rake ylego 1 0.03 -0.145 -1 -1 0.002062165249440938 -0.22659896852013228 -1 -1
rake ylego 1 0.03 -0.145 -1 -1 -0.012007363302399274 -0.2610779571645081 -1 -1
rake ylego 1 0.03 -0.145 -1 -1 0.04165792792284315 -0.25730776860291216 -1 -1
rake ylego 1 0.03 -0.145 -1 -1 -0.03197204059970785 -0.24430710112854817 -1 -1
rake ylego 1 0.03 -0.145 -1 -1 -0.00891085730885178 -0.25309224103964534 -1 -1
rake ylego 1 0.03 -0.145 -1 -1 0.00034108010578678006 -0.26230427317598465 -1 -1
rake ylego 1 0.03 -0.145 -1 -1 0.0019981430756565812 -0.2633111305680786 -1 -1
rake ylego 1 0.03 -0.145 -1 -1 0.03346956415351051 -0.2518453673426506 -1 -1
rake ylego 1 0.03 -0.145 -1 -1 0.050140019043505096 -0.27236514398493045 -1 -1
rake ylego 1 0.03 -0.145 -1 -1 0.005619705062796183 -0.23993285138142492 -1 -1
rake ylego 1 0.03 -0.145 -1 -1 -0.022920001666225192 -0.26319674057420883 -1 -1
rake ylego 1 0.03 -0.145 -1 -1 0.025028827930725715 -0.2624684209534081 -1 -1
rake ylego 1 0.03 -0.145 -1 -1 0.006481162716023395 -0.24418432437164042 -1 -1
