rake ylego 1 0.03 -0.145 -1 -1 -0.0027803020031555636 -0.2019266859763578 -1 -1 0 0 0 
rake ylego 1 0.03 -0.145 -1 -1 -0.002177477002553742 -0.20731725418610994 -1 -1 0 0 0.08726646259971647 
rake ylego 1 0.03 -0.145 -1 -1 -0.0028830427667627997 -0.20142758401555316 -1 -1 0 0 0.5235987755982988 
rake ylego 1 0.03 -0.145 -1 -1 0.0019853184805933895 -0.2156889856880074 -1 -1 0 0 1.5707963267948966 
rake ylego 1 0.03 -0.145 -1 -1 -0.0031658443006746593 -0.20070239072749615 -1 -1 0 0.08726646259971647 0.08726646259971647 
rake ylego 1 0.03 -0.145 -1 -1 -0.0027891692285353115 -0.20237072467208403 -1 -1 0 0.08726646259971647 0.5235987755982988 
rake ylego 1 0.03 -0.145 -1 -1 0.002998667683128299 -0.2189013356469786 -1 -1 0 0.08726646259971647 1.5707963267948966 
rake ylego 1 0.03 -0.145 -1 -1 -0.00211857900152136 -0.20826958698967404 -1 -1 0 0.5235987755982988 0.5235987755982988 
rake ylego 1 0.03 -0.145 -1 -1 0.0013206360484355898 -0.21263001000956297 -1 -1 0 0.5235987755982988 1.5707963267948966 
rake ylego 1 0.03 -0.145 -1 -1 0.010531381492656868 -0.2312539510004803 -1 -1 0 1.5707963267948966 1.5707963267948966 
rake ylego 1 0.03 -0.145 -1 -1 -0.0027341158587002915 -0.202568555850437 -1 -1 0.08726646259971647 0.08726646259971647 0.08726646259971647 
rake ylego 1 0.03 -0.145 -1 -1 -0.0027997755398127197 -0.20172162062385635 -1 -1 0.08726646259971647 0.08726646259971647 0.5235987755982988 
rake ylego 1 0.03 -0.145 -1 -1 0.004157310945388753 -0.2214973572942087 -1 -1 0.08726646259971647 0.08726646259971647 1.5707963267948966 
rake ylego 1 0.03 -0.145 -1 -1 -0.0016870247724813604 -0.21021616127004983 -1 -1 0.08726646259971647 0.5235987755982988 0.5235987755982988 
rake ylego 1 0.03 -0.145 -1 -1 0.001544472225352034 -0.21358088171012635 -1 -1 0.08726646259971647 0.5235987755982988 1.5707963267948966 
rake ylego 1 0.03 -0.145 -1 -1 0.013262664795194685 -0.2337702816572829 -1 -1 0.08726646259971647 1.5707963267948966 1.5707963267948966 
rake ylego 1 0.03 -0.145 -1 -1 -0.0022357969689234493 -0.206498425891615 -1 -1 0.5235987755982988 0.5235987755982988 0.5235987755982988 
rake ylego 1 0.03 -0.145 -1 -1 0.001066065630754406 -0.18106439184137293 -1 -1 0.5235987755982988 0.5235987755982988 1.5707963267948966 
rake ylego 1 0.03 -0.145 -1 -1 0.002446606633812711 -0.21732573409677733 -1 -1 0.5235987755982988 1.5707963267948966 1.5707963267948966 
rake ylego 1 0.03 -0.145 -1 -1 -0.0022430790550186405 -0.20233498226439364 -1 -1 1.5707963267948966 1.5707963267948966 1.5707963267948966 
