rake ylego 1 0.03 -0.145 -1 -1 -0.007077509350743854 -0.1833500015376428 -1 -1
rake ylego 1 0.03 -0.145 -1 -1 -0.008963096162526801 -0.17311490476822966 -1 -1
rake ylego 1 0.03 -0.145 -1 -1 -0.025380787833412556 -0.23520469026818724 -1 -1
rake ylego 1 0.03 -0.145 -1 -1 -0.022953983381101262 -0.15123350207344066 -1 -1
rake ylego 1 0.03 -0.145 -1 -1 -0.003161496397752552 -0.24300238773359614 -1 -1
rake ylego 1 0.03 -0.145 -1 -1 0.03441440118602641 -0.2635073192756618 -1 -1
rake ylego 1 0.03 -0.145 -1 -1 -0.008770330595248793 -0.21807909682409085 -1 -1
rake ylego 1 0.03 -0.145 -1 -1 -0.014593554552714959 -0.19965260888934683 -1 -1
rake ylego 1 0.03 -0.145 -1 -1 0.06976252262435913 -0.2573684053979308 -1 -1
rake ylego 1 0.03 -0.145 -1 -1 -0.015288669472750047 -0.18873559909285445 -1 -1
rake ylego 1 0.03 -0.145 -1 -1 0.07001083049980886 -0.2570217467888517 -1 -1
rake ylego 1 0.03 -0.145 -1 -1 -0.030316689170156213 -0.2327002165140014 -1 -1
rake ylego 1 0.03 -0.145 -1 -1 0.0189263755218755 -0.24994165278042826 -1 -1
rake ylego 1 0.03 -0.145 -1 -1 0.037774169117122 -0.26219237368708886 -1 -1
rake ylego 1 0.03 -0.145 -1 -1 -0.02574460467114554 -0.24785968952571133 -1 -1
rake ylego 1 0.03 -0.145 -1 -1 0.06513811658923807 -0.26302670478977686 -1 -1
rake ylego 1 0.03 -0.145 -1 -1 0.04148590813379238 -0.25749812666587774 -1 -1
rake ylego 1 0.03 -0.145 -1 -1 0.009563135023750172 -0.2666926742414792 -1 -1
rake ylego 1 0.03 -0.145 -1 -1 -0.016218133466403988 -0.19609937407580835 -1 -1
rake ylego 1 0.03 -0.145 -1 -1 -0.0011818203552256576 -0.21089257439888212 -1 -1
rake ylego 1 0.03 -0.145 -1 -1 -0.023361479848560216 -0.24194599968919592 -1 -1
rake ylego 1 0.03 -0.145 -1 -1 -0.01081187617117522 -0.25713587885453454 -1 -1
rake ylego 1 0.03 -0.145 -1 -1 0.0006622510646131442 -0.23088964977579912 -1 -1
rake ylego 1 0.03 -0.145 -1 -1 -0.030210019325581875 -0.25451615509294134 -1 -1
rake ylego 1 0.03 -0.145 -1 -1 -0.009491798039071995 -0.26195367786394164 -1 -1
rake ylego 1 0.03 -0.145 -1 -1 -0.012359265357513787 -0.21738647641892592 -1 -1
rake ylego 1 0.03 -0.145 -1 -1 -0.007878393442858293 -0.20753986687086723 -1 -1
rake ylego 1 0.03 -0.145 -1 -1 -0.007181682775071294 -0.21492471835625163 -1 -1
rake ylego 1 0.03 -0.145 -1 -1 0.02594331860517154 -0.2622025022785383 -1 -1
rake ylego 1 0.03 -0.145 -1 -1 0.003667844067064156 -0.21577329691116043 -1 -1
rake ylego 1 0.03 -0.145 -1 -1 -0.01131861996852406 -0.25862497185910993 -1 -1
rake ylego 1 0.03 -0.145 -1 -1 -0.03228365700961231 -0.226034234662577 -1 -1
rake ylego 1 0.03 -0.145 -1 -1 -0.012772656008310996 -0.17801821151565225 -1 -1
rake ylego 1 0.03 -0.145 -1 -1 0.022709455413715864 -0.2435598374222272 -1 -1
rake ylego 1 0.03 -0.145 -1 -1 0.0032686852189848935 -0.22538083325448116 -1 -1
rake ylego 1 0.03 -0.145 -1 -1 0.02993709478723378 -0.26625998778736415 -1 -1
rake ylego 1 0.03 -0.145 -1 -1 0.06826429805362307 -0.2521836248337099 -1 -1
rake ylego 1 0.03 -0.145 -1 -1 0.001675147330583776 -0.26085468542477147 -1 -1
rake ylego 1 0.03 -0.145 -1 -1 -0.015520520859100011 -0.1951436004698271 -1 -1
rake ylego 1 0.03 -0.145 -1 -1 -0.008605307478149008 -0.1892096729602213 -1 -1
