0.19243602780583746
2.6001387930563133
1.0774198723633583
0.48206641536898176
1.5306153374200673
0.07937162934246444
0.11192180963117701
0.36472165947099583
0.2986717294804415
4.252631203541078
1.06431952185437
0.6910542644387384
1.534533717333134
0.13652665113711118
0.09712615641593936
0.18420948957174266
0.20679625311746186
6.9768300465169775
1.4471549888103417
0.46976008120689383
0.21218584575562782
0.18645017182083845
0.04914124603473073
0.12138171482106698
0.2777695094532025
4.640916491893557
0.8907438085282452
0.5871455157163384
0.23370805546437776
0.15367434075176223
0.15817121460678962
0.2669521299568476
0.23138517538683537
4.541846796566924
1.3742591508382311
0.33951643961490247
1.5540980303265228
0.10871871122076926
0.1174295257157244
0.2939914525661479
0.29660367283919586
2.8026032920113515
1.0382597965132014
0.7454534132973554
0.10730442628855129
0.1375019583815728
0.21730613121704853
0.15089743633485603
0.14405659597401593
11.291187851334914
1.5075416747522192
0.1713431134824531
1.4931950061253063
0.1377274925042699
0.08824281600077966
0.22768741960531647
0.09441644039175501
3.7006892708030668
1.233411589611634
1.4508897627752129
0.18592123205973587
0.10034371261479558
0.14643913788816051
0.6689883117397987
0.18106103737576942
4.419029221968812
1.741019163514419
0.611991144379584
1.7943545766105822
0.22706635703521172
0.11268749841170145
0.8911756049580817
0.16642217872581921
3.3699332781504863
2.08683468127388
0.5758277710332214
1.5694726638632754
0.06885259233081029
0.11836459881210544
0.08428191444659407
0.18755986202715091
6.540421173890532
1.8973299158936827
0.7850454943029579
1.6066814914463838
0.1640297404753705
0.1528909131437073
0.308397820097159
0.2887530244523205
9.384222704302399
1.5434622265595008
0.3860912683815777
1.527507443748686
0.27624712841269894
0.3598595054682846
0.19315892047176916
0.2676685384003674
8.640246098759444
1.0340732895735814
0.3140971895782906
1.6192244692466813
0.12050003391853775
0.33249997105073525
0.19272593350132294
0.1654893375391927
6.909647081327363
1.9830942656892265
0.7713780997498012
0.45961336239049944
0.1717122652949489
0.06918874513229388
0.5710645621774328
0.1339222545448238
8.868551371907731
1.0744262319189297
0.2193678472875153
1.5693732190123326
0.16358139883078343
0.11864796638781955
1.1753878240249283
0.34286727233138803
6.824626834416228
0.8851044778010433
0.35820046578040843
0.20728757004929166
0.08464752144963433
0.24272366681106228
0.4165042348750774
0.1337476373406673
4.522483831761091
0.6950936099878695
0.1975240246538642
0.16613232755267893
0.19547421053748604
0.09898095282016006
0.20020448577932798
0.596393655817748
11.045674950440194
1.3214025618708574
0.44541354590964016
0.33992605501195067
0.0715965739929656
0.24523308589441672
0.10877528277447399
0.2528559463907446
3.3289278423704722
2.760753915214503
0.7409937910148314
0.06685963131022746
0.10145437001983199
0.29406217093925635
0.21828332038183965
0.42593349784534446
4.9381115335610115
0.8338838641910782
0.2415976238683586
1.5797391441401278
0.06420280416638735
0.14986786278449368
0.22672296029033795
0.15465093263375118
6.700144856770193
11.497667414799395
0.5104663083663495
0.21271720649266096
0.10352565405991282
0.10726638600025268
0.21806241597829024
0.26954239414114745
5.483182943944027
1.5377886351261258
0.32694781351824387
1.6185219736991356
0.13059336507788233
0.044965240256280764
0.21443937335304655
0.2529040646502526
5.52086018036909
2.1621975347129516
0.21326536663484308
1.717100951214399
0.16121778675782666
0.20730028603767992
0.15928933632427245
0.34016442888056747
1.7514294469698601
0.8750963427495297
0.041847948924279926
1.5425958282207506
0.048381327669234364
0.17137459024605342
0.4400823570267176
0.07982318484500656
3.946897547121428
1.4350775300723275
0.10018184994348273
0.21903346854652372
0.08692163832216468
0.11333337720783476
0.26849273431231857
0.28048409256088214
6.08819467321437
1.0527273301867497
0.6505088936398957
1.5388914186797416
0.177891050632849
0.12412831922422779
0.2161506761771248
0.23933358032809282
2.253840975847077
1.3060510300586845
0.3363934008315221
0.09280854076176258
0.06713622924427728
0.13147591802841446
0.2039544307554063
0.5423280586867252
6.976878369605825
1.1972740406349067
0.723446719448604
1.5456877252925838
0.09407827812585207
0.21064049874883461
0.31682519518267294
0.19255143823001247
5.294330230492709
1.0877771795980242
0.29433202101432543
1.513702066540088
0.04314712777168295
0.14667099279219256
0.19798587410744067
0.11548722315373003
3.810411363772544
1.366497455261337
0.4708893789756863
1.5353238680447445
0.03858295702817374
0.21248759739238898
0.8672476328807317
