rake yball 4 -0.05 0.0 -1 -1 -0.15589282142995803 -5.218006405348853e-05 -1 -1
rake yball 4 -0.05 0.0 -1 -1 -0.15599621042853085 -3.8570731516463044e-05 -1 -1
rake yball 4 -0.05 0.0 -1 -1 -0.15596781732570753 -3.526783762432335e-05 -1 -1
rake yball 4 -0.05 0.0 -1 -1 -0.15596491592364983 -3.7075319879326606e-05 -1 -1
rake yball 4 -0.05 0.0 -1 -1 -0.15593217955807173 -3.7705248615504525e-05 -1 -1
rake yball 4 -0.05 0.0 -1 -1 -0.15597793208170535 -3.6199522753482696e-05 -1 -1
rake yball 4 -0.05 0.0 -1 -1 -0.15577732654574528 -3.403921814479804e-05 -1 -1
rake yball 4 -0.05 0.0 -1 -1 -0.1560348970615806 -4.697971252375504e-05 -1 -1
rake yball 4 -0.05 0.0 -1 -1 -0.1559195791735843 -3.747142629898659e-05 -1 -1
rake yball 4 -0.05 0.0 -1 -1 -0.15594684874663609 -3.68180640850541e-05 -1 -1
rake yball 4 -0.05 0.0 -1 -1 -0.15593645261266997 -3.780142899085944e-05 -1 -1
rake yball 4 -0.05 0.0 -1 -1 -0.15602728191593912 -4.631600895735005e-05 -1 -1
rake yball 4 -0.05 0.0 -1 -1 -0.15584392975576267 -3.482843764643662e-05 -1 -1
rake yball 4 -0.05 0.0 -1 -1 -0.15578175660167334 -4.703641192334492e-05 -1 -1
rake yball 4 -0.05 0.0 -1 -1 -0.1560192516067238 -3.6772645852704406e-05 -1 -1
rake yball 4 -0.05 0.0 -1 -1 -0.155981083135007 -3.8932933780372327e-05 -1 -1
rake yball 4 -0.05 0.0 -1 -1 -0.15587869954778738 -3.4445786698202526e-05 -1 -1
rake yball 4 -0.05 0.0 -1 -1 -0.15593977163737904 -3.7230355442733366e-05 -1 -1
rake yball 4 -0.05 0.0 -1 -1 -0.1558395085631845 -3.744331965785785e-05 -1 -1
rake yball 4 -0.05 0.0 -1 -1 -0.15598140213327263 -3.8957601138788026e-05 -1 -1
