rake yball 4 -0.05 0.0 -1 -1 -0.25540276763219344 -0.03040387967655003 -1 -1
rake yball 4 -0.05 0.0 -1 -1 -0.22280921105189108 0.08496342026454903 -1 -1
rake yball 4 -0.05 0.0 -1 -1 -0.155834820227397 -0.02918565155556457 -1 -1
rake yball 4 -0.05 0.0 -1 -1 -0.15747353102555373 0.0014194787984251542 -1 -1
rake yball 4 -0.05 0.0 -1 -1 -0.16848132727121579 -0.020634978197434876 -1 -1
rake yball 4 -0.05 0.0 -1 -1 -0.16354184644632086 -0.14890659422168032 -1 -1
rake yball 4 -0.05 0.0 -1 -1 -0.15604837816322004 -0.008573900029003009 -1 -1
rake yball 4 -0.05 0.0 -1 -1 -0.20598084806785316 0.09236330734654394 -1 -1
rake yball 4 -0.05 0.0 -1 -1 -0.1559415130493729 -0.01649124109859429 -1 -1
rake yball 4 -0.05 0.0 -1 -1 -0.24202947551825968 0.09852992650622819 -1 -1
rake yball 4 -0.05 0.0 -1 -1 -0.16233778081484715 0.027964404777916712 -1 -1
rake yball 4 -0.05 0.0 -1 -1 -0.1560992394557399 -0.00622070855055015 -1 -1
rake yball 4 -0.05 0.0 -1 -1 -0.16872602514155893 0.03508750494774124 -1 -1
rake yball 4 -0.05 0.0 -1 -1 -0.15612209649435177 0.02660463176616181 -1 -1
rake yball 4 -0.05 0.0 -1 -1 -0.15624159164012627 -0.006757602796482275 -1 -1
rake yball 4 -0.05 0.0 -1 -1 -0.15576770022975503 -0.006988470785691816 -1 -1
rake yball 4 -0.05 0.0 -1 -1 -0.15592166161065124 0.006259943740967131 -1 -1
rake yball 4 -0.05 0.0 -1 -1 -0.15943902902376295 -0.011090305474902269 -1 -1
rake yball 4 -0.05 0.0 -1 -1 -0.17556073776572428 0.0030717907475381126 -1 -1
rake yball 4 -0.05 0.0 -1 -1 -0.15585542660066626 0.009922028919438768 -1 -1
rake yball 4 -0.05 0.0 -1 -1 -0.1617419541112698 -0.0299967115210895 -1 -1
rake yball 4 -0.05 0.0 -1 -1 -0.15595689878756086 -0.03407485133533584 -1 -1
rake yball 4 -0.05 0.0 -1 -1 -0.16352687387776377 -0.0037768863665063237 -1 -1
rake yball 4 -0.05 0.0 -1 -1 -0.3309547567609693 0.008836660545707259 -1 -1
rake yball 4 -0.05 0.0 -1 -1 -0.13870846814040014 -0.12146305917932575 -1 -1
rake yball 4 -0.05 0.0 -1 -1 0.026046924722811244 -0.1849600408455905 -1 -1
rake yball 4 -0.05 0.0 -1 -1 -0.17176007343913374 0.004090155461474416 -1 -1
rake yball 4 -0.05 0.0 -1 -1 -0.15619213557119133 -0.001763163651119152 -1 -1
rake yball 4 -0.05 0.0 -1 -1 -0.18816612320721232 -0.06623714388106636 -1 -1
rake yball 4 -0.05 0.0 -1 -1 -0.15544094306513676 -0.020825403731808193 -1 -1
rake yball 4 -0.05 0.0 -1 -1 -0.16131913866132902 -0.06563983148587592 -1 -1
rake yball 4 -0.05 0.0 -1 -1 -0.15545543055662625 -0.05299734079054615 -1 -1
rake yball 4 -0.05 0.0 -1 -1 -0.17422721702238034 0.014776204829418015 -1 -1
rake yball 4 -0.05 0.0 -1 -1 -0.15602608307502208 -0.010849152155405975 -1 -1
rake yball 4 -0.05 0.0 -1 -1 -0.16408511687501953 0.0011466064667144558 -1 -1
rake yball 4 -0.05 0.0 -1 -1 -0.16720003518830423 0.03460429692458385 -1 -1
rake yball 4 -0.05 0.0 -1 -1 -0.1563039476691392 0.022813253772801485 -1 -1
rake yball 4 -0.05 0.0 -1 -1 -0.21095927010089915 0.04422509527239217 -1 -1
rake yball 4 -0.05 0.0 -1 -1 -0.1729246111105835 0.009388006842000642 -1 -1
rake yball 4 -0.05 0.0 -1 -1 -0.1556302020575334 -0.017637462128691238 -1 -1
