rake yball 4 -0.05 0.0 -1 -1 -0.16292201586428337 -0.00561010455253712 -1 -1
rake yball 4 -0.05 0.0 -1 -1 -0.16403751979365946 -0.0061233090544196515 -1 -1
rake yball 4 -0.05 0.0 -1 -1 -0.16411764365239212 -0.0109924458050832 -1 -1
rake yball 4 -0.05 0.0 -1 -1 -0.15593304892339657 0.0019539456803981275 -1 -1
rake yball 4 -0.05 0.0 -1 -1 -0.16460534561167983 -0.0006208714589701745 -1 -1
rake yball 4 -0.05 0.0 -1 -1 -0.16040924408729848 0.003306255196325716 -1 -1
rake yball 4 -0.05 0.0 -1 -1 -0.15804865662219753 0.003084052142898733 -1 -1
rake yball 4 -0.05 0.0 -1 -1 -0.15671399476682213 -0.004428658783004563 -1 -1
rake yball 4 -0.05 0.0 -1 -1 -0.1561393725761616 -0.007623943553489627 -1 -1
rake yball 4 -0.05 0.0 -1 -1 -0.15948302486963756 -0.019554983449844226 -1 -1
rake yball 4 -0.05 0.0 -1 -1 -0.15596596339076377 0.0036879133902450686 -1 -1
rake yball 4 -0.05 0.0 -1 -1 -0.16578168919699637 -0.00048271844460266624 -1 -1
rake yball 4 -0.05 0.0 -1 -1 -0.15621171157913744 -0.007638780126220241 -1 -1
rake yball 4 -0.05 0.0 -1 -1 -0.16006819998995156 0.0008165742788834836 -1 -1
rake yball 4 -0.05 0.0 -1 -1 -0.15735949509509053 0.010607148981389284 -1 -1
rake yball 4 -0.05 0.0 -1 -1 -0.1559814590749642 -0.008689007336092461 -1 -1
rake yball 4 -0.05 0.0 -1 -1 -0.15658071189068232 -0.0031199088988753516 -1 -1
rake yball 4 -0.05 0.0 -1 -1 -0.15571242486083828 -0.010635842322839442 -1 -1
rake yball 4 -0.05 0.0 -1 -1 -0.16727689117989886 0.0008193764410853855 -1 -1
rake yball 4 -0.05 0.0 -1 -1 -0.16785313977230312 -0.0032521726219652113 -1 -1
rake yball 4 -0.05 0.0 -1 -1 -0.16808785160091883 -0.011038964189212392 -1 -1
rake yball 4 -0.05 0.0 -1 -1 -0.16266587913848285 0.008920787824033351 -1 -1
rake yball 4 -0.05 0.0 -1 -1 -0.15597921431355913 -0.016434903683631406 -1 -1
rake yball 4 -0.05 0.0 -1 -1 -0.15607030762552443 0.0029758037639900444 -1 -1
rake yball 4 -0.05 0.0 -1 -1 -0.16017146303067695 0.00333725682904468 -1 -1
rake yball 4 -0.05 0.0 -1 -1 -0.15614930467515029 -0.01783273387522758 -1 -1
rake yball 4 -0.05 0.0 -1 -1 -0.16066056069404047 -0.0015175834282349662 -1 -1
rake yball 4 -0.05 0.0 -1 -1 -0.1624015533706385 -0.002725951607511857 -1 -1
rake yball 4 -0.05 0.0 -1 -1 -0.16579837894296515 -0.01370419902478028 -1 -1
rake yball 4 -0.05 0.0 -1 -1 -0.16849122283692636 0.00529384613314292 -1 -1
rake yball 4 -0.05 0.0 -1 -1 -0.15583373182993623 -0.010945513988211602 -1 -1
rake yball 4 -0.05 0.0 -1 -1 -0.15937660763451325 0.0013661372324508517 -1 -1
rake yball 4 -0.05 0.0 -1 -1 -0.16126386624238562 0.008716464831998156 -1 -1
rake yball 4 -0.05 0.0 -1 -1 -0.16491217864211777 -0.003777736100929538 -1 -1
rake yball 4 -0.05 0.0 -1 -1 -0.1558424975397908 -0.009531827260797397 -1 -1
rake yball 4 -0.05 0.0 -1 -1 -0.1559508754162187 -0.0029039468994409108 -1 -1
rake yball 4 -0.05 0.0 -1 -1 -0.16585148401460853 -0.008280174633527652 -1 -1
rake yball 4 -0.05 0.0 -1 -1 -0.1729988197033699 -0.0071566396920963145 -1 -1
rake yball 4 -0.05 0.0 -1 -1 -0.15916333745817512 0.007543771182704815 -1 -1
rake yball 4 -0.05 0.0 -1 -1 -0.15805107057956352 -0.000755371036578152 -1 -1
rake yball 4 -0.05 0.0 -1 -1 -0.16042153822422178 0.009789917037239266 -1 -1
rake yball 4 -0.05 0.0 -1 -1 -0.16038120397588898 0.02938424164559144 -1 -1
rake yball 4 -0.05 0.0 -1 -1 -0.16762583119559327 0.009082091207769281 -1 -1
rake yball 4 -0.05 0.0 -1 -1 -0.16160151300700806 -0.004521205490555715 -1 -1
rake yball 4 -0.05 0.0 -1 -1 -0.15938007969367254 -0.0024057032579939343 -1 -1
rake yball 4 -0.05 0.0 -1 -1 -0.15797932613106352 -0.01094401231812628 -1 -1
rake yball 4 -0.05 0.0 -1 -1 -0.1776071001361632 0.008214657375671137 -1 -1
rake yball 4 -0.05 0.0 -1 -1 -0.1651974232524717 -0.009890222335363073 -1 -1
rake yball 4 -0.05 0.0 -1 -1 -0.15627825085862418 -0.0018068061189583631 -1 -1
rake yball 4 -0.05 0.0 -1 -1 -0.15604066312618314 -0.00830576175839437 -1 -1
