rake yball 4 -0.05 0.0 -1 -1 -0.15607893831773598 0.0042936962913673205 -1 -1
rake yball 4 -0.05 0.0 -1 -1 -0.15672916957795152 0.006787208021553213 -1 -1
rake yball 4 -0.05 0.0 -1 -1 -0.15569570541895233 -0.056944718506288454 -1 -1
rake yball 4 -0.05 0.0 -1 -1 -0.16817078512221115 -0.1744334530419335 -1 -1
rake yball 4 -0.05 0.0 -1 -1 -0.15652241905079683 -0.002649739847259511 -1 -1
rake yball 4 -0.05 0.0 -1 -1 -0.16353439871099956 0.0059981553794395065 -1 -1
rake yball 4 -0.05 0.0 -1 -1 -0.16677455499309513 -0.02451545874375178 -1 -1
rake yball 4 -0.05 0.0 -1 -1 -0.16027431784866308 0.025096308805601958 -1 -1
rake yball 4 -0.05 0.0 -1 -1 -0.23314094939304583 -0.1487542759434554 -1 -1
rake yball 4 -0.05 0.0 -1 -1 -0.15592468334754994 -0.006236808029295281 -1 -1
rake yball 4 -0.05 0.0 -1 -1 -0.16920158274278646 0.07826261132340386 -1 -1
rake yball 4 -0.05 0.0 -1 -1 -0.15605051635239903 0.035619325099997774 -1 -1
rake yball 4 -0.05 0.0 -1 -1 -0.15550878223509035 -0.07214961755970764 -1 -1
rake yball 4 -0.05 0.0 -1 -1 -0.18936466451633402 -0.041548697511134255 -1 -1
rake yball 4 -0.05 0.0 -1 -1 -0.14148729938004814 -0.1188907676462746 -1 -1
rake yball 4 -0.05 0.0 -1 -1 -0.16698279674223288 -0.02546141455222387 -1 -1
rake yball 4 -0.05 0.0 -1 -1 -0.15578477886490674 -0.06040756485554701 -1 -1
rake yball 4 -0.05 0.0 -1 -1 -0.1557918833700764 -0.02266215847566457 -1 -1
rake yball 4 -0.05 0.0 -1 -1 -0.15574667087086683 -0.012001753865322498 -1 -1
rake yball 4 -0.05 0.0 -1 -1 -0.2416309766282997 0.002086125492798143 -1 -1
rake yball 4 -0.05 0.0 -1 -1 -0.15666653607313016 0.010980771056661525 -1 -1
rake yball 4 -0.05 0.0 -1 -1 -0.1614764182663154 0.015885034448133415 -1 -1
rake yball 4 -0.05 0.0 -1 -1 -0.15599813775858465 0.002564373503264441 -1 -1
rake yball 4 -0.05 0.0 -1 -1 -0.15601322430627737 -0.009029356625560257 -1 -1
rake yball 4 -0.05 0.0 -1 -1 -0.15752525694163236 -0.05189939340216746 -1 -1
rake yball 4 -0.05 0.0 -1 -1 -0.15597397560327697 0.0024883242548431475 -1 -1
rake yball 4 -0.05 0.0 -1 -1 -0.15858549638411112 -0.05499679251804293 -1 -1
rake yball 4 -0.05 0.0 -1 -1 -0.15560249547038232 -0.04797265103594284 -1 -1
rake yball 4 -0.05 0.0 -1 -1 -0.3281776431950959 0.004346701090591773 -1 -1
rake yball 4 -0.05 0.0 -1 -1 -0.15602537014203818 -0.03622324008177385 -1 -1
rake yball 4 -0.05 0.0 -1 -1 -0.1560188587385297 0.009675953698345988 -1 -1
rake yball 4 -0.05 0.0 -1 -1 -0.20026524205079743 -0.05325639009169144 -1 -1
rake yball 4 -0.05 0.0 -1 -1 -0.15833160205378705 -0.003352951024355604 -1 -1
rake yball 4 -0.05 0.0 -1 -1 -0.29275066702293934 0.03454504956306104 -1 -1
rake yball 4 -0.05 0.0 -1 -1 -0.16281027277514903 0.06675604222444717 -1 -1
rake yball 4 -0.05 0.0 -1 -1 -0.4748555017424329 0.252505977211768 -1 -1
rake yball 4 -0.05 0.0 -1 -1 -0.2753336583601905 -0.021151785983169486 -1 -1
rake yball 4 -0.05 0.0 -1 -1 -0.15674622643312372 -0.005983515977769789 -1 -1
rake yball 4 -0.05 0.0 -1 -1 -0.15574226711915184 -0.02029290819571108 -1 -1
rake yball 4 -0.05 0.0 -1 -1 -0.4551615314433142 0.14801077028082996 -1 -1
