rake yball 4 -0.05 0.0 -1 -1 -0.15592008722518236 0.020310807583854954 -1 -1
rake yball 4 -0.05 0.0 -1 -1 -0.16001044696803016 -0.014520130508973743 -1 -1
rake yball 4 -0.05 0.0 -1 -1 -0.1825375593531721 -0.05642398427411849 -1 -1
rake yball 4 -0.05 0.0 -1 -1 -0.15566761038027854 -0.04427554612651312 -1 -1
rake yball 4 -0.05 0.0 -1 -1 -0.15801875029999196 0.0017764854803055006 -1 -1
rake yball 4 -0.05 0.0 -1 -1 -0.15611494286629873 -0.023778075837787863 -1 -1
rake yball 4 -0.05 0.0 -1 -1 -0.15767259666180786 -0.02177352317198337 -1 -1
rake yball 4 -0.05 0.0 -1 -1 -0.15729671071739915 0.011626749873466697 -1 -1
rake yball 4 -0.05 0.0 -1 -1 -0.1570863973012748 -0.018058888232516685 -1 -1
rake yball 4 -0.05 0.0 -1 -1 -0.1560378617597337 0.004432419065952703 -1 -1
rake yball 4 -0.05 0.0 -1 -1 -0.16793453125107485 -0.01731445593823581 -1 -1
rake yball 4 -0.05 0.0 -1 -1 -0.25055054653775155 0.013329368545238184 -1 -1
rake yball 4 -0.05 0.0 -1 -1 -0.19731825141534035 0.027809821942538674 -1 -1
rake yball 4 -0.05 0.0 -1 -1 -0.15583989111901533 -0.011506938196001003 -1 -1
rake yball 4 -0.05 0.0 -1 -1 -0.15576983083374096 0.00012557266540881736 -1 -1
rake yball 4 -0.05 0.0 -1 -1 -0.16483010560044506 -0.02393498270098435 -1 -1
rake yball 4 -0.05 0.0 -1 -1 -0.15614197875242847 0.004269403679586318 -1 -1
rake yball 4 -0.05 0.0 -1 -1 -0.16363924808296254 -0.16128296217311255 -1 -1
rake yball 4 -0.05 0.0 -1 -1 -0.18695459431107134 -0.009122542725702518 -1 -1
rake yball 4 -0.05 0.0 -1 -1 -0.1679502638570175 -0.003643483122613974 -1 -1
rake yball 4 -0.05 0.0 -1 -1 -0.16424831808497165 -0.011590928047028997 -1 -1
rake yball 4 -0.05 0.0 -1 -1 -0.1589787184550558 0.004509047655345815 -1 -1
rake yball 4 -0.05 0.0 -1 -1 -0.16330403159773602 -0.0007189434599255531 -1 -1
rake yball 4 -0.05 0.0 -1 -1 -0.15616447630731334 0.008896917207314248 -1 -1
rake yball 4 -0.05 0.0 -1 -1 -0.15566007598948106 -0.05765328541510923 -1 -1
rake yball 4 -0.05 0.0 -1 -1 -0.17455055979507103 0.020443764801519593 -1 -1
rake yball 4 -0.05 0.0 -1 -1 -0.1562536769034753 0.022368132469224675 -1 -1
rake yball 4 -0.05 0.0 -1 -1 -0.16485602054383433 -0.06786443792664364 -1 -1
rake yball 4 -0.05 0.0 -1 -1 -0.15737422232034087 0.011665560702411518 -1 -1
rake yball 4 -0.05 0.0 -1 -1 -0.15615279546447572 0.028287146260589237 -1 -1
rake yball 4 -0.05 0.0 -1 -1 -0.15617562715708294 0.006202254866212632 -1 -1
rake yball 4 -0.05 0.0 -1 -1 -0.15600973646648644 0.004257972743420306 -1 -1
rake yball 4 -0.05 0.0 -1 -1 -0.1584281715210061 -0.031158900732671014 -1 -1
rake yball 4 -0.05 0.0 -1 -1 -0.1560863186825719 0.002677354321836089 -1 -1
rake yball 4 -0.05 0.0 -1 -1 -0.1636797741728053 -0.05189208272866057 -1 -1
rake yball 4 -0.05 0.0 -1 -1 -0.15609832003519405 -0.012249875573875565 -1 -1
rake yball 4 -0.05 0.0 -1 -1 -0.15816685888889626 -0.0025005639737013165 -1 -1
rake yball 4 -0.05 0.0 -1 -1 -0.15732451802567163 0.010311707980819455 -1 -1
rake yball 4 -0.05 0.0 -1 -1 -0.15664341498790213 -0.0004236011624674871 -1 -1
rake yball 4 -0.05 0.0 -1 -1 -0.15914285030449365 0.0011115164610909147 -1 -1
