rake yball 4 -0.05 0.0 -1 -1 -0.16251677131396783 -0.030186467593638938 -1 -1
rake yball 4 -0.05 0.0 -1 -1 -0.15609670723994898 0.00674731037117479 -1 -1
rake yball 4 -0.05 0.0 -1 -1 -0.15599924405893945 -0.040507019497958305 -1 -1
rake yball 4 -0.05 0.0 -1 -1 -0.1717526201466223 0.008307482225690596 -1 -1
rake yball 4 -0.05 0.0 -1 -1 -0.05316709378505053 -0.14410525407397737 -1 -1
rake yball 4 -0.05 0.0 -1 -1 -0.156071147945013 -0.005272426087171291 -1 -1
rake yball 4 -0.05 0.0 -1 -1 -0.17531183916738646 0.03584385569743015 -1 -1
rake yball 4 -0.05 0.0 -1 -1 -0.1559482082707382 0.003819053401878243 -1 -1
rake yball 4 -0.05 0.0 -1 -1 -0.16912837776596376 0.01158976384838837 -1 -1
rake yball 4 -0.05 0.0 -1 -1 -0.1560552674740968 -0.002474124288099779 -1 -1
rake yball 4 -0.05 0.0 -1 -1 -0.29065424416494373 0.03045213602994588 -1 -1
rake yball 4 -0.05 0.0 -1 -1 -0.1561223813381072 0.00016633424210248172 -1 -1
rake yball 4 -0.05 0.0 -1 -1 -0.1556293463276197 -0.014140040407849112 -1 -1
rake yball 4 -0.05 0.0 -1 -1 -0.16124220983326656 -0.025600200627806453 -1 -1
rake yball 4 -0.05 0.0 -1 -1 -0.1560806741852727 -0.014030910232640519 -1 -1
rake yball 4 -0.05 0.0 -1 -1 -0.19441552499168602 -0.03244112206186373 -1 -1
rake yball 4 -0.05 0.0 -1 -1 -0.18016410354825038 -0.07247800522562726 -1 -1
rake yball 4 -0.05 0.0 -1 -1 -0.15597516777032072 -0.0006298703512895134 -1 -1
rake yball 4 -0.05 0.0 -1 -1 -0.155727394805204 -0.04295425591813638 -1 -1
rake yball 4 -0.05 0.0 -1 -1 -0.16756178519218407 -0.007320559961871158 -1 -1
rake yball 4 -0.05 0.0 -1 -1 -0.17689862813040508 -0.028021149614072524 -1 -1
rake yball 4 -0.05 0.0 -1 -1 -0.15569946861000067 -0.00870853789676723 -1 -1
rake yball 4 -0.05 0.0 -1 -1 -0.158847548132901 -0.009468079652431108 -1 -1
rake yball 4 -0.05 0.0 -1 -1 -0.1556823836084842 -0.060609732746100105 -1 -1
rake yball 4 -0.05 0.0 -1 -1 -0.15601006958530475 -0.006470701017929075 -1 -1
rake yball 4 -0.05 0.0 -1 -1 -0.15657857676309386 0.08336676758759706 -1 -1
rake yball 4 -0.05 0.0 -1 -1 -0.15747311601409056 -0.00041061066373365284 -1 -1
rake yball 4 -0.05 0.0 -1 -1 -0.15285686985436395 -0.09115091522315527 -1 -1
rake yball 4 -0.05 0.0 -1 -1 -0.24125240524891073 0.061095795905599146 -1 -1
rake yball 4 -0.05 0.0 -1 -1 -0.15975381939639763 -0.010465613395320405 -1 -1
rake yball 4 -0.05 0.0 -1 -1 -0.15672392094939944 -0.009347610644729719 -1 -1
rake yball 4 -0.05 0.0 -1 -1 -0.1804830577481063 0.005913787866450033 -1 -1
rake yball 4 -0.05 0.0 -1 -1 -0.15605637694136631 0.0030069818198566797 -1 -1
rake yball 4 -0.05 0.0 -1 -1 -0.17919142703758897 -0.003405001981477121 -1 -1
rake yball 4 -0.05 0.0 -1 -1 -0.15587913586602908 -0.03216583132611863 -1 -1
rake yball 4 -0.05 0.0 -1 -1 -0.15917392201986544 -0.019999069020376185 -1 -1
rake yball 4 -0.05 0.0 -1 -1 -0.20286966534265866 0.03598666199347538 -1 -1
rake yball 4 -0.05 0.0 -1 -1 -0.1762348309685761 -0.0092695719472573 -1 -1
rake yball 4 -0.05 0.0 -1 -1 -0.1556701396489852 -0.01618415333661922 -1 -1
rake yball 4 -0.05 0.0 -1 -1 -0.15564048809609454 -0.022189839284172237 -1 -1
