rake yball 4 -0.05 0.0 -1 -1 -0.1560071182000833 -0.006421296190011606 -1 -1
rake yball 4 -0.05 0.0 -1 -1 -0.15579253080493136 -0.026638355998361632 -1 -1
rake yball 4 -0.05 0.0 -1 -1 -0.1567049968624889 -0.010560585265573632 -1 -1
rake yball 4 -0.05 0.0 -1 -1 -0.19278404432813592 -0.008234705561309908 -1 -1
rake yball 4 -0.05 0.0 -1 -1 -0.15868349282420477 0.027172910382881655 -1 -1
rake yball 4 -0.05 0.0 -1 -1 -0.1568216501862111 0.00648247552264581 -1 -1
rake yball 4 -0.05 0.0 -1 -1 -0.16079142560265183 -0.0315345553544167 -1 -1
rake yball 4 -0.05 0.0 -1 -1 -0.18186790776599232 -0.17224406153948818 -1 -1
rake yball 4 -0.05 0.0 -1 -1 -0.1596038059234811 -0.0024980807193645104 -1 -1
rake yball 4 -0.05 0.0 -1 -1 -0.15540531557413798 -0.01875140647928729 -1 -1
rake yball 4 -0.05 0.0 -1 -1 -0.16142138965360828 0.033598347919492844 -1 -1
rake yball 4 -0.05 0.0 -1 -1 -0.1846877739777265 0.012069260289093739 -1 -1
rake yball 4 -0.05 0.0 -1 -1 -0.363708414433213 -0.12802658700042238 -1 -1
rake yball 4 -0.05 0.0 -1 -1 -0.15999323854666284 -0.0031206237144881075 -1 -1
rake yball 4 -0.05 0.0 -1 -1 -0.1718631133476671 -0.025910926351782493 -1 -1
rake yball 4 -0.05 0.0 -1 -1 -0.3005871445097765 0.31817422081860736 -1 -1
rake yball 4 -0.05 0.0 -1 -1 -0.16117005383571492 0.017542237093924117 -1 -1
rake yball 4 -0.05 0.0 -1 -1 -0.17485275267635927 -0.008059283182796114 -1 -1
rake yball 4 -0.05 0.0 -1 -1 -0.1781297211853995 0.01642642648659333 -1 -1
rake yball 4 -0.05 0.0 -1 -1 -0.18667675398707345 -0.043095433361646715 -1 -1
rake yball 4 -0.05 0.0 -1 -1 -0.15823298069139338 0.018427744992805657 -1 -1
rake yball 4 -0.05 0.0 -1 -1 -0.19501195056395526 0.10918993667456028 -1 -1
rake yball 4 -0.05 0.0 -1 -1 -0.19936963196915136 0.07726911178572546 -1 -1
rake yball 4 -0.05 0.0 -1 -1 -0.21076364081209928 -0.007981098786001123 -1 -1
rake yball 4 -0.05 0.0 -1 -1 -0.1569561713327334 -0.026439843173563498 -1 -1
rake yball 4 -0.05 0.0 -1 -1 -0.19959107287363034 -0.02683591159960201 -1 -1
rake yball 4 -0.05 0.0 -1 -1 -0.17343086218671716 -0.04804251345891846 -1 -1
rake yball 4 -0.05 0.0 -1 -1 -0.2079861923154491 -0.001428232168297854 -1 -1
rake yball 4 -0.05 0.0 -1 -1 -0.16131433458452618 0.08074643995244452 -1 -1
rake yball 4 -0.05 0.0 -1 -1 -0.15818058390917594 -0.033489011104718025 -1 -1
rake yball 4 -0.05 0.0 -1 -1 -0.15681544310428325 0.00537550006402827 -1 -1
rake yball 4 -0.05 0.0 -1 -1 -0.4854871861396707 0.1930207580611269 -1 -1
rake yball 4 -0.05 0.0 -1 -1 -0.20344183560416476 -0.07467306599359085 -1 -1
rake yball 4 -0.05 0.0 -1 -1 -0.1557918087431174 -0.03249964706085945 -1 -1
rake yball 4 -0.05 0.0 -1 -1 -0.16073697219507946 0.037577215618793514 -1 -1
rake yball 4 -0.05 0.0 -1 -1 -0.43943248489588016 -0.028990384465830195 -1 -1
rake yball 4 -0.05 0.0 -1 -1 -0.15599120191720203 -0.0017256850636582475 -1 -1
rake yball 4 -0.05 0.0 -1 -1 -0.15738153032610336 0.01867514049125371 -1 -1
rake yball 4 -0.05 0.0 -1 -1 -0.2265990459747331 0.049058440673103505 -1 -1
rake yball 4 -0.05 0.0 -1 -1 -0.1558490807164376 -0.05825594230069106 -1 -1
