rake yball 4 -0.05 0.0 -1 -1 -0.1559493379185584 -3.562586835817387e-05 -1 -1
rake yball 4 -0.05 0.0 -1 -1 -0.15601630064295427 -3.689533694503448e-05 -1 -1
rake yball 4 -0.05 0.0 -1 -1 -0.1559811542990082 -3.893820889764017e-05 -1 -1
rake yball 4 -0.05 0.0 -1 -1 -0.15596802604713822 -3.706531396112977e-05 -1 -1
rake yball 4 -0.05 0.0 -1 -1 -0.1560595537072224 -3.857282286000434e-05 -1 -1
rake yball 4 -0.05 0.0 -1 -1 -0.15583751916420008 -3.7641647445542424e-05 -1 -1
rake yball 4 -0.05 0.0 -1 -1 -0.15584142214506772 -3.5794921113117383e-05 -1 -1
rake yball 4 -0.05 0.0 -1 -1 -0.15579146202416802 -5.255349209395263e-05 -1 -1
rake yball 4 -0.05 0.0 -1 -1 -0.15576924549426896 -3.627715051962207e-05 -1 -1
rake yball 4 -0.05 0.0 -1 -1 -0.15588324564856562 -3.6416466894382834e-05 -1 -1
rake yball 4 -0.05 0.0 -1 -1 -0.15598137771464946 -3.92174692575607e-05 -1 -1
rake yball 4 -0.05 0.0 -1 -1 -0.1560013192851673 -3.8383725303680703e-05 -1 -1
rake yball 4 -0.05 0.0 -1 -1 -0.15594194598184147 -3.722529530510062e-05 -1 -1
rake yball 4 -0.05 0.0 -1 -1 -0.15600468121038333 -3.8162938576653414e-05 -1 -1
rake yball 4 -0.05 0.0 -1 -1 -0.1557749059958475 -4.046456285149862e-05 -1 -1
rake yball 4 -0.05 0.0 -1 -1 -0.15598461867357688 -3.7899315781712984e-05 -1 -1
rake yball 4 -0.05 0.0 -1 -1 -0.15596215133095934 -3.610774390966097e-05 -1 -1
rake yball 4 -0.05 0.0 -1 -1 -0.15576772579017317 -3.2641621827084956e-05 -1 -1
rake yball 4 -0.05 0.0 -1 -1 -0.15598318515931944 -3.86936942530672e-05 -1 -1
rake yball 4 -0.05 0.0 -1 -1 -0.15588165974513615 -3.638865089360572e-05 -1 -1
rake yball 4 -0.05 0.0 -1 -1 -0.15604174048246228 -3.3087798180211585e-05 -1 -1
rake yball 4 -0.05 0.0 -1 -1 -0.15599539396618217 -3.515898610047181e-05 -1 -1
rake yball 4 -0.05 0.0 -1 -1 -0.15577140493034744 -3.396519290614377e-05 -1 -1
rake yball 4 -0.05 0.0 -1 -1 -0.155775954598829 -3.354083770930902e-05 -1 -1
rake yball 4 -0.05 0.0 -1 -1 -0.15603831167456905 -3.3217481247298784e-05 -1 -1
rake yball 4 -0.05 0.0 -1 -1 -0.1560153391629613 -3.692887972600329e-05 -1 -1
rake yball 4 -0.05 0.0 -1 -1 -0.15580904095324474 -5.1036353231390925e-05 -1 -1
rake yball 4 -0.05 0.0 -1 -1 -0.15599890553643145 -3.88701158317904e-05 -1 -1
rake yball 4 -0.05 0.0 -1 -1 -0.15598059853744184 -3.8458397883821095e-05 -1 -1
rake yball 4 -0.05 0.0 -1 -1 -0.1560006006520991 -3.8085922261964096e-05 -1 -1
rake yball 4 -0.05 0.0 -1 -1 -0.15594709754758584 -3.774295587813031e-05 -1 -1
rake yball 4 -0.05 0.0 -1 -1 -0.15593599653339324 -3.779034169129469e-05 -1 -1
rake yball 4 -0.05 0.0 -1 -1 -0.15577471123261702 -3.335169247947131e-05 -1 -1
rake yball 4 -0.05 0.0 -1 -1 -0.15598663373364527 -3.781342711893736e-05 -1 -1
rake yball 4 -0.05 0.0 -1 -1 -0.15593762427167707 -3.601714045259667e-05 -1 -1
rake yball 4 -0.05 0.0 -1 -1 -0.15594212504161886 -3.751722945649728e-05 -1 -1
rake yball 4 -0.05 0.0 -1 -1 -0.15601959671747856 -4.576088703392358e-05 -1 -1
rake yball 4 -0.05 0.0 -1 -1 -0.15577594703282768 -3.441433796214591e-05 -1 -1
rake yball 4 -0.05 0.0 -1 -1 -0.155769783667736 -3.282351970852945e-05 -1 -1
rake yball 4 -0.05 0.0 -1 -1 -0.15577699889243043 -4.0377327436841594e-05 -1 -1
