rake yball 4 -0.05 0.0 -1 -1 0.04431650203041194 0.19237130364273528 -1 -1
rake yball 4 -0.05 0.0 -1 -1 -0.15768404912735223 -0.005845760994558301 -1 -1
rake yball 4 -0.05 0.0 -1 -1 -0.15644034734874837 -0.004569776148891332 -1 -1
rake yball 4 -0.05 0.0 -1 -1 -0.15584394573065022 -0.03007281481388337 -1 -1
rake yball 4 -0.05 0.0 -1 -1 -0.15614020805158477 0.045081912441304224 -1 -1
rake yball 4 -0.05 0.0 -1 -1 -0.13549704438278892 -0.12458731206323428 -1 -1
rake yball 4 -0.05 0.0 -1 -1 -0.1560954344288193 0.0016059419300509538 -1 -1
rake yball 4 -0.05 0.0 -1 -1 -0.16077346186153824 -0.008696496169404449 -1 -1
rake yball 4 -0.05 0.0 -1 -1 -0.16294453104783702 0.03404316028597292 -1 -1
rake yball 4 -0.05 0.0 -1 -1 -0.15643602859337918 0.01793176504798232 -1 -1
rake yball 4 -0.05 0.0 -1 -1 -0.16478701597297468 0.006563325868742461 -1 -1
rake yball 4 -0.05 0.0 -1 -1 -0.17280792840117717 -0.32311895169822724 -1 -1
rake yball 4 -0.05 0.0 -1 -1 -0.15609316108674315 -0.0015215443271891743 -1 -1
rake yball 4 -0.05 0.0 -1 -1 -0.15629572204774378 0.032487794244686674 -1 -1
rake yball 4 -0.05 0.0 -1 -1 -0.1720155175859069 0.016529951936251962 -1 -1
rake yball 4 -0.05 0.0 -1 -1 -0.17050733691686612 -0.03166705432250997 -1 -1
rake yball 4 -0.05 0.0 -1 -1 -0.15564638932923636 -0.03165824966716549 -1 -1
rake yball 4 -0.05 0.0 -1 -1 -0.15784483168940627 0.019790338680127407 -1 -1
rake yball 4 -0.05 0.0 -1 -1 -0.16076498770792674 -0.007429049242736063 -1 -1
rake yball 4 -0.05 0.0 -1 -1 -0.15605230647834806 0.009847643934181869 -1 -1
rake yball 4 -0.05 0.0 -1 -1 -0.15868303751350213 -0.01960571623603283 -1 -1
rake yball 4 -0.05 0.0 -1 -1 -0.26778590728502366 0.12341201518106476 -1 -1
rake yball 4 -0.05 0.0 -1 -1 -0.15585420747364792 -0.005701194099707808 -1 -1
rake yball 4 -0.05 0.0 -1 -1 -0.16957657221417644 -0.02764549516137898 -1 -1
rake yball 4 -0.05 0.0 -1 -1 -0.27113952972817684 0.1107807267037829 -1 -1
rake yball 4 -0.05 0.0 -1 -1 -0.15609530050196213 0.004622277605889708 -1 -1
rake yball 4 -0.05 0.0 -1 -1 -0.19094499309789445 0.006529872389907752 -1 -1
rake yball 4 -0.05 0.0 -1 -1 -0.1562822725751153 0.03151672142515148 -1 -1
rake yball 4 -0.05 0.0 -1 -1 -0.15602583324981661 0.0023081319455484374 -1 -1
rake yball 4 -0.05 0.0 -1 -1 -0.15857386856844674 0.048144912754999394 -1 -1
rake yball 4 -0.05 0.0 -1 -1 -0.16204616579300288 0.10338485552382563 -1 -1
rake yball 4 -0.05 0.0 -1 -1 -0.15626384543774816 0.041799920937637014 -1 -1
rake yball 4 -0.05 0.0 -1 -1 -0.19516028682696546 -0.014304786156139886 -1 -1
rake yball 4 -0.05 0.0 -1 -1 -0.1674340161881461 0.05978550981638976 -1 -1
rake yball 4 -0.05 0.0 -1 -1 -0.15620953149998965 0.037885042900325905 -1 -1
rake yball 4 -0.05 0.0 -1 -1 -0.16645835066893125 -0.011405586045232355 -1 -1
rake yball 4 -0.05 0.0 -1 -1 -0.15649772632418918 0.008392900618333157 -1 -1
rake yball 4 -0.05 0.0 -1 -1 -0.16653365528739553 -0.031002722135907993 -1 -1
rake yball 4 -0.05 0.0 -1 -1 -0.19841373347260444 -0.007465396375578305 -1 -1
rake yball 4 -0.05 0.0 -1 -1 -0.1555950396164154 -0.01876986432696753 -1 -1
