rake yball 4 -0.05 0.0 -1 -1 -0.15595820039037397 -3.629892755092023e-05 -1 -1
rake yball 4 -0.05 0.0 -1 -1 -0.15584338814347679 -3.585615417145486e-05 -1 -1
rake yball 4 -0.05 0.0 -1 -1 -0.15592805408577626 -3.762136203407275e-05 -1 -1
rake yball 4 -0.05 0.0 -1 -1 -0.1560470537354204 -4.804089604957709e-05 -1 -1
rake yball 4 -0.05 0.0 -1 -1 -0.1559389340754795 -3.632037615738196e-05 -1 -1
rake yball 4 -0.05 0.0 -1 -1 -0.15577514709882556 -4.044771520694164e-05 -1 -1
rake yball 4 -0.05 0.0 -1 -1 -0.15595652672559615 -3.811184157527444e-05 -1 -1
rake yball 4 -0.05 0.0 -1 -1 -0.15595230435180216 -3.5800464351835354e-05 -1 -1
rake yball 4 -0.05 0.0 -1 -1 -0.1557833483331357 -3.3919232373671776e-05 -1 -1
rake yball 4 -0.05 0.0 -1 -1 -0.15584337825168645 -3.585584140752386e-05 -1 -1
rake yball 4 -0.05 0.0 -1 -1 -0.15598048843140333 -3.844248519835965e-05 -1 -1
rake yball 4 -0.05 0.0 -1 -1 -0.15575639617666276 -3.434573463766746e-05 -1 -1
rake yball 4 -0.05 0.0 -1 -1 -0.15606192691070314 -3.594907623512302e-05 -1 -1
rake yball 4 -0.05 0.0 -1 -1 -0.15597596972009045 -3.852604088591061e-05 -1 -1
rake yball 4 -0.05 0.0 -1 -1 -0.155746064274948 -3.5943627046310435e-05 -1 -1
