rake yball 4 -0.05 0.0 -1 -1 -0.15632957199807418 0.0032741885208907497 -1 -1
rake yball 4 -0.05 0.0 -1 -1 -0.1661555032023953 0.021870650099973195 -1 -1
rake yball 4 -0.05 0.0 -1 -1 -0.1558329868140515 -0.010781359725338974 -1 -1
rake yball 4 -0.05 0.0 -1 -1 -0.15783898907026958 -0.029803629606594703 -1 -1
rake yball 4 -0.05 0.0 -1 -1 -0.1638715846944227 -0.01565506281475878 -1 -1
rake yball 4 -0.05 0.0 -1 -1 -0.16072173280003602 -0.023185093362410373 -1 -1
rake yball 4 -0.05 0.0 -1 -1 -0.15927285737410593 -0.014438257212162877 -1 -1
rake yball 4 -0.05 0.0 -1 -1 -0.1622729761267645 0.020968651942456746 -1 -1
rake yball 4 -0.05 0.0 -1 -1 -0.22476247513437714 0.09906123136219602 -1 -1
rake yball 4 -0.05 0.0 -1 -1 -0.15610386094832285 0.0037857901043294845 -1 -1
rake yball 4 -0.05 0.0 -1 -1 -0.1560365532374778 0.006037792703509708 -1 -1
rake yball 4 -0.05 0.0 -1 -1 -0.1658265532224862 0.025854431066542855 -1 -1
rake yball 4 -0.05 0.0 -1 -1 -0.1559400560811685 -0.01708736500659474 -1 -1
rake yball 4 -0.05 0.0 -1 -1 -0.2988108910243842 0.009187092667069399 -1 -1
rake yball 4 -0.05 0.0 -1 -1 -0.33243463440044574 -0.09116917654317304 -1 -1
rake yball 4 -0.05 0.0 -1 -1 -0.15637080706901052 0.028252907032818395 -1 -1
rake yball 4 -0.05 0.0 -1 -1 -0.15615435905820801 -0.0010597724943715524 -1 -1
rake yball 4 -0.05 0.0 -1 -1 -0.1558639088841759 0.011658016149706985 -1 -1
rake yball 4 -0.05 0.0 -1 -1 -0.15573742620093733 -0.020072923794012182 -1 -1
rake yball 4 -0.05 0.0 -1 -1 -0.15612206985394972 0.0022027860826042914 -1 -1
rake yball 4 -0.05 0.0 -1 -1 -0.16884473941659028 -0.005305646678189453 -1 -1
rake yball 4 -0.05 0.0 -1 -1 -0.15563934245254105 -0.00020005572933778595 -1 -1
rake yball 4 -0.05 0.0 -1 -1 -0.16551453348408374 0.02613922497450357 -1 -1
rake yball 4 -0.05 0.0 -1 -1 -0.15991040414039273 0.0020376876723770614 -1 -1
rake yball 4 -0.05 0.0 -1 -1 -0.15814626665279186 0.001057835681803076 -1 -1
rake yball 4 -0.05 0.0 -1 -1 -0.18338930039277487 0.005181432009903864 -1 -1
rake yball 4 -0.05 0.0 -1 -1 -0.30238552098989885 0.12432350925808572 -1 -1
rake yball 4 -0.05 0.0 -1 -1 -0.1682788646973699 0.01002226982578268 -1 -1
rake yball 4 -0.05 0.0 -1 -1 -0.14694451247272364 0.19590863222161314 -1 -1
rake yball 4 -0.05 0.0 -1 -1 -0.15544887861231782 -0.05802329969572546 -1 -1
rake yball 4 -0.05 0.0 -1 -1 -0.2096902800433596 -0.029238971419844068 -1 -1
rake yball 4 -0.05 0.0 -1 -1 -0.159218505600779 0.03332006165803865 -1 -1
rake yball 4 -0.05 0.0 -1 -1 -0.16612351362789327 -0.022497079704619297 -1 -1
rake yball 4 -0.05 0.0 -1 -1 -0.16144189959086774 0.012184487136315968 -1 -1
rake yball 4 -0.05 0.0 -1 -1 -0.1713709703265782 0.025568866329931588 -1 -1
rake yball 4 -0.05 0.0 -1 -1 -0.15615853363825247 0.009792988976650856 -1 -1
rake yball 4 -0.05 0.0 -1 -1 -0.2019912136182429 -0.04323394711410279 -1 -1
rake yball 4 -0.05 0.0 -1 -1 -0.15664189693180106 -0.007786886189164045 -1 -1
rake yball 4 -0.05 0.0 -1 -1 -0.15575138822143877 0.002638794960122738 -1 -1
rake yball 4 -0.05 0.0 -1 -1 -0.1559130304907399 -0.014477832756294743 -1 -1
