rake yball 4 -0.05 0.0 -1 -1 -0.15593720066542074 -3.781806472974566e-05 -1 -1
rake yball 4 -0.05 0.0 -1 -1 -0.15596666748286706 -5.8735050231313276e-05 -1 -1
rake yball 4 -0.05 0.0 -1 -1 -0.15596436448169482 -3.855365248041309e-05 -1 -1
rake yball 4 -0.05 0.0 -1 -1 -0.15606336258545284 -3.963604879748683e-05 -1 -1
rake yball 4 -0.05 0.0 -1 -1 -0.15579555309854298 -5.222001480190854e-05 -1 -1
rake yball 4 -0.05 0.0 -1 -1 -0.1559371978650111 -3.628625780946121e-05 -1 -1
rake yball 4 -0.05 0.0 -1 -1 -0.15595741905962648 -3.682544312536605e-05 -1 -1
rake yball 4 -0.05 0.0 -1 -1 -0.15583897472796807 -3.572757351048323e-05 -1 -1
rake yball 4 -0.05 0.0 -1 -1 -0.15594600962067204 -3.760063847254424e-05 -1 -1
rake yball 4 -0.05 0.0 -1 -1 -0.15600362355528036 -3.694110343644127e-05 -1 -1
rake yball 4 -0.05 0.0 -1 -1 -0.1559574016686096 -3.791388089766455e-05 -1 -1
rake yball 4 -0.05 0.0 -1 -1 -0.15580409119770647 -4.179484682088393e-05 -1 -1
rake yball 4 -0.05 0.0 -1 -1 -0.15599415399370814 -3.804967493318802e-05 -1 -1
rake yball 4 -0.05 0.0 -1 -1 -0.15580130688637467 -3.3537843496883466e-05 -1 -1
rake yball 4 -0.05 0.0 -1 -1 -0.1559704343030129 -5.928012740620645e-05 -1 -1
rake yball 4 -0.05 0.0 -1 -1 -0.15598384377233596 -3.6549614143282153e-05 -1 -1
rake yball 4 -0.05 0.0 -1 -1 -0.15594699722645872 -3.763310684169587e-05 -1 -1
rake yball 4 -0.05 0.0 -1 -1 -0.15580759723552584 -3.773182171242965e-05 -1 -1
rake yball 4 -0.05 0.0 -1 -1 -0.1558747880041787 -3.654156523314949e-05 -1 -1
rake yball 4 -0.05 0.0 -1 -1 -0.155754012964677 -3.420246909119723e-05 -1 -1
rake yball 4 -0.05 0.0 -1 -1 -0.15606319236887245 -3.956308275065841e-05 -1 -1
rake yball 4 -0.05 0.0 -1 -1 -0.1558080099756507 -3.761767749302539e-05 -1 -1
rake yball 4 -0.05 0.0 -1 -1 -0.1559640551016239 -3.85183909935463e-05 -1 -1
rake yball 4 -0.05 0.0 -1 -1 -0.1558525939767746 -3.2975954537200985e-05 -1 -1
rake yball 4 -0.05 0.0 -1 -1 -0.15595418974592157 -3.835825656031401e-05 -1 -1
rake yball 4 -0.05 0.0 -1 -1 -0.15596462285517645 -3.638186974092915e-05 -1 -1
rake yball 4 -0.05 0.0 -1 -1 -0.15596990130266153 -3.6048723529280926e-05 -1 -1
rake yball 4 -0.05 0.0 -1 -1 -0.15597882538451294 -3.9140423419026296e-05 -1 -1
rake yball 4 -0.05 0.0 -1 -1 -0.15587098333842705 -3.653518913026694e-05 -1 -1
rake yball 4 -0.05 0.0 -1 -1 -0.15580801924585092 -3.7525799869834196e-05 -1 -1
rake yball 4 -0.05 0.0 -1 -1 -0.15598888599998859 -4.105070784043242e-05 -1 -1
rake yball 4 -0.05 0.0 -1 -1 -0.15586625825517478 -3.401202646766082e-05 -1 -1
rake yball 4 -0.05 0.0 -1 -1 -0.15599591696839027 -3.897352484118008e-05 -1 -1
rake yball 4 -0.05 0.0 -1 -1 -0.15593777596922356 -3.62697586482071e-05 -1 -1
rake yball 4 -0.05 0.0 -1 -1 -0.15587610796851362 -3.4282819985127394e-05 -1 -1
rake yball 4 -0.05 0.0 -1 -1 -0.155821615661197 -3.546446545457681e-05 -1 -1
rake yball 4 -0.05 0.0 -1 -1 -0.15585993943048465 -4.280159991454818e-05 -1 -1
rake yball 4 -0.05 0.0 -1 -1 -0.1560419529051204 -3.3089307802005734e-05 -1 -1
rake yball 4 -0.05 0.0 -1 -1 -0.1559475290513516 -5.6831226470979765e-05 -1 -1
rake yball 4 -0.05 0.0 -1 -1 -0.1557954682414346 -3.3736268107513347e-05 -1 -1
rake yball 4 -0.05 0.0 -1 -1 -0.15582220214261608 -3.552903158199417e-05 -1 -1
rake yball 4 -0.05 0.0 -1 -1 -0.15574112946166963 -3.442082767565919e-05 -1 -1
rake yball 4 -0.05 0.0 -1 -1 -0.15599821731860397 -4.58280566419506e-05 -1 -1
rake yball 4 -0.05 0.0 -1 -1 -0.15586733607668635 -3.659988654607007e-05 -1 -1
rake yball 4 -0.05 0.0 -1 -1 -0.15599212380187968 -3.798032237001429e-05 -1 -1
rake yball 4 -0.05 0.0 -1 -1 -0.15601625501002375 -4.52962581360096e-05 -1 -1
rake yball 4 -0.05 0.0 -1 -1 -0.1560018839666391 -3.953923193972412e-05 -1 -1
rake yball 4 -0.05 0.0 -1 -1 -0.15598277742826833 -3.864920153457265e-05 -1 -1
rake yball 4 -0.05 0.0 -1 -1 -0.15596536466103725 -3.8735283256789315e-05 -1 -1
rake yball 4 -0.05 0.0 -1 -1 -0.15583438399662367 -1.4940856065344936e-06 -1 -1
rake yball 4 -0.05 0.0 -1 -1 -0.15599233448389188 -3.88744252089243e-05 -1 -1
rake yball 4 -0.05 0.0 -1 -1 -0.15600180701481933 -3.742483437863496e-05 -1 -1
rake yball 4 -0.05 0.0 -1 -1 -0.15600048416270376 -3.8985408786568174e-05 -1 -1
rake yball 4 -0.05 0.0 -1 -1 -0.15603810966457224 -4.721149217052855e-05 -1 -1
rake yball 4 -0.05 0.0 -1 -1 -0.15582162008109043 -3.5464758915812346e-05 -1 -1
rake yball 4 -0.05 0.0 -1 -1 -0.15597344065479546 -3.836988589557888e-05 -1 -1
rake yball 4 -0.05 0.0 -1 -1 -0.1560505127659495 -3.719490619489367e-05 -1 -1
rake yball 4 -0.05 0.0 -1 -1 -0.1559973582840955 -3.9475260244565424e-05 -1 -1
rake yball 4 -0.05 0.0 -1 -1 -0.1559680378376479 -3.706365747327226e-05 -1 -1
rake yball 4 -0.05 0.0 -1 -1 -0.1558330627654409 -5.757906857375573e-05 -1 -1
