1.6552594257711037
0.10139179217930597
1.6504977525757267
0.6246076490657152
2.2521047589134318
1.8518972168276835
0.33693470372655243
2.6226499335915014
1.7442221591479914
0.120329202122609
1.5579273981664525
0.6129104895916553
0.5160698419284282
1.7794706654378072
0.3766869858551257
1.585262494202289
1.7780163006407679
0.18287866448149953
1.8583108087863598
0.6857152793911712
1.100069173268734
1.4648045405401573
0.6548787915693015
1.7114364329436
1.9738317049201628
0.28482255856891464
2.245551198043298
0.4563991755584454
0.5474858972000873
1.9915925727950463
0.5173804385902007
1.5159386674522481
1.497823571093107
0.12073465542276186
1.9088983209466184
0.5943450482268586
0.6873253786050484
1.8190307244484085
0.5771864229061153
2.165402090610291
1.6567609539677073
0.17100773671708347
1.6617373293194566
0.6625217801496047
2.144231860666496
1.5291283121138348
0.17863797452431587
2.3241126274711914
1.8127350940278364
0.12067689741261417
1.6644045758763255
0.5662848735541646
0.8792041649290199
1.904441407982946
0.43760330851838525
2.298957394813103
1.4484458395190434
0.12956696914110144
1.8597829507947115
2.955780990674117
1.6830561919890412
2.024963586216927
0.1553807649018608
1.5746342408270964
1.4118789157249958
0.08737584014816885
1.7238420791675706
0.5849509286292629
1.5598163562176381
2.1614144032110447
0.6322197706880972
1.788198548197085
1.4637341183959256
0.11525474082668954
1.7404022246144581
1.038582071127255
1.2356492601305202
1.8783457885816661
0.3280926103770113
1.6025731590693906
1.6372360435738083
0.25765654818432676
1.5943556617285857
0.4091872669186579
0.7508633895794723
1.514105237261937
0.3238705030881881
2.9073956151761458
1.9923701214686016
0.15223797807557765
1.7315218732384547
0.48710193986632755
0.318046805106702
1.6233649541684005
0.40958909229492924
2.65811978645212
0.8246201546993618
0.18354843720080988
1.7924923041939447
0.9713663981833486
0.6013055933637836
1.6340379120108588
1.4475197305448777
2.307272418045287
1.683782495328022
0.14841005481900815
2.030835760068962
0.5439939610470845
0.5542063176745232
1.700976249106244
0.6124486270044898
2.0522438076793073
1.398244763268105
0.16532542587471474
2.0455073200460836
0.6542178439527311
1.0070743136665747
1.5738833531568952
0.38563773608841523
2.560316461299066
1.8080333327615705
0.11880362713412088
1.428810080551336
0.5755482632406124
0.7831298042026953
1.6806999839432917
0.5454602609589516
2.137571988787869
2.068826664007625
0.2841299999135466
1.623005045011043
0.8758075511319544
0.8055349025881717
1.9021656511817562
0.9006328592762001
2.6719206860341522
1.6781237803037639
0.27600453680830006
1.5592469054430307
0.48256130381781537
0.7718838099167595
1.7832005935501982
0.16732605852104937
1.3586635199552304
1.621465429688016
0.40514545488561393
1.494964825862686
1.1041311782291658
1.2338701176834306
1.5328959068000394
0.7040038627002374
2.31904985760448
1.794295127604788
0.14397605155679938
1.9990406682215993
0.9634017407169215
0.6493258441597805
1.9311501461124103
0.2737667697008863
1.8692949744859497
1.4311371736771932
0.19224588162882733
1.3636611302646202
1.0154692344285348
1.9979062842455484
1.7193263119307551
1.0938303469629174
2.8396949526559085
2.5127729107002685
0.2683857110891248
1.6270370917550767
0.6580843785817294
0.913556396771845
1.6693948640602818
1.2461431812715393
2.1677611039711966
1.7301582300654244
0.22703925272700617
1.282615209823983
0.8361988709400601
2.3407113068767793
1.7693456581296028
0.6522690313899389
1.9198225010518666
1.358100970630731
0.2363678939880797
1.3205638662419326
0.5487622102775062
0.4427492090396561
1.5447448805383903
0.4001559314594292
2.6206833402674765
1.834892601649905
0.05076179423449131
1.8899406960716925
1.010291821820531
0.5991421763669065
1.8003941592798864
0.2176156797221307
3.2926280439919964
1.8736229542070943
0.1368274810970988
1.432697187148158
0.6978790275023973
2.1234398871412017
2.1676403743538613
0.4483217824638732
1.9484391616542829
1.397819116105405
0.1048149006854938
1.4262178914835162
0.5961629173330513
0.1900078441508719
1.7554042992717078
0.4476729323826061
2.7311677623707804
2.2036175471914667
0.2089164272437662
1.607875041913556
0.6286463689960173
0.40753655800030775
1.8414950138596744
0.29700721057666946
2.7194137114126344
1.7376754042209828
0.12850673749328978
1.9890624690345433
0.528787508868965
1.5531273023595906
1.6715309322654153
7.268064783836122
1.5819082368219024
1.9035158129905319
0.5383910196263341
1.8920575564931816
1.1581612353721669
0.9428613540844237
1.6079195979834175
0.15509911807820032
2.594135754996361
