rake yball 3 0.065 0.025 -1 -1 0.17873915598092055 0.018414916423586093 -1 -1
rake yball 3 0.065 0.025 -1 -1 0.17953460538471933 0.023351626269611996 -1 -1
rake yball 3 0.065 0.025 -1 -1 0.17469083924981904 0.027672768313845814 -1 -1
rake yball 3 0.065 0.025 -1 -1 0.22210588411360194 0.04055989880351267 -1 -1
rake yball 3 0.065 0.025 -1 -1 0.17336780812364003 0.023599617365063143 -1 -1
rake yball 3 0.065 0.025 -1 -1 0.17338719428267105 0.023177350116824244 -1 -1
rake yball 3 0.065 0.025 -1 -1 0.1741308741850204 0.05218408142967314 -1 -1
rake yball 3 0.065 0.025 -1 -1 0.17385434494662794 0.04312189809743488 -1 -1
rake yball 3 0.065 0.025 -1 -1 0.17781198520244693 0.022873885802674687 -1 -1
rake yball 3 0.065 0.025 -1 -1 0.19048605845755537 -0.03298635179460617 -1 -1
rake yball 3 0.065 0.025 -1 -1 0.17325707504866805 0.025325286894515457 -1 -1
rake yball 3 0.065 0.025 -1 -1 0.17682158744939597 -0.01743668539784361 -1 -1
rake yball 3 0.065 0.025 -1 -1 0.22291855842241232 0.007440582416832717 -1 -1
rake yball 3 0.065 0.025 -1 -1 0.17289593929847408 0.03681564852870287 -1 -1
rake yball 3 0.065 0.025 -1 -1 0.13831372531630168 0.18477554005485844 -1 -1
rake yball 3 0.065 0.025 -1 -1 0.17250193541797848 0.06832832419132433 -1 -1
rake yball 3 0.065 0.025 -1 -1 0.17301790312080947 0.040411454284502546 -1 -1
rake yball 3 0.065 0.025 -1 -1 0.18086595824683432 0.00578206438810531 -1 -1
rake yball 3 0.065 0.025 -1 -1 0.19754386613858044 0.12161025769645137 -1 -1
rake yball 3 0.065 0.025 -1 -1 0.17969367001108497 0.026470768213754273 -1 -1
rake yball 3 0.065 0.025 -1 -1 0.42786454461859347 0.20346261433490676 -1 -1
rake yball 3 0.065 0.025 -1 -1 0.17334528684996048 0.026937050801433503 -1 -1
rake yball 3 0.065 0.025 -1 -1 0.19075680549786733 -0.013913014354358336 -1 -1
rake yball 3 0.065 0.025 -1 -1 0.1738900431388686 0.02274906645576241 -1 -1
rake yball 3 0.065 0.025 -1 -1 0.21839962466206167 0.050963028992322884 -1 -1
rake yball 3 0.065 0.025 -1 -1 0.17812043996409205 -0.0009837339577356936 -1 -1
rake yball 3 0.065 0.025 -1 -1 0.17285568849244656 0.04482179106511028 -1 -1
rake yball 3 0.065 0.025 -1 -1 0.2730298890209484 -0.05517706705415136 -1 -1
rake yball 3 0.065 0.025 -1 -1 0.17338564212317822 0.02390292236132352 -1 -1
rake yball 3 0.065 0.025 -1 -1 0.19064069044264148 -0.003988007281878051 -1 -1
rake yball 3 0.065 0.025 -1 -1 0.1731576607389677 0.03188083796587454 -1 -1
rake yball 3 0.065 0.025 -1 -1 0.17396788324579915 0.028906409021366132 -1 -1
rake yball 3 0.065 0.025 -1 -1 0.17336871053141573 0.02354508297057274 -1 -1
rake yball 3 0.065 0.025 -1 -1 0.2378243293052722 0.08226617908029964 -1 -1
rake yball 3 0.065 0.025 -1 -1 0.18153343318477919 0.02385200347587962 -1 -1
rake yball 3 0.065 0.025 -1 -1 0.17336960973441803 0.023592405328287963 -1 -1
rake yball 3 0.065 0.025 -1 -1 0.17339693092046746 0.02374807617759115 -1 -1
rake yball 3 0.065 0.025 -1 -1 0.17333992909245466 0.026772448365568382 -1 -1
rake yball 3 0.065 0.025 -1 -1 0.17332505076051483 0.026641757059060793 -1 -1
rake yball 3 0.065 0.025 -1 -1 0.184780953924316 0.022035434987568544 -1 -1
