rake yball 3 0.065 0.025 -1 -1 0.2239821805483238 0.021516885038936912 -1 -1
rake yball 3 0.065 0.025 -1 -1 0.17341323408877457 0.023473097583598408 -1 -1
rake yball 3 0.065 0.025 -1 -1 0.21387310919741442 0.008426297771029156 -1 -1
rake yball 3 0.065 0.025 -1 -1 0.17689394791653545 0.04704977072802079 -1 -1
rake yball 3 0.065 0.025 -1 -1 0.17322113575365886 0.024606060505162158 -1 -1
rake yball 3 0.065 0.025 -1 -1 0.25724096062904084 0.09164366304450254 -1 -1
rake yball 3 0.065 0.025 -1 -1 0.1730932736951026 0.02613111754388925 -1 -1
rake yball 3 0.065 0.025 -1 -1 0.17906322345037315 0.017369806403066894 -1 -1
rake yball 3 0.065 0.025 -1 -1 0.1736498874320904 0.01961853441665413 -1 -1
rake yball 3 0.065 0.025 -1 -1 0.1733675853984513 0.030295339929428722 -1 -1
rake yball 3 0.065 0.025 -1 -1 0.17320307834725365 0.0286236419490073 -1 -1
rake yball 3 0.065 0.025 -1 -1 0.1731007073566455 0.036960547413444796 -1 -1
rake yball 3 0.065 0.025 -1 -1 0.17417329229295048 -0.006847340785378232 -1 -1
rake yball 3 0.065 0.025 -1 -1 0.17573904847444502 -0.01206326892480695 -1 -1
rake yball 3 0.065 0.025 -1 -1 0.17388793145630613 0.006787554165717393 -1 -1
rake yball 3 0.065 0.025 -1 -1 0.17345163935129607 0.021959914741646443 -1 -1
rake yball 3 0.065 0.025 -1 -1 0.17921722478426816 0.015292972172509679 -1 -1
rake yball 3 0.065 0.025 -1 -1 0.17528204758144617 0.0430705870415159 -1 -1
rake yball 3 0.065 0.025 -1 -1 0.2452420580188655 0.06269827415800953 -1 -1
rake yball 3 0.065 0.025 -1 -1 0.17326801830586305 0.023702371587949102 -1 -1
rake yball 3 0.065 0.025 -1 -1 0.17316547056059944 0.029040232045319598 -1 -1
rake yball 3 0.065 0.025 -1 -1 0.17369666351451538 0.037686227025206305 -1 -1
rake yball 3 0.065 0.025 -1 -1 0.17327076015281256 0.018117085494372437 -1 -1
rake yball 3 0.065 0.025 -1 -1 0.17326700391344138 0.027145399784269754 -1 -1
rake yball 3 0.065 0.025 -1 -1 0.18326170990938037 0.011166979795882381 -1 -1
rake yball 3 0.065 0.025 -1 -1 0.17373784420360264 0.009007821878529765 -1 -1
rake yball 3 0.065 0.025 -1 -1 0.17278122703308943 0.052449667023655465 -1 -1
rake yball 3 0.065 0.025 -1 -1 0.18622600263345707 -0.053822369847192145 -1 -1
rake yball 3 0.065 0.025 -1 -1 0.18050961936526475 0.03807915693470113 -1 -1
rake yball 3 0.065 0.025 -1 -1 0.3059069361522737 0.0031731970698118724 -1 -1
rake yball 3 0.065 0.025 -1 -1 0.17982527851383034 0.02073960537365726 -1 -1
rake yball 3 0.065 0.025 -1 -1 0.17469793166419154 -0.03490177870852013 -1 -1
rake yball 3 0.065 0.025 -1 -1 0.17346636819736846 0.023367727393874844 -1 -1
rake yball 3 0.065 0.025 -1 -1 0.17332628283281856 0.0278502775969795 -1 -1
rake yball 3 0.065 0.025 -1 -1 0.17330305510508487 0.024223635109206384 -1 -1
rake yball 3 0.065 0.025 -1 -1 0.17419484188030526 -0.021779866056117786 -1 -1
rake yball 3 0.065 0.025 -1 -1 0.17296744310715104 0.035918010066551445 -1 -1
rake yball 3 0.065 0.025 -1 -1 0.1734593337630788 0.018746402384653065 -1 -1
rake yball 3 0.065 0.025 -1 -1 0.17355968220327 0.01703699073837621 -1 -1
rake yball 3 0.065 0.025 -1 -1 0.1970102041551512 -0.05403200987201456 -1 -1
