rake yball 3 0.065 0.025 -1 -1 0.1732773244336438 0.029140336629088444 -1 -1
rake yball 3 0.065 0.025 -1 -1 0.17277701419066607 0.03056269999854487 -1 -1
rake yball 3 0.065 0.025 -1 -1 0.17296163726520894 0.022027440468797548 -1 -1
rake yball 3 0.065 0.025 -1 -1 0.16614110187678613 0.306613260413959 -1 -1
rake yball 3 0.065 0.025 -1 -1 0.1732503478042516 0.02646623840053165 -1 -1
rake yball 3 0.065 0.025 -1 -1 0.17327182470755467 0.025600712449141246 -1 -1
rake yball 3 0.065 0.025 -1 -1 0.17301163603694014 0.02552021107803548 -1 -1
rake yball 3 0.065 0.025 -1 -1 0.17313957712834005 0.026441781383014798 -1 -1
rake yball 3 0.065 0.025 -1 -1 0.17335916477501756 0.017930204337740625 -1 -1
rake yball 3 0.065 0.025 -1 -1 0.17376906517261628 0.019482424800631393 -1 -1
rake yball 3 0.065 0.025 -1 -1 0.172737374332673 0.02861089186863874 -1 -1
rake yball 3 0.065 0.025 -1 -1 0.432578974232184 0.04211681322098393 -1 -1
rake yball 3 0.065 0.025 -1 -1 0.17772366016133265 0.020246066578338395 -1 -1
rake yball 3 0.065 0.025 -1 -1 0.1734895713104251 0.03445839482261632 -1 -1
rake yball 3 0.065 0.025 -1 -1 0.17813640796108626 0.002639692935483423 -1 -1
rake yball 3 0.065 0.025 -1 -1 0.17316942987667555 0.02922371541547896 -1 -1
rake yball 3 0.065 0.025 -1 -1 0.17278782989117852 0.02984662834011824 -1 -1
rake yball 3 0.065 0.025 -1 -1 0.20151032048121992 0.018849926279657075 -1 -1
rake yball 3 0.065 0.025 -1 -1 0.1734310898583501 0.023473929656879097 -1 -1
rake yball 3 0.065 0.025 -1 -1 0.17287438677322853 0.02742293325096939 -1 -1
rake yball 3 0.065 0.025 -1 -1 0.17276578744610008 0.029339105854773395 -1 -1
rake yball 3 0.065 0.025 -1 -1 0.1834586351871429 0.029985524658743767 -1 -1
rake yball 3 0.065 0.025 -1 -1 0.17306219339829376 0.030294523826139737 -1 -1
rake yball 3 0.065 0.025 -1 -1 0.1731389107979351 0.027437498710315006 -1 -1
rake yball 3 0.065 0.025 -1 -1 0.1731218185696956 0.028110343429870156 -1 -1
rake yball 3 0.065 0.025 -1 -1 0.17269040894535684 0.04964340091363379 -1 -1
rake yball 3 0.065 0.025 -1 -1 0.17369331103745542 0.03206974624670346 -1 -1
rake yball 3 0.065 0.025 -1 -1 0.17339733453576894 0.024590787095155588 -1 -1
rake yball 3 0.065 0.025 -1 -1 0.18461972751835434 0.018446862108952623 -1 -1
rake yball 3 0.065 0.025 -1 -1 0.21533922173338402 -0.05421088616980663 -1 -1
rake yball 3 0.065 0.025 -1 -1 0.17406906157312915 0.025786472947098665 -1 -1
rake yball 3 0.065 0.025 -1 -1 0.17763902652560606 0.039385829351335506 -1 -1
rake yball 3 0.065 0.025 -1 -1 0.17279116815483633 0.026310010555182343 -1 -1
rake yball 3 0.065 0.025 -1 -1 0.18336456037593588 0.016056481030478662 -1 -1
rake yball 3 0.065 0.025 -1 -1 0.1730519900190881 0.031599212994638394 -1 -1
rake yball 3 0.065 0.025 -1 -1 0.17420679174524042 0.009841107106024432 -1 -1
rake yball 3 0.065 0.025 -1 -1 0.1863859926683742 -0.02073940870267993 -1 -1
rake yball 3 0.065 0.025 -1 -1 0.2063090408548306 0.027963952423739315 -1 -1
rake yball 3 0.065 0.025 -1 -1 0.17337627798278 0.024262881370151944 -1 -1
rake yball 3 0.065 0.025 -1 -1 0.17403310973312172 0.023581077947775725 -1 -1
