rake yball 3 0.065 0.025 -1 -1 0.17756522546906509 0.29028526828610535 -1 -1
rake yball 3 0.065 0.025 -1 -1 0.19305703225529341 0.03138117294644273 -1 -1
rake yball 3 0.065 0.025 -1 -1 0.3091722565436074 0.05437369562939948 -1 -1
rake yball 3 0.065 0.025 -1 -1 0.17365200745014084 0.015901001240228037 -1 -1
rake yball 3 0.065 0.025 -1 -1 0.17324696519637645 0.02457110088433234 -1 -1
rake yball 3 0.065 0.025 -1 -1 0.17332952035221535 0.02697809194672644 -1 -1
rake yball 3 0.065 0.025 -1 -1 0.17303090241994346 0.026028649266025827 -1 -1
rake yball 3 0.065 0.025 -1 -1 0.2623142711152581 -0.05501423171300379 -1 -1
rake yball 3 0.065 0.025 -1 -1 0.174277770971497 -0.00906032657802958 -1 -1
rake yball 3 0.065 0.025 -1 -1 0.17294220055501966 0.026884970399196954 -1 -1
rake yball 3 0.065 0.025 -1 -1 0.1731952564897066 0.030398351279417958 -1 -1
rake yball 3 0.065 0.025 -1 -1 0.17472657649381268 0.023358599164143158 -1 -1
rake yball 3 0.065 0.025 -1 -1 0.43727456232409495 0.10623779433244386 -1 -1
rake yball 3 0.065 0.025 -1 -1 0.17331623728423512 0.025098470414450177 -1 -1
rake yball 3 0.065 0.025 -1 -1 0.1732521109674936 0.02304106974529667 -1 -1
rake yball 3 0.065 0.025 -1 -1 0.19356197396344946 0.03132174617542323 -1 -1
rake yball 3 0.065 0.025 -1 -1 0.17349282894000326 0.01801679993830426 -1 -1
rake yball 3 0.065 0.025 -1 -1 0.1798956251960206 0.02985009539155679 -1 -1
rake yball 3 0.065 0.025 -1 -1 0.45735885977393104 0.5955422343810045 -1 -1
rake yball 3 0.065 0.025 -1 -1 0.17324551242331304 0.024487765886300333 -1 -1
rake yball 3 0.065 0.025 -1 -1 0.17322698654192276 0.029466708570951176 -1 -1
rake yball 3 0.065 0.025 -1 -1 0.17361695438063557 0.011115684883611669 -1 -1
rake yball 3 0.065 0.025 -1 -1 0.1745961139262041 0.019478572248487924 -1 -1
rake yball 3 0.065 0.025 -1 -1 0.17364238172235827 0.021375433324721846 -1 -1
rake yball 3 0.065 0.025 -1 -1 0.17511211728939113 0.02432726618498033 -1 -1
rake yball 3 0.065 0.025 -1 -1 0.1733200673936985 0.02356648855099712 -1 -1
rake yball 3 0.065 0.025 -1 -1 0.2015125301362336 0.03185682749807469 -1 -1
rake yball 3 0.065 0.025 -1 -1 0.175546244181404 0.019504711920857853 -1 -1
rake yball 3 0.065 0.025 -1 -1 0.17395795121539442 0.02359260779349881 -1 -1
rake yball 3 0.065 0.025 -1 -1 0.22670478987432938 0.11149542354422003 -1 -1
rake yball 3 0.065 0.025 -1 -1 0.17342919281047683 0.02047276554599253 -1 -1
rake yball 3 0.065 0.025 -1 -1 0.17324797122333238 0.02795050870179419 -1 -1
rake yball 3 0.065 0.025 -1 -1 0.18162598659972048 0.059121931802421604 -1 -1
rake yball 3 0.065 0.025 -1 -1 0.19551802166094684 -0.004052651626167501 -1 -1
rake yball 3 0.065 0.025 -1 -1 0.1732613308171882 0.024362798604048466 -1 -1
rake yball 3 0.065 0.025 -1 -1 0.20617789571696407 -0.043163546128776015 -1 -1
rake yball 3 0.065 0.025 -1 -1 0.18145633782369416 0.035742223160737434 -1 -1
rake yball 3 0.065 0.025 -1 -1 0.1729370445528395 0.042273251386362835 -1 -1
rake yball 3 0.065 0.025 -1 -1 0.17318945573054545 0.026061328019860542 -1 -1
rake yball 3 0.065 0.025 -1 -1 0.17328216874313235 0.025589624594083604 -1 -1
