rake yball 3 0.065 0.025 -1 -1 0.1733893675085294 0.025087641911713372 -1 -1
rake yball 3 0.065 0.025 -1 -1 0.17319430408624292 0.028732506556436818 -1 -1
rake yball 3 0.065 0.025 -1 -1 0.17326320078030394 0.02776353482850734 -1 -1
rake yball 3 0.065 0.025 -1 -1 0.17320027109995026 0.028103591849185806 -1 -1
rake yball 3 0.065 0.025 -1 -1 0.17330494358897075 0.027615167348160583 -1 -1
rake yball 3 0.065 0.025 -1 -1 0.17322074936776935 0.026535606904361714 -1 -1
rake yball 3 0.065 0.025 -1 -1 0.17339488368925107 0.024808862914060374 -1 -1
rake yball 3 0.065 0.025 -1 -1 0.17324648618121305 0.02673385334878462 -1 -1
rake yball 3 0.065 0.025 -1 -1 0.17320017462250234 0.028053060248835252 -1 -1
rake yball 3 0.065 0.025 -1 -1 0.17325974842231312 0.029705049151616283 -1 -1
rake yball 3 0.065 0.025 -1 -1 0.17325634712345056 0.029909881473622228 -1 -1
rake yball 3 0.065 0.025 -1 -1 0.17333834534383735 0.02546816273985904 -1 -1
rake yball 3 0.065 0.025 -1 -1 0.17309124347676705 0.024629648268056074 -1 -1
rake yball 3 0.065 0.025 -1 -1 0.17335824478036516 0.026689740427833248 -1 -1
rake yball 3 0.065 0.025 -1 -1 0.1733144174689569 0.02823448283306182 -1 -1
rake yball 3 0.065 0.025 -1 -1 0.17324925429089652 0.027100643334695525 -1 -1
rake yball 3 0.065 0.025 -1 -1 0.17328738397855956 0.027614536734981387 -1 -1
rake yball 3 0.065 0.025 -1 -1 0.17339223022235137 0.02500801091428594 -1 -1
rake yball 3 0.065 0.025 -1 -1 0.17323566508704297 0.026197567180192893 -1 -1
rake yball 3 0.065 0.025 -1 -1 0.17324635713408304 0.02424661867648337 -1 -1
rake yball 3 0.065 0.025 -1 -1 0.1731984545274143 0.027219342410557446 -1 -1
rake yball 3 0.065 0.025 -1 -1 0.17310871689557586 0.024516133776893215 -1 -1
rake yball 3 0.065 0.025 -1 -1 0.17331506415497722 0.027191290996061906 -1 -1
rake yball 3 0.065 0.025 -1 -1 0.1733433484618416 0.026646236090221327 -1 -1
rake yball 3 0.065 0.025 -1 -1 0.17332940856890366 0.0256429794472097 -1 -1
rake yball 3 0.065 0.025 -1 -1 0.17309602156307966 0.02453713487000356 -1 -1
rake yball 3 0.065 0.025 -1 -1 0.17319838085555378 0.027215378139681015 -1 -1
rake yball 3 0.065 0.025 -1 -1 0.1731920477509316 0.027583245311890284 -1 -1
rake yball 3 0.065 0.025 -1 -1 0.17330741622472873 0.027190810222123354 -1 -1
rake yball 3 0.065 0.025 -1 -1 0.17325251022104457 0.0298396981400138 -1 -1
rake yball 3 0.065 0.025 -1 -1 0.1732072150709325 0.027375019886415563 -1 -1
rake yball 3 0.065 0.025 -1 -1 0.17312340753661415 0.02725523961097747 -1 -1
rake yball 3 0.065 0.025 -1 -1 0.17327483675274447 0.02902223551720796 -1 -1
rake yball 3 0.065 0.025 -1 -1 0.17339451175379428 0.024843806415839203 -1 -1
rake yball 3 0.065 0.025 -1 -1 0.17333306018395503 0.026135952328586818 -1 -1
rake yball 3 0.065 0.025 -1 -1 0.17327395135078819 0.029100395927102188 -1 -1
rake yball 3 0.065 0.025 -1 -1 0.17329604897812348 0.02820645546118811 -1 -1
rake yball 3 0.065 0.025 -1 -1 0.17333000471797133 0.025447693246763194 -1 -1
rake yball 3 0.065 0.025 -1 -1 0.17333723750378982 0.026407951355770776 -1 -1
rake yball 3 0.065 0.025 -1 -1 0.17330439555391106 0.027777704803447125 -1 -1
rake yball 3 0.065 0.025 -1 -1 0.17325983408075982 0.028580027321372544 -1 -1
rake yball 3 0.065 0.025 -1 -1 0.17327565641545253 0.028484707267364358 -1 -1
rake yball 3 0.065 0.025 -1 -1 0.17324607629125 0.029417761840341887 -1 -1
rake yball 3 0.065 0.025 -1 -1 0.17339959997995993 0.024170101899202958 -1 -1
rake yball 3 0.065 0.025 -1 -1 0.17333390741111626 0.026115908296227456 -1 -1
rake yball 3 0.065 0.025 -1 -1 0.17327887299231448 0.027554065418531833 -1 -1
rake yball 3 0.065 0.025 -1 -1 0.1732488827604094 0.027312365378777986 -1 -1
rake yball 3 0.065 0.025 -1 -1 0.17331611622536705 0.02681386862348946 -1 -1
rake yball 3 0.065 0.025 -1 -1 0.173255544721842 0.02426814002708703 -1 -1
rake yball 3 0.065 0.025 -1 -1 0.17325172576611927 0.02703145442232735 -1 -1
rake yball 3 0.065 0.025 -1 -1 0.1732377264929484 0.02761181484740856 -1 -1
rake yball 3 0.065 0.025 -1 -1 0.173298515920187 0.026172987589855472 -1 -1
rake yball 3 0.065 0.025 -1 -1 0.17339038916620017 0.0250213852474002 -1 -1
rake yball 3 0.065 0.025 -1 -1 0.17340871618849346 0.025259983445656373 -1 -1
rake yball 3 0.065 0.025 -1 -1 0.17324508770958158 0.02749525539978261 -1 -1
rake yball 3 0.065 0.025 -1 -1 0.17322769806908972 0.026895961259677033 -1 -1
rake yball 3 0.065 0.025 -1 -1 0.17337320041797197 0.024549783455530137 -1 -1
rake yball 3 0.065 0.025 -1 -1 0.1734065690582573 0.0258880752361705 -1 -1
rake yball 3 0.065 0.025 -1 -1 0.17329249152472356 0.02757787579829701 -1 -1
rake yball 3 0.065 0.025 -1 -1 0.17324812330469797 0.027025613690541624 -1 -1
