rake yball 3 0.065 0.025 -1 -1 0.1733912089497116 0.022855216822313316 -1 -1
rake yball 3 0.065 0.025 -1 -1 0.1734262990536051 0.027111631456421786 -1 -1
rake yball 3 0.065 0.025 -1 -1 0.1829709969789125 -0.05232342661770113 -1 -1
rake yball 3 0.065 0.025 -1 -1 0.17325069506741125 0.023539986398281268 -1 -1
rake yball 3 0.065 0.025 -1 -1 0.17349234107878164 0.01818697179718264 -1 -1
rake yball 3 0.065 0.025 -1 -1 0.1953690256278028 0.012321400871984925 -1 -1
rake yball 3 0.065 0.025 -1 -1 0.1768659072210303 0.03016383328589518 -1 -1
rake yball 3 0.065 0.025 -1 -1 0.17336297090455402 0.02964217422300216 -1 -1
rake yball 3 0.065 0.025 -1 -1 0.17441884271872454 0.021713977028047466 -1 -1
rake yball 3 0.065 0.025 -1 -1 0.1736243146888388 0.01108042859851723 -1 -1
rake yball 3 0.065 0.025 -1 -1 0.18811523358758403 0.014951336309486373 -1 -1
rake yball 3 0.065 0.025 -1 -1 0.17323284565634942 0.027366330723038387 -1 -1
rake yball 3 0.065 0.025 -1 -1 0.27738385847409913 -0.05512697750468888 -1 -1
rake yball 3 0.065 0.025 -1 -1 0.17314292599888698 0.03215186230757693 -1 -1
rake yball 3 0.065 0.025 -1 -1 0.17427217991307872 -0.009363626525970385 -1 -1
rake yball 3 0.065 0.025 -1 -1 0.17329489539454954 0.024634145614444453 -1 -1
rake yball 3 0.065 0.025 -1 -1 0.19406407496725672 -0.054137223124400106 -1 -1
rake yball 3 0.065 0.025 -1 -1 0.17353655203847546 0.017099218438030653 -1 -1
rake yball 3 0.065 0.025 -1 -1 0.1730558529564375 0.03486540546699246 -1 -1
rake yball 3 0.065 0.025 -1 -1 0.17307371802308114 0.033481111382848795 -1 -1
rake yball 3 0.065 0.025 -1 -1 0.1739403782533934 0.002449391192271948 -1 -1
rake yball 3 0.065 0.025 -1 -1 0.1735104651071339 0.020235812260941195 -1 -1
rake yball 3 0.065 0.025 -1 -1 0.1733934360646352 0.021809144112680715 -1 -1
rake yball 3 0.065 0.025 -1 -1 0.17323302937455473 0.024934574390726192 -1 -1
rake yball 3 0.065 0.025 -1 -1 0.1730785743501091 0.024945129742940317 -1 -1
rake yball 3 0.065 0.025 -1 -1 0.17329570784964257 0.02512646709986142 -1 -1
rake yball 3 0.065 0.025 -1 -1 0.28921230530061365 0.1484499144226242 -1 -1
rake yball 3 0.065 0.025 -1 -1 0.1745919223794838 -0.03387858707790132 -1 -1
rake yball 3 0.065 0.025 -1 -1 0.17331841532951087 0.027326599127789394 -1 -1
rake yball 3 0.065 0.025 -1 -1 0.17318915471159005 0.028387709095570875 -1 -1
rake yball 3 0.065 0.025 -1 -1 0.1730819909103988 0.02627569396912565 -1 -1
rake yball 3 0.065 0.025 -1 -1 0.3125889734618507 -0.008149744907566411 -1 -1
rake yball 3 0.065 0.025 -1 -1 0.17329625443668392 0.027086477071889384 -1 -1
rake yball 3 0.065 0.025 -1 -1 0.17375274336371827 0.006973849415139194 -1 -1
rake yball 3 0.065 0.025 -1 -1 0.18519498108792418 0.019894502682764024 -1 -1
rake yball 3 0.065 0.025 -1 -1 0.1728985090411486 0.0492224123845967 -1 -1
rake yball 3 0.065 0.025 -1 -1 0.17318445226250254 0.0261929836985692 -1 -1
rake yball 3 0.065 0.025 -1 -1 0.19142656032543826 0.02689171911568606 -1 -1
rake yball 3 0.065 0.025 -1 -1 0.17333237473351454 0.02404781618738071 -1 -1
rake yball 3 0.065 0.025 -1 -1 0.19391613566945093 0.03989803069367178 -1 -1
