rake yball 3 0.065 0.025 -1 -1 0.17320853801002165 0.028932123469863763 -1 -1
rake yball 3 0.065 0.025 -1 -1 0.17325163038954605 0.02690409521407956 -1 -1
rake yball 3 0.065 0.025 -1 -1 0.173410163805893 0.0238249525978253 -1 -1
rake yball 3 0.065 0.025 -1 -1 0.17329554561916546 0.027260856779740984 -1 -1
rake yball 3 0.065 0.025 -1 -1 0.17337419611220625 0.024462617447713237 -1 -1
rake yball 3 0.065 0.025 -1 -1 0.17326871879811784 0.028534058936618416 -1 -1
rake yball 3 0.065 0.025 -1 -1 0.17326578886886612 0.024559296034461917 -1 -1
rake yball 3 0.065 0.025 -1 -1 0.17319210034627633 0.02762866281608032 -1 -1
rake yball 3 0.065 0.025 -1 -1 0.17337318995032094 0.024446028823397224 -1 -1
rake yball 3 0.065 0.025 -1 -1 0.17325729902752765 0.02807172412338092 -1 -1
rake yball 3 0.065 0.025 -1 -1 0.17329678487936806 0.02747306016155116 -1 -1
rake yball 3 0.065 0.025 -1 -1 0.17326042177161072 0.02922967120276305 -1 -1
rake yball 3 0.065 0.025 -1 -1 0.17333805552587375 0.0271268619001041 -1 -1
rake yball 3 0.065 0.025 -1 -1 0.1732987954453415 0.027431623197906548 -1 -1
rake yball 3 0.065 0.025 -1 -1 0.17332299719181604 0.02695061557794606 -1 -1
rake yball 3 0.065 0.025 -1 -1 0.173273189891567 0.028972349944622028 -1 -1
rake yball 3 0.065 0.025 -1 -1 0.17324502846864395 0.02707131415977029 -1 -1
rake yball 3 0.065 0.025 -1 -1 0.17332413688980117 0.027759653857525813 -1 -1
rake yball 3 0.065 0.025 -1 -1 0.1733924163856878 0.024998991644317292 -1 -1
rake yball 3 0.065 0.025 -1 -1 0.1733709695352987 0.023821596394437105 -1 -1
