rake yball 3 0.065 0.025 -1 -1 0.1731347658381974 0.03251452510161765 -1 -1
rake yball 3 0.065 0.025 -1 -1 0.18444484173837372 0.5691652634445343 -1 -1
rake yball 3 0.065 0.025 -1 -1 0.17501707869587854 -0.05243292989934868 -1 -1
rake yball 3 0.065 0.025 -1 -1 0.17364295278737996 0.021413667002572193 -1 -1
rake yball 3 0.065 0.025 -1 -1 0.17327337578734656 0.032576592366749306 -1 -1
rake yball 3 0.065 0.025 -1 -1 0.17354277967336407 0.014340435605507218 -1 -1
rake yball 3 0.065 0.025 -1 -1 0.17330360255150873 0.024926368431522287 -1 -1
rake yball 3 0.065 0.025 -1 -1 0.24567985047258004 0.01789257683855504 -1 -1
rake yball 3 0.065 0.025 -1 -1 0.1732732698903477 0.028858656980888898 -1 -1
rake yball 3 0.065 0.025 -1 -1 0.17320011471733118 0.026665396352212104 -1 -1
rake yball 3 0.065 0.025 -1 -1 0.17298560351129214 0.055443927485291304 -1 -1
rake yball 3 0.065 0.025 -1 -1 0.17472789014582524 0.04762964990114423 -1 -1
rake yball 3 0.065 0.025 -1 -1 0.17291894699659155 0.03835666580509207 -1 -1
rake yball 3 0.065 0.025 -1 -1 0.26318527543311365 -0.008141979717534359 -1 -1
rake yball 3 0.065 0.025 -1 -1 0.1736299620589898 0.018265879443783613 -1 -1
rake yball 3 0.065 0.025 -1 -1 0.3026321159034675 0.043989375819143875 -1 -1
rake yball 3 0.065 0.025 -1 -1 0.17695365448643574 0.0459955030829232 -1 -1
rake yball 3 0.065 0.025 -1 -1 0.17387784215081276 0.01803536778116758 -1 -1
rake yball 3 0.065 0.025 -1 -1 0.1728119214138089 0.051555911369255296 -1 -1
rake yball 3 0.065 0.025 -1 -1 0.17753289006876607 0.012361008471044429 -1 -1
rake yball 3 0.065 0.025 -1 -1 0.1730851931880381 0.028509225417154494 -1 -1
rake yball 3 0.065 0.025 -1 -1 0.17327596890515334 0.023392456689963405 -1 -1
rake yball 3 0.065 0.025 -1 -1 0.28517770700447775 0.12188648474531935 -1 -1
rake yball 3 0.065 0.025 -1 -1 0.17345003028121977 0.024968039283601095 -1 -1
rake yball 3 0.065 0.025 -1 -1 0.17335215213182123 0.029063675971118145 -1 -1
rake yball 3 0.065 0.025 -1 -1 0.17799335179236977 0.02971988114932113 -1 -1
rake yball 3 0.065 0.025 -1 -1 0.18842096856041796 0.030107164307459685 -1 -1
rake yball 3 0.065 0.025 -1 -1 0.20935608993237537 0.12037094203607898 -1 -1
rake yball 3 0.065 0.025 -1 -1 0.17338965246364724 0.02699069248667462 -1 -1
rake yball 3 0.065 0.025 -1 -1 0.173274867105893 0.02565516634441179 -1 -1
rake yball 3 0.065 0.025 -1 -1 0.17419209092893687 -0.004775061034656542 -1 -1
rake yball 3 0.065 0.025 -1 -1 0.17336330128616287 0.022167966646229238 -1 -1
rake yball 3 0.065 0.025 -1 -1 0.1734296946823913 0.02102832927910394 -1 -1
rake yball 3 0.065 0.025 -1 -1 0.17341133055503075 0.021465340081144445 -1 -1
rake yball 3 0.065 0.025 -1 -1 0.17309617315500833 0.03752005885373752 -1 -1
rake yball 3 0.065 0.025 -1 -1 0.17312042962845356 0.029329821520612337 -1 -1
rake yball 3 0.065 0.025 -1 -1 0.17416216399837206 0.026992780209469765 -1 -1
rake yball 3 0.065 0.025 -1 -1 0.17399368066881396 0.0445186649539212 -1 -1
rake yball 3 0.065 0.025 -1 -1 0.17183186923870897 0.0920053129065846 -1 -1
rake yball 3 0.065 0.025 -1 -1 0.17474623019587177 0.03384890640987144 -1 -1
