rake yball 3 0.065 0.025 -1 -1 0.17303624057620687 0.031511324111774534 -1 -1
rake yball 3 0.065 0.025 -1 -1 0.17333144751645543 0.023396074793850027 -1 -1
rake yball 3 0.065 0.025 -1 -1 0.17461184147157455 0.06762778283838267 -1 -1
rake yball 3 0.065 0.025 -1 -1 0.1733294879163948 0.02622769857501212 -1 -1
rake yball 3 0.065 0.025 -1 -1 0.21982096604641993 -0.016321298709040272 -1 -1
rake yball 3 0.065 0.025 -1 -1 0.1733803498555659 0.025699248664216957 -1 -1
rake yball 3 0.065 0.025 -1 -1 0.17331432412195416 0.026458849065291265 -1 -1
rake yball 3 0.065 0.025 -1 -1 0.18442235638750293 0.006494617367480175 -1 -1
rake yball 3 0.065 0.025 -1 -1 0.17711862561790015 0.04819368263781628 -1 -1
rake yball 3 0.065 0.025 -1 -1 0.17333605656294715 0.026149592514165702 -1 -1
rake yball 3 0.065 0.025 -1 -1 0.1733714113176783 0.02417309846366002 -1 -1
rake yball 3 0.065 0.025 -1 -1 0.1806385968804358 0.02117127340964565 -1 -1
rake yball 3 0.065 0.025 -1 -1 0.1728783436539245 0.036194866497116535 -1 -1
rake yball 3 0.065 0.025 -1 -1 0.17488677118486196 0.003735965257584194 -1 -1
rake yball 3 0.065 0.025 -1 -1 0.17312925126588205 0.031196293673426856 -1 -1
rake yball 3 0.065 0.025 -1 -1 0.17356325985282206 0.01779506366186374 -1 -1
rake yball 3 0.065 0.025 -1 -1 0.17627497936939948 0.008789365551299578 -1 -1
rake yball 3 0.065 0.025 -1 -1 0.1733964906057938 0.023047587870022798 -1 -1
rake yball 3 0.065 0.025 -1 -1 0.17330628030599726 0.026430195648802248 -1 -1
rake yball 3 0.065 0.025 -1 -1 0.17872276783364527 0.042527650316176176 -1 -1
rake yball 3 0.065 0.025 -1 -1 0.17381379772148517 0.022603587714805817 -1 -1
rake yball 3 0.065 0.025 -1 -1 0.17359720296850598 0.021987041374267848 -1 -1
rake yball 3 0.065 0.025 -1 -1 0.17932339903761682 0.02889455467096232 -1 -1
rake yball 3 0.065 0.025 -1 -1 0.17329722977471115 0.03043927943080854 -1 -1
rake yball 3 0.065 0.025 -1 -1 0.17334035000446846 0.02336561502960515 -1 -1
rake yball 3 0.065 0.025 -1 -1 0.18755702138165814 0.0054428977231080556 -1 -1
rake yball 3 0.065 0.025 -1 -1 0.23066652744736632 -0.05180360187772026 -1 -1
rake yball 3 0.065 0.025 -1 -1 0.17668609048238518 0.03498583249964254 -1 -1
rake yball 3 0.065 0.025 -1 -1 0.17333765075792928 0.026748865172748965 -1 -1
rake yball 3 0.065 0.025 -1 -1 0.17333566624584762 0.026837052080843693 -1 -1
rake yball 3 0.065 0.025 -1 -1 0.1732991161689247 0.053017080968388884 -1 -1
rake yball 3 0.065 0.025 -1 -1 0.17357588542517516 0.018092051102066967 -1 -1
rake yball 3 0.065 0.025 -1 -1 0.20774250663420443 0.038271951613153464 -1 -1
rake yball 3 0.065 0.025 -1 -1 0.17296807681954798 0.054591902818652456 -1 -1
rake yball 3 0.065 0.025 -1 -1 0.2740180822613625 -0.038715017107881514 -1 -1
rake yball 3 0.065 0.025 -1 -1 0.17308733412134683 0.031667839655154455 -1 -1
rake yball 3 0.065 0.025 -1 -1 0.17672586723238048 0.06017489943701895 -1 -1
rake yball 3 0.065 0.025 -1 -1 0.19523996118016132 -0.0034448789772932678 -1 -1
rake yball 3 0.065 0.025 -1 -1 0.17930135744012965 0.027044873552377297 -1 -1
rake yball 3 0.065 0.025 -1 -1 0.17311919736703554 0.026328402629999314 -1 -1
