rake yball 3 0.065 0.025 -1 -1 0.17305525225839558 0.033088177483106086 -1 -1
rake yball 3 0.065 0.025 -1 -1 0.176373357980744 0.024912458850231505 -1 -1
rake yball 3 0.065 0.025 -1 -1 0.1755580530283912 0.026815247609383388 -1 -1
rake yball 3 0.065 0.025 -1 -1 0.1731539214935399 0.021862068587480125 -1 -1
rake yball 3 0.065 0.025 -1 -1 0.1731572652293342 0.03227526148866791 -1 -1
rake yball 3 0.065 0.025 -1 -1 0.18448092145135025 0.022174788286224212 -1 -1
rake yball 3 0.065 0.025 -1 -1 0.17366445001228936 0.030744153124795545 -1 -1
rake yball 3 0.065 0.025 -1 -1 0.1732684489021581 0.02635235381671009 -1 -1
rake yball 3 0.065 0.025 -1 -1 0.17340261053200592 0.025530234128130738 -1 -1
rake yball 3 0.065 0.025 -1 -1 0.17563642709617633 0.0319003529120489 -1 -1
rake yball 3 0.065 0.025 -1 -1 0.18177471756907573 0.032422257443622586 -1 -1
rake yball 3 0.065 0.025 -1 -1 0.1774717896557249 0.025647950137061875 -1 -1
rake yball 3 0.065 0.025 -1 -1 0.18383260447836072 0.028786897686398975 -1 -1
rake yball 3 0.065 0.025 -1 -1 0.17904514455299658 0.019149359079916852 -1 -1
rake yball 3 0.065 0.025 -1 -1 0.18278385752007542 0.02892380080932115 -1 -1
rake yball 3 0.065 0.025 -1 -1 0.17329278040871093 0.025547578992985893 -1 -1
rake yball 3 0.065 0.025 -1 -1 0.1776103552447071 0.03491036765223023 -1 -1
rake yball 3 0.065 0.025 -1 -1 0.1731189549847467 0.02768425294374643 -1 -1
rake yball 3 0.065 0.025 -1 -1 0.17826830687308595 0.03038582049118448 -1 -1
rake yball 3 0.065 0.025 -1 -1 0.17543955463717356 0.02152737668133988 -1 -1
rake yball 3 0.065 0.025 -1 -1 0.1730533223178831 0.039137570714536773 -1 -1
rake yball 3 0.065 0.025 -1 -1 0.17735753261960274 0.027319975067976465 -1 -1
rake yball 3 0.065 0.025 -1 -1 0.17333841288885066 0.025428243775352664 -1 -1
rake yball 3 0.065 0.025 -1 -1 0.17325979055909052 0.024697798063540822 -1 -1
rake yball 3 0.065 0.025 -1 -1 0.17910163819524635 0.030724541523705767 -1 -1
rake yball 3 0.065 0.025 -1 -1 0.17676791796350716 0.01777880484367863 -1 -1
rake yball 3 0.065 0.025 -1 -1 0.17998992709312656 0.011923573567858628 -1 -1
rake yball 3 0.065 0.025 -1 -1 0.173252269228528 0.024693199566059924 -1 -1
rake yball 3 0.065 0.025 -1 -1 0.17309156622805624 0.02361468473340355 -1 -1
rake yball 3 0.065 0.025 -1 -1 0.1826807257092163 0.018258116134684657 -1 -1
rake yball 3 0.065 0.025 -1 -1 0.18807125994453636 0.016187071881889104 -1 -1
rake yball 3 0.065 0.025 -1 -1 0.17316397390796298 0.03649560163459891 -1 -1
rake yball 3 0.065 0.025 -1 -1 0.18010152938185267 0.016445572628101097 -1 -1
rake yball 3 0.065 0.025 -1 -1 0.17999105414557565 0.028864832249436707 -1 -1
rake yball 3 0.065 0.025 -1 -1 0.17308594087797502 0.02489887858158806 -1 -1
rake yball 3 0.065 0.025 -1 -1 0.173284568910209 0.026591575273118992 -1 -1
rake yball 3 0.065 0.025 -1 -1 0.1820998633128857 0.01819130870511326 -1 -1
rake yball 3 0.065 0.025 -1 -1 0.1736646741408171 0.028615727960075315 -1 -1
rake yball 3 0.065 0.025 -1 -1 0.17304478242963214 0.028504144191920128 -1 -1
rake yball 3 0.065 0.025 -1 -1 0.1766137055032775 0.023352479650141613 -1 -1
rake yball 3 0.065 0.025 -1 -1 0.17334646152310604 0.02247175616035474 -1 -1
rake yball 3 0.065 0.025 -1 -1 0.1779537934071431 0.02996526410598193 -1 -1
rake yball 3 0.065 0.025 -1 -1 0.1729791371631233 0.029696173938558734 -1 -1
rake yball 3 0.065 0.025 -1 -1 0.1794554469900349 0.022121438833442728 -1 -1
rake yball 3 0.065 0.025 -1 -1 0.17601042693027624 0.026708978942561655 -1 -1
rake yball 3 0.065 0.025 -1 -1 0.17582394807315377 0.0243757878746872 -1 -1
rake yball 3 0.065 0.025 -1 -1 0.1808444172924663 0.02035708328767992 -1 -1
rake yball 3 0.065 0.025 -1 -1 0.17434673604954487 0.02747695034621612 -1 -1
rake yball 3 0.065 0.025 -1 -1 0.1732959344987157 0.024726853299147738 -1 -1
rake yball 3 0.065 0.025 -1 -1 0.18069317715990518 0.022296116954191578 -1 -1
