rake yball 3 0.065 0.025 -1 -1 0.17334304525493482 0.02817406656245514 -1 -1
rake yball 3 0.065 0.025 -1 -1 0.17331066266459036 0.027438979984219798 -1 -1
rake yball 3 0.065 0.025 -1 -1 0.17320891635442426 0.028014887695035233 -1 -1
rake yball 3 0.065 0.025 -1 -1 0.173388692652399 0.025105378882653184 -1 -1
rake yball 3 0.065 0.025 -1 -1 0.17339370544004387 0.02486737648453257 -1 -1
rake yball 3 0.065 0.025 -1 -1 0.17324610850532127 0.024248083865029742 -1 -1
rake yball 3 0.065 0.025 -1 -1 0.17332316734476239 0.027011872046413817 -1 -1
rake yball 3 0.065 0.025 -1 -1 0.1732349132323432 0.026124170901243676 -1 -1
rake yball 3 0.065 0.025 -1 -1 0.1732085572965534 0.02775512082399817 -1 -1
rake yball 3 0.065 0.025 -1 -1 0.17339081400984796 0.025019918180386496 -1 -1
rake yball 3 0.065 0.025 -1 -1 0.17324868421163384 0.024220757330355634 -1 -1
rake yball 3 0.065 0.025 -1 -1 0.1732355397071124 0.02967433423840935 -1 -1
rake yball 3 0.065 0.025 -1 -1 0.17336571338804263 0.02596809467468999 -1 -1
rake yball 3 0.065 0.025 -1 -1 0.1732572130353039 0.029658677289754843 -1 -1
rake yball 3 0.065 0.025 -1 -1 0.17326779467242687 0.028963011630635173 -1 -1
rake yball 3 0.065 0.025 -1 -1 0.17336777684179208 0.026119116741235546 -1 -1
rake yball 3 0.065 0.025 -1 -1 0.17335245430309937 0.025094898981016325 -1 -1
rake yball 3 0.065 0.025 -1 -1 0.17332704254398681 0.026566465038132803 -1 -1
rake yball 3 0.065 0.025 -1 -1 0.17330639706816509 0.028005895903622253 -1 -1
rake yball 3 0.065 0.025 -1 -1 0.1732552326516748 0.029790612348988783 -1 -1
rake yball 3 0.065 0.025 -1 -1 0.17333052818111233 0.027872126477337333 -1 -1
rake yball 3 0.065 0.025 -1 -1 0.1733001511442445 0.027854003499394275 -1 -1
rake yball 3 0.065 0.025 -1 -1 0.17330394186298329 0.027316977856507125 -1 -1
rake yball 3 0.065 0.025 -1 -1 0.1732421299613703 0.027457741856551816 -1 -1
rake yball 3 0.065 0.025 -1 -1 0.17325594755171592 0.024943970399264145 -1 -1
rake yball 3 0.065 0.025 -1 -1 0.17320417563465512 0.024442782168108454 -1 -1
rake yball 3 0.065 0.025 -1 -1 0.17324777603081756 0.025088816676653934 -1 -1
rake yball 3 0.065 0.025 -1 -1 0.1733774944732136 0.024375355824758846 -1 -1
rake yball 3 0.065 0.025 -1 -1 0.1732068676742743 0.027820674460511504 -1 -1
rake yball 3 0.065 0.025 -1 -1 0.17312599185192803 0.024426761661315365 -1 -1
rake yball 3 0.065 0.025 -1 -1 0.1732823277904204 0.027843088478878023 -1 -1
rake yball 3 0.065 0.025 -1 -1 0.17323066584150215 0.027602759962553545 -1 -1
rake yball 3 0.065 0.025 -1 -1 0.17329811760076247 0.02489136052250338 -1 -1
rake yball 3 0.065 0.025 -1 -1 0.1732834113619774 0.028302615060509167 -1 -1
rake yball 3 0.065 0.025 -1 -1 0.17324069579246457 0.02759929293140036 -1 -1
rake yball 3 0.065 0.025 -1 -1 0.1731985414662692 0.027150531739131983 -1 -1
rake yball 3 0.065 0.025 -1 -1 0.17333096763697806 0.0249710626304234 -1 -1
rake yball 3 0.065 0.025 -1 -1 0.17324557786580844 0.02511871224830808 -1 -1
rake yball 3 0.065 0.025 -1 -1 0.17327536715132077 0.0284959719394195 -1 -1
rake yball 3 0.065 0.025 -1 -1 0.17326015518900667 0.02960728091385456 -1 -1
