rake yball 3 0.065 0.025 -1 -1 0.17332836937637577 0.026509046891016266 -1 -1
rake yball 3 0.065 0.025 -1 -1 0.17307447489276404 0.024549268794629986 -1 -1
rake yball 3 0.065 0.025 -1 -1 0.1732925580766673 0.028815353034001664 -1 -1
rake yball 3 0.065 0.025 -1 -1 0.17319972877999887 0.0272688807032465 -1 -1
rake yball 3 0.065 0.025 -1 -1 0.17337448672603945 0.0255951540051276 -1 -1
rake yball 3 0.065 0.025 -1 -1 0.17324056828177084 0.027597371369845858 -1 -1
rake yball 3 0.065 0.025 -1 -1 0.1732306975807616 0.027855177442788575 -1 -1
rake yball 3 0.065 0.025 -1 -1 0.17320760532172721 0.02750158648190487 -1 -1
rake yball 3 0.065 0.025 -1 -1 0.17325625598850983 0.028622056569263456 -1 -1
rake yball 3 0.065 0.025 -1 -1 0.17320980253015736 0.027177025675840304 -1 -1
rake yball 3 0.065 0.025 -1 -1 0.1732919464386667 0.02752505593863573 -1 -1
rake yball 3 0.065 0.025 -1 -1 0.17326688420006656 0.028694891443785973 -1 -1
rake yball 3 0.065 0.025 -1 -1 0.17340305745678447 0.024283086837140005 -1 -1
rake yball 3 0.065 0.025 -1 -1 0.17333014295904597 0.025449695580843666 -1 -1
rake yball 3 0.065 0.025 -1 -1 0.173237784071358 0.0272160841855248 -1 -1
