stick bball 4 -0.035 0.0 -1 -1 -0.1521573590541933 -0.005812922938416271 -1 -1
stick bball 4 -0.035 0.0 -1 -1 -0.15166900491980373 0.006021091276016424 -1 -1
stick bball 4 -0.035 0.0 -1 -1 -0.1533909008205609 0.0066738722860458805 -1 -1
stick bball 4 -0.035 0.0 -1 -1 -0.1521432537128582 -0.0016326738728562802 -1 -1
stick bball 4 -0.035 0.0 -1 -1 -0.15214193338525403 -0.0017787159180306929 -1 -1
stick bball 4 -0.035 0.0 -1 -1 -0.15075444463907273 0.004408314785300003 -1 -1
stick bball 4 -0.035 0.0 -1 -1 -0.1534199927269954 -0.0003402989152188546 -1 -1
stick bball 4 -0.035 0.0 -1 -1 -0.15198313273925856 0.004949202268183605 -1 -1
stick bball 4 -0.035 0.0 -1 -1 -0.15263805523399454 0.006100492074466494 -1 -1
stick bball 4 -0.035 0.0 -1 -1 -0.1527178818642017 -0.0020011665610454054 -1 -1
stick bball 4 -0.035 0.0 -1 -1 -0.15358903651470773 -0.0022032531136934414 -1 -1
stick bball 4 -0.035 0.0 -1 -1 -0.15480091222397419 -0.00102897957586904 -1 -1
stick bball 4 -0.035 0.0 -1 -1 -0.1513952082964794 -0.003430234827520353 -1 -1
stick bball 4 -0.035 0.0 -1 -1 -0.15492497649461673 -0.003999471709907867 -1 -1
stick bball 4 -0.035 0.0 -1 -1 -0.15093059693835073 0.0009651298120326867 -1 -1
stick bball 4 -0.035 0.0 -1 -1 -0.15151010747691432 -0.0006358040028707138 -1 -1
stick bball 4 -0.035 0.0 -1 -1 -0.15639145693461398 -0.0009273136914676146 -1 -1
stick bball 4 -0.035 0.0 -1 -1 -0.1498141668437073 -5.1640274561549704e-05 -1 -1
stick bball 4 -0.035 0.0 -1 -1 -0.15355263041827996 -0.002105367516708632 -1 -1
stick bball 4 -0.035 0.0 -1 -1 -0.15186804696136852 0.00022296105942993673 -1 -1
stick bball 4 -0.035 0.0 -1 -1 -0.15179918778792315 -0.0013684085060879508 -1 -1
stick bball 4 -0.035 0.0 -1 -1 -0.153766435576591 0.005828536971004626 -1 -1
stick bball 4 -0.035 0.0 -1 -1 -0.15320941267306157 0.0004173495259366129 -1 -1
stick bball 4 -0.035 0.0 -1 -1 -0.15223513036191083 0.0008081761967310544 -1 -1
stick bball 4 -0.035 0.0 -1 -1 -0.1512036697028792 0.0030350046288467225 -1 -1
stick bball 4 -0.035 0.0 -1 -1 -0.1517927910605822 -0.0005690564752965711 -1 -1
stick bball 4 -0.035 0.0 -1 -1 -0.15106453952120374 0.00014386212507080452 -1 -1
stick bball 4 -0.035 0.0 -1 -1 -0.1521662842185155 0.003049446924564606 -1 -1
stick bball 4 -0.035 0.0 -1 -1 -0.1535894049567671 -0.0036828089368006064 -1 -1
stick bball 4 -0.035 0.0 -1 -1 -0.15056697804201297 0.0028502210403233284 -1 -1
stick bball 4 -0.035 0.0 -1 -1 -0.15257878424748053 0.0011016133031345413 -1 -1
stick bball 4 -0.035 0.0 -1 -1 -0.15206451738594848 -0.002970101582713744 -1 -1
stick bball 4 -0.035 0.0 -1 -1 -0.15432501023052958 -0.0028146829128440913 -1 -1
stick bball 4 -0.035 0.0 -1 -1 -0.15308359946039343 0.0027090800990584997 -1 -1
stick bball 4 -0.035 0.0 -1 -1 -0.1567736094412662 -0.0015817636702029623 -1 -1
stick bball 4 -0.035 0.0 -1 -1 -0.15338896385787862 -0.001445528838537611 -1 -1
stick bball 4 -0.035 0.0 -1 -1 -0.15500247679781104 0.002696804068232952 -1 -1
stick bball 4 -0.035 0.0 -1 -1 -0.1552279325490736 0.0014539354280175489 -1 -1
stick bball 4 -0.035 0.0 -1 -1 -0.15584888186884993 0.001672067595986832 -1 -1
stick bball 4 -0.035 0.0 -1 -1 -0.1534438312676111 -0.0015990369606740907 -1 -1
stick bball 4 -0.035 0.0 -1 -1 -0.1538312289150118 0.0025146938183559613 -1 -1
stick bball 4 -0.035 0.0 -1 -1 -0.15141069469164667 0.005871038921449262 -1 -1
stick bball 4 -0.035 0.0 -1 -1 -0.1536794674123707 -0.0008325026660401398 -1 -1
stick bball 4 -0.035 0.0 -1 -1 -0.15216976051230635 0.0005147867163392603 -1 -1
stick bball 4 -0.035 0.0 -1 -1 -0.1532190122181006 -0.0007051815732253672 -1 -1
stick bball 4 -0.035 0.0 -1 -1 -0.15403032274744055 0.0045183041399470625 -1 -1
stick bball 4 -0.035 0.0 -1 -1 -0.15337649446372417 -0.0018052009159166603 -1 -1
stick bball 4 -0.035 0.0 -1 -1 -0.15202528307253074 -0.0029476184754877815 -1 -1
stick bball 4 -0.035 0.0 -1 -1 -0.1507506565685944 -0.002867825188244179 -1 -1
stick bball 4 -0.035 0.0 -1 -1 -0.15111728709138408 0.0019885396987617847 -1 -1
stick bball 4 -0.035 0.0 -1 -1 -0.15346950905062892 0.009452055249871052 -1 -1
stick bball 4 -0.035 0.0 -1 -1 -0.1519273672698609 0.0027362131069415944 -1 -1
stick bball 4 -0.035 0.0 -1 -1 -0.14914594560715938 0.004820209771968822 -1 -1
stick bball 4 -0.035 0.0 -1 -1 -0.15214872680788552 -0.003738418896044822 -1 -1
stick bball 4 -0.035 0.0 -1 -1 -0.15335406888045983 -0.0009106242988576355 -1 -1
stick bball 4 -0.035 0.0 -1 -1 -0.15287274577720739 -0.0036542527776107295 -1 -1
stick bball 4 -0.035 0.0 -1 -1 -0.1519046118833832 0.004952535778342172 -1 -1
stick bball 4 -0.035 0.0 -1 -1 -0.15482849837002308 -0.004259806087118578 -1 -1
stick bball 4 -0.035 0.0 -1 -1 -0.15420436564819465 -0.0004874781164690376 -1 -1
stick bball 4 -0.035 0.0 -1 -1 -0.1569130298263407 -0.0029980090613407626 -1 -1
stick bball 4 -0.035 0.0 -1 -1 -0.15399682806492826 -0.002193635821789009 -1 -1
stick bball 4 -0.035 0.0 -1 -1 -0.15396756953684734 0.0035219630286137723 -1 -1
stick bball 4 -0.035 0.0 -1 -1 -0.1560224667248873 0.001415735079313066 -1 -1
stick bball 4 -0.035 0.0 -1 -1 -0.15108603084356448 -0.002124621938738002 -1 -1
stick bball 4 -0.035 0.0 -1 -1 -0.15180704885918864 -0.0031076620332308813 -1 -1
stick bball 4 -0.035 0.0 -1 -1 -0.15304440008129494 0.005079484146647085 -1 -1
stick bball 4 -0.035 0.0 -1 -1 -0.1549110368816437 0.001380383102223985 -1 -1
stick bball 4 -0.035 0.0 -1 -1 -0.1521385094864428 0.00019372703840498322 -1 -1
stick bball 4 -0.035 0.0 -1 -1 -0.15253742723289337 -0.0005741837751705488 -1 -1
stick bball 4 -0.035 0.0 -1 -1 -0.15354484973937507 0.001003077246639726 -1 -1
stick bball 4 -0.035 0.0 -1 -1 -0.15470416027251957 0.0034527023770632337 -1 -1
stick bball 4 -0.035 0.0 -1 -1 -0.15288813846130836 -0.0012264022126813657 -1 -1
stick bball 4 -0.035 0.0 -1 -1 -0.15157115520712588 -0.00310857596990521 -1 -1
stick bball 4 -0.035 0.0 -1 -1 -0.1507577773530897 0.00028957350986758516 -1 -1
stick bball 4 -0.035 0.0 -1 -1 -0.1524045591585692 -0.0028997132081955168 -1 -1
stick bball 4 -0.035 0.0 -1 -1 -0.1535498342700436 -0.0063205649021181995 -1 -1
stick bball 4 -0.035 0.0 -1 -1 -0.15085288694066784 0.000725193462298706 -1 -1
stick bball 4 -0.035 0.0 -1 -1 -0.1566745108780549 0.0017207335673023211 -1 -1
stick bball 4 -0.035 0.0 -1 -1 -0.15343544067620876 0.0013983946314075583 -1 -1
stick bball 4 -0.035 0.0 -1 -1 -0.15321345626657867 0.0015687706185199396 -1 -1
stick bball 4 -0.035 0.0 -1 -1 -0.15297360769662804 0.0019874398724566028 -1 -1
stick bball 4 -0.035 0.0 -1 -1 -0.15303255369451627 0.0008227622272931208 -1 -1
stick bball 4 -0.035 0.0 -1 -1 -0.15329686053140273 -9.457705649185514e-05 -1 -1
stick bball 4 -0.035 0.0 -1 -1 -0.15453811425681435 0.0007784345044347465 -1 -1
stick bball 4 -0.035 0.0 -1 -1 -0.15201114684024494 -0.004196286491189162 -1 -1
stick bball 4 -0.035 0.0 -1 -1 -0.15232945380390583 -0.0026567076570800786 -1 -1
stick bball 4 -0.035 0.0 -1 -1 -0.15078471405426336 -0.001290750108003946 -1 -1
stick bball 4 -0.035 0.0 -1 -1 -0.1577657102753347 -0.0024093180082311746 -1 -1
stick bball 4 -0.035 0.0 -1 -1 -0.1518511600990472 -0.0037124033968305983 -1 -1
stick bball 4 -0.035 0.0 -1 -1 -0.15484555662583835 0.0025543912293547683 -1 -1
stick bball 4 -0.035 0.0 -1 -1 -0.15247127396614507 -0.0007337421653172507 -1 -1
stick bball 4 -0.035 0.0 -1 -1 -0.15330342374104292 -0.002691491502750602 -1 -1
stick bball 4 -0.035 0.0 -1 -1 -0.15245853097923703 -0.0006387607094362391 -1 -1
stick bball 4 -0.035 0.0 -1 -1 -0.15411173633788414 0.000942209091548362 -1 -1
stick bball 4 -0.035 0.0 -1 -1 -0.15311855977094888 0.003060715937658409 -1 -1
stick bball 4 -0.035 0.0 -1 -1 -0.15344953954516707 0.0016718975288879648 -1 -1
stick bball 4 -0.035 0.0 -1 -1 -0.15601137577203875 0.001315543669568658 -1 -1
stick bball 4 -0.035 0.0 -1 -1 -0.15366638958305645 -0.003979600752155331 -1 -1
stick bball 4 -0.035 0.0 -1 -1 -0.15571418114364832 0.003896266017878856 -1 -1
stick bball 4 -0.035 0.0 -1 -1 -0.15489222904569938 0.001776570265143965 -1 -1
