77.96048085165481
20.724502384353794
578.364195414642
7258.491836782676
1.1913016072086373
2.025679881310848
46471.279079292886
0.5390538482263556
7.4258422349355335
2.1716738554097845
182.405198822323
2.3513845748666213
2.4135646185589525
0.11826606946818674
993.1760195777601
0.7211204459070878
251.24729584622702
1.0055679873091807
995.1628080142356
1.2808553879689766
0.9121021358885737
0.6660320871194673
519.4181117624446
7.5292114134536625
228.03758765898925
0.6362488528909254
454.5808453040857
0.3278254733762062
1.526234916446526
0.803994826499723
1.304070988295305
0.9729337150194859
108.52108402901615
32.675497615353535
351.669552346292
2.0991962880340695
1.3674533679493566
29.116476467011946
88.13907861801457
12.970086785826943
416.06474835875804
1.7544630773694057
229.3216545355507
0.5171452538505839
0.2397082617744111
0.4696146583359401
133.04070107173425
0.9590908033599358
230.82483836848954
1.1520810245463045
305.0546441642288
2.454209840034654
0.5583560740724995
0.047630434237216634
218.69571598739205
0.5673881654076468
115.50676511077039
1.1143922132611617
366.5054007914483
1012.7912066788984
0.47754302804173443
40.54388380036771
0.6523490810260456
2.082121273441179
23.82717042861033
1.4213896749258188
271.0913860670975
2183.8272904186406
3.3308472537361626
2.910718783511848
0.6816572941309028
0.6474339340911306
5.172623790683912
7.552823310507664
633.3546917415931
1.62003685864155
0.504342688142108
0.19611512782127094
97.5121029855194
0.7813480125000378
5.2135942421706885
15.628944039344105
868.3504878081254
84542.88582033101
1.7083359953985982
1.5274513623920791
1.0248546386945134
0.44653223543995335
5.448562962566642
0.6791823825010883
220.9143064645033
1.165238474334421
0.5687536027294715
0.5672060811089223
26.285710315746897
1.719437117958102
339.7172838939025
1.3161218005126356
505.3040153513398
12.611788144069607
2.677136184290571
1.8599228795618028
9413.108685338411
0.377002230428519
282.47659157531433
2.5825505443504646
557.634499711086
0.4365755791882796
0.7697784194817026
1.7475438315501046
12118.387506910434
0.637135936316249
312.12633815594313
0.918233720431534
231.61745674191485
3811.0202381787126
3.0530596220333486
0.17417849529547674
4649.906343029229
0.5077360569063724
286.0380347077109
3.2037503522232393
554.5696165200031
0.3601756784133453
1.20785134583631
317.11531200181787
6.959579361362755
0.7165755558190503
2199.2672099834595
1.0520795968392689
710.6667187565135
1.5418756638847684
7.279908117255807
1.012495427133057
0.9441770779641019
0.9890386341330517
422.5725090413191
12.087989918916211
492.05876115970136
1.3465676708698608
2.917404761830044
9.486623893458047
0.7125263099188014
0.4345485854557556
2150.424502051019
2.0459105119079384
357.5760118833217
6857.458616582325
1.565899843625668
0.8918271120091295
753.055043279624
2.1261530244312574
1029.892310665441
6.329234501672442
368.38037765176426
0.6202396503820872
4.394891518162577
2.337072650709359
23.196696891797643
7.610251656539683
52.29671896402843
1.175659422822957
360.74818470510934
2041.6762235489011
0.5211074175532927
0.8120345318184825
114.56346706111728
1.075274407643733
33.68630789461279
2.6080090615743217
1087.6456733982923
0.6216001368049116
7.160190135660635
0.5869301578089222
1788.045159120482
3.054149600552792
43.4033325216185
1.4566545090199365
285.5952570775546
0.9352349033429168
7.35291349566554
9.101544423365059
39.696851147990955
0.23118963000998305
73.87683124251238
0.6160460463986998
274.19013630260304
2.7353686180823007
0.3554096628248196
2.9535957407560454
153.94891689233395
10.168190795286655
10809.05340351841
3.0001762204305904
851.9755086715759
1421.260339239665
8.408583936773143
1.5737440394935405
353.486829834001
0.39971817157333484
435.3791344345353
19.332501202139575
334.2880753463579
0.9374466444816156
3.353969265522072
0.3312241507055804
0.6444372657995991
0.5538755494692977
292.74565524933456
1.1096750562361395
593.1848887599632
0.3731970371384684
0.5993622176387944
3.4399284271642063
144.70271355863292
0.3932955417508043
49.25035639301234
0.39682053735946643
1973.3501615053344
0.36645177913965793
4.6352700550356865
1.3213682127647084
0.33520669751428983
5.667272299162408
747.6586908811793
3.2868971102454605
375.19635065359506
698.5087037125871
16.28943530388562
0.24059029630397444
0.5893677828794617
4.03909295396405
6074.996023764248
1.0714530679554428
419.760002351091
1.1175639262156725
11.737340812236189
1.0939253053541038
129.62237938354497
0.6205521941566986
