4.032862407567149 1.922200044713282 0.22073164125009506 49.71907024774021
0.3271666176622513 2.9067536369074087 2.979648439764229 6068.704643808904
3.7007349498862108 2.911091573801379 0.802018415557382 189.20495353509537
0.7204776411532 2.407395393615582 2.1033524091922366 1992.9799331308095
4.131463304351709 0.24034884329292672 0.6091414269503965 15.545930229074566
2.5600642209257543 2.863725048262072 2.1011487993973104 169.43245945664435
2.5558536852545855 0.7073468783810344 2.605106024894112 169.77097786924236
2.639648614725543 1.043511819413172 2.4847901056023236 23.49616304633743
1.808345747092362 2.1397733438351145 2.3055105106622626 23.834924943973206
0.5550054940968765 1.1157088418010253 0.928064505864914 10381.291327798013
2.7739714413135683 1.6418329592939713 2.1495674333496892 12.800029601252037
2.8003163984352506 1.6453657466379792 2.1305682256771967 52.00701723806989
2.812606633916086 1.645379941234189 2.1234490469921306 86.60928507270276
2.8190999829177517 1.6449453435287662 2.121681872513224 31.294803888809344
2.823160026735464 1.6440386892027947 2.12146233801303 809.0061329517724
2.8241534965403545 1.0473799679318134 2.2329667197214915 14297.978230384275
2.631194548373923 1.6445006777469113 2.129692618726605 22.245910418334624
3.0488578564465483 1.64446852124678 2.1297561527097217 74.75550024812254
2.8792041364645478 1.6565961639634887 1.9405006874323958 72.42625122770157
1.7345005611640314 1.6568293305394501 1.8944680252707606 62.81406910510829
3.1661914699845766 1.6570392558221902 2.2372646029821426 25.922888249102527
2.0450906904246557 1.6572343038938748 2.1975675899732177 45.744294866736354
2.7036482447909798 1.6574215227242615 2.0852604409340194 19.827747622974726
3.0734617760702037 1.6576008527477486 1.9304503645842281 492.56286894483463
2.9471834999940127 1.6577215420126705 2.17635015777684 10.543372353365136
2.1412647323383314 1.6578899246631378 1.8464122260762497 31.01221566372762
2.696471453230265 1.6580515200964356 2.0674872639862576 17.417047080205457
2.6954018620262046 1.6582105662799709 2.067711999703881 459.0546631641761
2.7662410160909827 1.6583162085694414 1.643848196527778 12.554507444961146
3.0214074941002727 1.6584696537492545 2.2925856371280036 70238.70486586892
3.2634822465000997 2.262864488402686 2.114785335979869 60.0679365424074
2.7917082520140366 1.4968486484245547 2.1132921490825565 4019.1380871285132
2.7926637110501473 2.0440352618978817 2.113822005842179 94.25988845713971
2.791816801661935 1.6170041700324165 2.1131569869457785 34.97741050048496
2.7916624421292062 2.173229742859535 2.112882784201227 24.876491588356775
2.310558165291852 1.7934911918416891 2.1136312521467717 236.32155622237923
2.7662667209506897 1.890681819436426 2.1125878641471787 38.570541422963814
3.7591505543760224 2.4727601776963706 2.113274444279311 11.744175891563778
2.803217479193292 1.1953676918789575 2.113151809117551 29.36425909743637
2.8168611951300133 1.7727035037426722 2.1130427558332743 52.20771581880294
