1.3717897641263384 0.30115655208101794 1.6496565175106617 9.728578004960912
3.5122442237640725 2.4248599302479006 1.4826882746825927 13.35153207331732
3.661841928267641 0.24609215485566913 1.6178340295102223 9.708650373362225
0.15158759386659248 2.629886812838297 0.28781968459274104 357.716447260572
0.3771223946632255 0.9183845419579832 2.3267826396233464 5295.212451762415
4.998238556593389 2.2999095268406444 0.07299040564731096 17.474633516702223
2.102770410324258 0.3581404902848712 0.9413110546018558 16.74143194227553
1.3429397625251482 1.596155650207393 1.352235239085397 13.81286072599936
2.3959435101937636 1.4029381720441751 1.642228719304458 10.476974712938754
2.338998475096139 1.0657083943634353 0.8423741209484439 9.318578357597941
2.625807186609776 1.2097164828974971 1.5309552953009584 9.787758184987672
0.9760340046153216 1.3375800716108086 1.4604711263613674 11.34218697634571
2.025284551905389 1.1966367075818376 1.5120479919625067 10.964477582136084
2.3110800755161667 1.2475396571646702 1.5119344852410241 10.017976904798417
2.2221262142768645 1.2496521486751568 1.5119145726603387 10.272734409426075
2.8366597397726085 0.7963907982851963 1.5119258150095216 10.927705294006927
2.356132944500884 1.2015453276956043 1.5119489163965438 11.335358014974872
2.4094576798867604 1.3937729860655506 1.5119103704689763 9.52138908491401
1.5026505449809755 1.0460572859218027 1.5119743341808223 16.666704232171575
2.0291602441421626 0.8356570964799294 1.5119853030121304 24.89822770144837
3.00767147053628 1.1665668685687731 1.5119925231027829 9.803640340265144
2.32799296083948 1.1781226640803208 1.5119931972870615 9.58319022539379
2.328822813365557 1.1780694267176075 1.5119884347839496 10.574291229621318
2.177332098430496 1.4528326030817487 1.511985719065298 10.99016694360227
2.3553359279352177 1.696660596810337 1.5119738125299416 9.760979372162055
2.319886358899557 1.2202190180241332 1.5119602186640675 12.22189257492716
2.322487986956115 1.2209086741118782 1.5119500425867778 12.606605796638663
2.3227220349622346 1.22078295768713 1.5119288633669838 10.029839810539277
2.322900936522821 1.2206716274723677 1.5119092448082276 10.587634387043428
2.5776542237490303 1.8623232201511368 1.511891592098474 9.907497910879542
1.936431635696607 1.3420582442029876 1.511863212571908 10.558084113201835
1.869857348424313 1.3354658867007272 1.511838718030664 10.64543327014584
1.3344313913256873 0.8613550825753012 1.5118188664253347 10.965366540774763
2.2647443306594806 1.2396755377355702 1.5117904730801213 12.313239736684952
2.265083369291058 1.2387652876411346 1.5117641758935385 12.467996743289689
2.168916678887933 1.158675983133179 1.5117378127098071 10.987137113128776
1.7061961431727517 1.2718169332120404 1.5117051706883888 9.199509607769675
2.2428266775334835 1.237174893907365 1.5116779247426835 9.850404138860352
2.2439249063577438 1.2370591693400046 1.511640241549829 10.750927731927575
2.2461637471401366 1.2080426126131234 1.5116065861359436 13.179894680767644
