1.5432101095746624 0.6221216147630841 0.9186239017155349 10.338519413620746
4.947798136356435 0.6042993865406461 0.2939042206341976 10.79384678907483
3.5205514002436673 0.5206634405882591 2.579145796069466 9.85638471143254
0.03418911124357291 1.3886258159503138 2.1230058184878717 416.6837669790557
2.613227537535707 1.6735658577271244 0.5121687196429254 9.384570754480634
2.7467189065843023 2.338532639297638 1.5287252489551062 10.022096640122768
2.01783080053125 0.6520239011210283 1.616263790462477 10.388094878381043
2.0157251921817 2.7526650749994066 2.820692525350463 10.434841962038252
2.48545248308185 0.2175607021858075 1.2702210014483994 9.82738961208496
3.9572436307825556 2.240958128184191 1.1578083986670802 9.585987031484615
3.0383928821113195 1.0115885395236266 2.8975052340790226 9.84812860495788
2.8648156448413302 1.2877233853824117 2.011620819227571 10.33237590665982
2.8903122626450957 1.6325930540147433 1.795173904846251 9.402939999788785
2.908840224112465 0.9936052356377955 1.3588601026009106 9.860455400241689
2.9223916433010424 1.4202375525795268 1.4843388963592086 10.030626147321316
2.9325440533324136 1.283102445064002 1.1356668548458169 9.21108528522507
2.9451761666932916 1.2420136952020102 1.4833705841854252 9.780375305022618
2.9507563584919767 0.7485472456010334 1.3422042656013384 11.237996864449336
2.952910239401147 1.6121617847753187 1.736082687878724 9.698684071438745
2.9537435210368868 1.4125422946667827 1.9507182195722603 9.935513965897663
2.951485327297004 1.4618035961361484 1.4136969336660434 10.275790878054192
2.9451747250097013 1.562475402026517 1.8313966594099234 10.215279857788536
2.9340100192140186 1.4866917788728355 1.1208965025598439 9.356729190390373
2.9186279196823395 0.9926282886880954 0.8528795942643936 9.628967057210208
2.896796295748086 1.0281343208897091 1.3722998045204686 9.888680591733046
2.8693369162489586 0.7261608470041688 1.77173533765142 9.550639079568985
2.8421493144690735 0.7177216091165942 2.3575925744691117 10.2108942337075
2.8154640717691772 1.3253560098910793 0.715056935981639 9.208200946068873
2.7931486243679684 0.3790210261557942 1.4963909101787594 10.692112712681842
2.77144891003445 2.2437364482009787 1.560747104842176 10.493360190020914
2.75120772976695 0.04103839068118577 0.5904323375903255 10.777160464495779
2.7316180665550216 2.962623449473176 2.622493552236918 9.715349573576603
2.7136329206325276 1.0973360814537763 2.3458205842945916 9.85071986237654
2.696411077810861 2.4884769047946245 1.240080497774478 9.44180145139071
2.6798100944525545 1.2376601397158868 1.154004569828385 9.45276822846504
2.6634627423059896 1.2223746844994974 1.704180374722182 9.838406781556948
2.646820471615233 1.2709453377104467 1.655157924667179 10.921796603920033
2.628717433947943 1.7780152892845968 0.7029691907600728 9.420401706986615
2.610056092184527 1.0964077643836774 0.6481309325788087 9.684595406640124
2.5901491459343995 1.399030084160532 0.9623818697692847 9.187578336817916
