10.399680784601003
0.9828069897972441
310.83651889835375
0.40861556433565555
0.3091645465649888
0.1897293936010977
0.10814241303337548
0.29197513383162815
10.199076792537237
0.8120722487406542
326.2446887969339
0.21076298911395516
0.6254356908661636
0.3178976908623375
0.18050796548547765
0.2543988786361565
5.744585161123503
1.0063802324912983
295.2499149262721
0.3171720023952359
0.5278260862192995
0.28221703482251725
0.03824304902441254
0.22068086826159228
10.551710169439724
0.8011815305343021
314.47490110477713
0.4069876604207433
0.5497343837589257
0.5957770201748763
0.24723932082581146
0.3247108749611353
6.048986607834321
0.8960922952712526
212.4730593723866
0.2614561776077697
0.36162402025387713
0.4192831685531214
0.30322857069875253
0.14828782061609083
7.199948377304958
1.0361234296176396
353.1364411013387
0.3439779593575803
0.6480296648473886
0.333253217616386
0.3430299685752139
0.16094400532204148
30.911980484790124
0.3899078894807466
244.29549997717632
0.4806414487707804
0.48250589013653666
0.378851528880553
0.27439201552045533
0.2489075928779236
4.717250615223481
0.8245995501874677
364.90703716326743
0.49109528938009495
0.5196890601702149
0.41791294227667974
0.03708827106945675
0.2713045248392153
10.498606334881185
0.8912134514559995
276.4977393909443
0.6126106865965548
0.30103610006928583
0.3362163654842441
0.2974036740881144
0.09747495438331955
15.556992185543598
1.0075885550003263
290.0949048659259
0.4219494293493886
0.600612936147946
0.24550114826462452
0.206993637647429
0.16381773748420814
4.804854946182079
1.1365862861243745
287.74087911103646
0.4902520173878333
0.49878195155427685
0.2787141859138531
0.3189993301029456
0.1798011134407587
7.4661307323995985
1.1585222335106033
238.92968928998764
0.3484318003882032
0.36063838227317135
0.21984477081974818
0.08719625945465675
0.31028641193701423
4.945355445425943
0.8906052162004315
240.3239572176694
0.5261800203869849
0.3464665940585837
0.375566952813345
0.2182233144986363
0.23454140082930594
17.840641643200073
1.0860967071038297
303.0014572210381
0.27451174529824995
0.5414676961144426
0.3523960172040607
0.05966927544016626
0.22551487974548873
10.31286394092257
0.995865967196109
321.6186409646186
0.4818119436038833
0.6606890022788966
0.3774805047892016
0.22488212666441437
0.15832236551504292
11.198645122014732
0.7668957544667784
272.04286351717707
0.43927065079101213
0.4647781577699172
0.2846616364173141
51.243926152772694
0.19222700837222695
33.34499369247487
1.1276761313445358
267.4826312664555
0.2215565370290913
0.5892941340117678
0.2801635055975561
0.21264950741810568
0.23467801845357217
7.621495853962168
1.2694511161661055
336.77530344207855
0.3653282409140379
0.6800256770786584
0.36311845121233083
0.13231628023042075
0.2441737006644414
6.589603582423049
0.84799477214198
310.6663365953547
0.4077889258069339
0.6079869322432235
0.38502748656347496
0.13618020978608225
0.19076535839754977
5.192241675209025
0.8682494360306333
310.19377901677825
0.34472137692676774
0.4844314725722515
0.36559451101489066
0.2853558884745492
0.22812111815994285
7.500439884571983
1.2381852413407133
278.43635575496245
0.2786178045477733
0.5369966612313252
0.3449558194945413
0.08765814574478178
0.09732394606379043
4.959874536995092
0.9452005565740433
311.4421205384505
0.4818757202625532
0.3724064735979384
0.6073203652605572
0.15074794824645993
0.18749310285920504
36.63629779560391
0.8369303575478696
325.13399166913007
0.3307916158155877
0.5647413908461242
0.3170650155128051
0.09046596153406473
0.12465837863473368
6.272075351406947
0.8592398527349288
360.75811697629587
0.37264684933988934
0.4388061773430489
0.6287655814713152
0.26622914119465774
0.2065574920991494
5.339312539379867
0.6948956488542437
382.47466346053517
0.2782680234280373
0.5526376028725899
0.24787548483836702
0.23776140631472242
0.17353176475517845
7.885927719307075
1.1105471263198103
330.98137579890476
0.3230411341960282
0.6129452878885029
0.23195298862292688
0.24655779005815498
0.2432260167968395
20.315271772806746
0.9313756012774091
305.19991304315397
0.4259278233625772
0.5929745921412046
0.36586733227149115
0.054916262855104064
0.2911339566126425
7.160516074344988
1.0481450370072174
299.6537571366058
0.6808479197547567
1.1052068821325045
0.6050541788110966
0.1452794249570038
0.13529001324630646
4.843292944686202
0.669970509971997
402.074885765531
0.36423515893596775
0.5638655273880238
0.2735772298706292
0.1815572168103965
0.18183870727028079
12.64577886364235
0.5332592647550196
353.98063746627275
0.2598012418468879
0.4951434426846953
0.24964299176309274
0.11314401073268088
0.1883255845328693
