10.214926267023621
0.8131035831001111
287.9200423730145
0.2783448750690418
0.6671504945856693
0.3059893464031659
186.0422277062377
0.10680089012909944
442.7221196258753
2.1194195633882225
272.75762854439813
0.5269687747904166
0.3742877016554279
0.6295363464371946
0.40013265983179214
0.5735761355846458
13.386699133096297
0.3188028755446334
330.14782095317196
0.25345032581784216
0.49999538869989746
0.2163973296251248
0.20827781447825888
0.19382687977727586
53.47926602062107
1.0920671621464475
300.15190382322976
0.14818667116904707
0.6417758662263833
0.4687496572120943
0.5568238787516454
0.15906440792433132
14.306230057122283
0.825281200149559
412.3173277888359
0.6163157900437783
0.7753661388689749
0.5433859927775428
0.08216387830184779
0.09356395504349024
4.693574467456979
1.0787361786934473
437.5158094499635
0.41778278986375844
0.6112193152528258
0.595880429615327
0.4928950007199914
0.2540590443314511
349.42263857470004
0.9439376090336483
363.7465415939839
0.09440435779259045
0.8312464529012806
0.6450491258492584
0.19721806318483234
0.2941454003046954
36.64360512261379
1.3395187255616094
431.2868247848636
0.5368769542819061
0.30383687544083937
0.5708665620925705
0.313319336426904
0.2762889442698277
12.909157946796517
0.5650924895844653
379.0513482451461
0.2859376448952272
0.26815930340715305
0.4705952691497241
0.06512796163615284
0.18500486285518636
11.412562979211092
1.1407762175457414
264.03507175381924
0.8078292665270211
0.4077202778737919
0.631181376059512
36.4804620011369
0.4398830950665908
37.236723295556146
1.1389634795539618
279.24467038331994
0.6046160197586351
0.3442552582825964
0.6310215049989737
0.28399253684622366
0.3323812390945404
314.5030941972688
0.8310108010636913
292.7245623195077
0.5804909490401335
0.37107440972213934
0.5153002081948599
0.4506312210371684
0.4510133193343118
179.85516488930668
0.6101051987565446
501.3042143752885
0.43455981468079163
0.4726862724486997
0.24756845183801843
0.2970841231175396
0.48599206400030326
4.383192120619443
0.6707488638683452
269.4572940752573
0.5348767563639629
0.4194603074516703
0.7682989894689722
0.4233467003606205
0.27375576515741296
5.19766341819607
1.7314355086806485
363.50260044639185
0.35862027280235437
0.8700073321361922
0.3006162178235815
0.336554849287837
0.25410791416406353
245.70891285914317
2.010316602586641
450.2090199253842
0.3498229267070429
0.6875719755478096
1.0842736716615242
0.37012629376413286
0.3091718191132308
15.59654386242432
0.847584975847038
236.67536226102226
0.4987273038868358
1.2921591255289786
0.3537607954535236
0.6904739830801433
0.283326428606251
4.6513337167450715
0.7376583152178947
332.18077149171745
0.25133571201712784
0.6183568508495088
0.38432047472395026
0.34307051414233347
0.6470262556755675
39.07221515104706
1.1799133181068422
333.3695766644503
1.4744529002843398
0.31538160586474123
0.3477407055376902
33.82198987848089
0.159251963713543
208.8667413221804
0.8692558609920352
276.98899971638065
0.37831989048191883
0.36233222872935966
0.3533102279808314
0.37901543919275704
0.45331608350796415
7.994293097234796
1.11773774145319
195.96451331612886
0.8357665662512764
0.42814809923781233
0.43016562708319356
19.671363131332534
0.3905565039788868
6.302336301870561
0.7268985557836813
400.4134516144749
0.6495893265088651
1.131055391466838
0.20368683949352828
54.67279920398821
0.25678112990141405
17.352177229679224
1.175244259367871
287.6955412488481
0.4356977014570227
0.4997736064579037
0.7414968921290348
134.06914964471062
0.4306773705446012
201.22904709829402
1.2047436511198408
340.9927284492141
0.6346136579353658
0.30894339661232323
0.5872458224211942
31.141935056156612
0.41755695125153325
210.21344716650447
0.8768990546120192
244.79454293097402
0.7952517068303767
0.5517050896949813
0.10637513600775658
0.6658016975130292
0.08951290537976461
86.23426737766573
1.1480749547192142
387.1642087110883
0.4896653447624415
0.4422119356466122
0.37184828884458987
0.2050180538201265
0.6676388598678371
307.92090323821304
0.4982691968778845
264.6911840479791
1.5832553947719843
0.4589736767268151
0.31612439312797974
8.292372664331545
0.2254211334011626
7.548672527808811
1.2436459481664048
324.3691541541881
0.482494229415494
0.8465372984862416
0.2866766735321762
48.508103546995365
0.3330924684873619
191.1556002630857
0.9592935999414525
379.1785366747296
0.6142696672451928
1.0401870712227814
0.46877837274376355
3.140920435202541
0.29629550353715095
13.176088040707723
0.9795945266096354
308.48312511714306
0.4279440155293857
0.706935609401991
0.14914111065650654
20.040061789327773
0.45802016658851374
