hook bball 2 0.09 0.1 -1 -1 0.07569393588602405 0.19663098592512374 -1 -1
hook bball 2 0.09 0.1 -1 -1 0.0723875479482348 0.19769685088756625 -1 -1
hook bball 2 0.09 0.1 -1 -1 0.07313700178819178 0.20245763100275552 -1 -1
hook bball 2 0.09 0.1 -1 -1 0.0771713366590131 0.1971376784892899 -1 -1
hook bball 2 0.09 0.1 -1 -1 0.0745331706468966 0.1966554750289237 -1 -1
hook bball 2 0.09 0.1 -1 -1 0.06930071104347278 0.20092343417793398 -1 -1
hook bball 2 0.09 0.1 -1 -1 0.07556793420406079 0.20124730132637936 -1 -1
hook bball 2 0.09 0.1 -1 -1 0.07426149644905698 0.1966592950677733 -1 -1
hook bball 2 0.09 0.1 -1 -1 0.07519873420348278 0.20148810094286626 -1 -1
hook bball 2 0.09 0.1 -1 -1 0.06947386976182106 0.1965268579481875 -1 -1
hook bball 2 0.09 0.1 -1 -1 0.06994027775201096 0.19608671967044958 -1 -1
hook bball 2 0.09 0.1 -1 -1 0.07364791253468995 0.20246245801811938 -1 -1
hook bball 2 0.09 0.1 -1 -1 0.07462971838970138 0.1965708818430376 -1 -1
hook bball 2 0.09 0.1 -1 -1 0.0757081212377983 0.19799968519927577 -1 -1
hook bball 2 0.09 0.1 -1 -1 0.06915426692593361 0.19596996749564263 -1 -1
hook bball 2 0.09 0.1 -1 -1 0.06794567381311455 0.19496724095190204 -1 -1
hook bball 2 0.09 0.1 -1 -1 0.07371494056498012 0.1963902836197669 -1 -1
hook bball 2 0.09 0.1 -1 -1 0.07575537997725992 0.19826845662144993 -1 -1
hook bball 2 0.09 0.1 -1 -1 0.0758214711164189 0.20059141773264808 -1 -1
hook bball 2 0.09 0.1 -1 -1 0.07263924471082879 0.20195123072796045 -1 -1
hook bball 2 0.09 0.1 -1 -1 0.0686002483207504 0.19637652359962895 -1 -1
hook bball 2 0.09 0.1 -1 -1 0.0700296497479677 0.19558290288602784 -1 -1
hook bball 2 0.09 0.1 -1 -1 0.08284589851966333 0.20647149868286635 -1 -1
hook bball 2 0.09 0.1 -1 -1 0.07486848909536856 0.1965752939103636 -1 -1
hook bball 2 0.09 0.1 -1 -1 0.06874277877014945 0.19693354007295932 -1 -1
hook bball 2 0.09 0.1 -1 -1 0.07132807672731681 0.19587278986850812 -1 -1
hook bball 2 0.09 0.1 -1 -1 0.0716705047069665 0.20213529254723037 -1 -1
hook bball 2 0.09 0.1 -1 -1 0.07663286579883304 0.2012231811042124 -1 -1
hook bball 2 0.09 0.1 -1 -1 0.06838054359100719 0.19534509111382542 -1 -1
hook bball 2 0.09 0.1 -1 -1 0.07598678013583383 0.19841243847708737 -1 -1
hook bball 2 0.09 0.1 -1 -1 0.07074142068631231 0.19632884540520912 -1 -1
hook bball 2 0.09 0.1 -1 -1 0.07471618499914133 0.19766743470936005 -1 -1
hook bball 2 0.09 0.1 -1 -1 0.07330671187759373 0.19769076165616048 -1 -1
hook bball 2 0.09 0.1 -1 -1 0.07620071761102759 0.20115649903492822 -1 -1
hook bball 2 0.09 0.1 -1 -1 0.07354691099423565 0.2001152267868849 -1 -1
hook bball 2 0.09 0.1 -1 -1 0.07588450711487307 0.20227958296153375 -1 -1
hook bball 2 0.09 0.1 -1 -1 0.08101657618710952 0.19803126140436364 -1 -1
hook bball 2 0.09 0.1 -1 -1 0.06781310461495305 0.19680622259737568 -1 -1
hook bball 2 0.09 0.1 -1 -1 0.07202140847013452 0.19721525624032693 -1 -1
hook bball 2 0.09 0.1 -1 -1 0.06876921988817374 0.20049224168663557 -1 -1
hook bball 2 0.09 0.1 -1 -1 0.076871802501602 0.20261461020212976 -1 -1
hook bball 2 0.09 0.1 -1 -1 0.06917749881865079 0.20287265999002865 -1 -1
hook bball 2 0.09 0.1 -1 -1 0.07143017940406626 0.2022067923012514 -1 -1
hook bball 2 0.09 0.1 -1 -1 0.07259562073537056 0.2037068942398322 -1 -1
hook bball 2 0.09 0.1 -1 -1 0.07280749342612731 0.20543727571360015 -1 -1
hook bball 2 0.09 0.1 -1 -1 0.06813165867205158 0.19511799653118464 -1 -1
hook bball 2 0.09 0.1 -1 -1 0.07468946324499956 0.2012297876184402 -1 -1
hook bball 2 0.09 0.1 -1 -1 0.07615041073943972 0.19705495488776814 -1 -1
hook bball 2 0.09 0.1 -1 -1 0.07431151507053387 0.19660063075457734 -1 -1
hook bball 2 0.09 0.1 -1 -1 0.06818117568244775 0.20230719664699495 -1 -1
hook bball 2 0.09 0.1 -1 -1 0.07411089392326628 0.20113622801729872 -1 -1
hook bball 2 0.09 0.1 -1 -1 0.07603145770062315 0.19706734312085125 -1 -1
hook bball 2 0.09 0.1 -1 -1 0.07268607936462775 0.2047167652368433 -1 -1
hook bball 2 0.09 0.1 -1 -1 0.0763010784429721 0.20158032378460253 -1 -1
hook bball 2 0.09 0.1 -1 -1 0.07095076624639618 0.19588523375646694 -1 -1
hook bball 2 0.09 0.1 -1 -1 0.0727514102093156 0.19704313094639173 -1 -1
hook bball 2 0.09 0.1 -1 -1 0.07288703076201818 0.19670849554479825 -1 -1
hook bball 2 0.09 0.1 -1 -1 0.07836019501928816 0.2007997153442771 -1 -1
hook bball 2 0.09 0.1 -1 -1 0.072079309844928 0.2008460292170714 -1 -1
hook bball 2 0.09 0.1 -1 -1 0.07289490560956416 0.20119614665058555 -1 -1
hook bball 2 0.09 0.1 -1 -1 0.07524330775979714 0.19823175549326782 -1 -1
hook bball 2 0.09 0.1 -1 -1 0.06993331081578488 0.19682517293017351 -1 -1
hook bball 2 0.09 0.1 -1 -1 0.07027474307260032 0.19662332365827317 -1 -1
hook bball 2 0.09 0.1 -1 -1 0.07119176323109641 0.19734158335122987 -1 -1
hook bball 2 0.09 0.1 -1 -1 0.07554013994163604 0.1966987166337865 -1 -1
hook bball 2 0.09 0.1 -1 -1 0.07893163890052785 0.20080033585674337 -1 -1
hook bball 2 0.09 0.1 -1 -1 0.07301504526579504 0.20112214165820333 -1 -1
hook bball 2 0.09 0.1 -1 -1 0.06614606825857051 0.19459262676594766 -1 -1
hook bball 2 0.09 0.1 -1 -1 0.0734673882457878 0.19752033758194396 -1 -1
hook bball 2 0.09 0.1 -1 -1 0.06959060952675021 0.19633888491305315 -1 -1
hook bball 2 0.09 0.1 -1 -1 0.07490525818242419 0.19725502217787458 -1 -1
hook bball 2 0.09 0.1 -1 -1 0.07033175294423802 0.1963991934778933 -1 -1
hook bball 2 0.09 0.1 -1 -1 0.0743126787221595 0.20066394070288568 -1 -1
hook bball 2 0.09 0.1 -1 -1 0.06830086206609196 0.19515147072545608 -1 -1
hook bball 2 0.09 0.1 -1 -1 0.07105573354797026 0.19612780961077636 -1 -1
hook bball 2 0.09 0.1 -1 -1 0.07145615028466741 0.1959546673669018 -1 -1
hook bball 2 0.09 0.1 -1 -1 0.07243754900865296 0.20256055121276992 -1 -1
hook bball 2 0.09 0.1 -1 -1 0.07104641157263686 0.20125414551759488 -1 -1
hook bball 2 0.09 0.1 -1 -1 0.07588454541632796 0.20142143576265817 -1 -1
hook bball 2 0.09 0.1 -1 -1 0.07636394253062027 0.19694146843588953 -1 -1
hook bball 2 0.09 0.1 -1 -1 0.0700802366127931 0.19558206883628695 -1 -1
hook bball 2 0.09 0.1 -1 -1 0.07434009989965246 0.1968441235442083 -1 -1
hook bball 2 0.09 0.1 -1 -1 0.0698777289769022 0.19540468993147048 -1 -1
hook bball 2 0.09 0.1 -1 -1 0.07235998169985075 0.1960474962021564 -1 -1
hook bball 2 0.09 0.1 -1 -1 0.07414489687532243 0.20024925965938992 -1 -1
hook bball 2 0.09 0.1 -1 -1 0.07865538985153932 0.19825761549984808 -1 -1
hook bball 2 0.09 0.1 -1 -1 0.06846670735876587 0.19581683076652737 -1 -1
hook bball 2 0.09 0.1 -1 -1 0.07377834570511392 0.1964057759998198 -1 -1
hook bball 2 0.09 0.1 -1 -1 0.06633539484022975 0.19605760208136347 -1 -1
hook bball 2 0.09 0.1 -1 -1 0.0706146145862382 0.20049726996865627 -1 -1
hook bball 2 0.09 0.1 -1 -1 0.07807998060138778 0.20473538330649774 -1 -1
hook bball 2 0.09 0.1 -1 -1 0.06831568454077251 0.20244136855081607 -1 -1
hook bball 2 0.09 0.1 -1 -1 0.07294626510814943 0.1969602956716063 -1 -1
hook bball 2 0.09 0.1 -1 -1 0.07540536231236195 0.19684626853234644 -1 -1
hook bball 2 0.09 0.1 -1 -1 0.07591511505251812 0.20543514357759654 -1 -1
hook bball 2 0.09 0.1 -1 -1 0.08112027646817542 0.1987738678374518 -1 -1
hook bball 2 0.09 0.1 -1 -1 0.07285658807013569 0.20069196552229782 -1 -1
hook bball 2 0.09 0.1 -1 -1 0.06986224325516137 0.1981850233686176 -1 -1
hook bball 2 0.09 0.1 -1 -1 0.07690397321424992 0.2015924865718134 -1 -1
hook bball 2 0.09 0.1 -1 -1 0.07837863127660384 0.20132853191457536 -1 -1
