rake bball 2 0.02 0.14 -1 -1 0.012825340498527852 0.2504784071643205 -1 -1
rake bball 2 0.02 0.14 -1 -1 0.01724194869186479 0.2510289533441489 -1 -1
rake bball 2 0.02 0.14 -1 -1 0.002087134688325062 0.24585199520928191 -1 -1
rake bball 2 0.02 0.14 -1 -1 0.016586297705840157 0.25767683473174324 -1 -1
rake bball 2 0.02 0.14 -1 -1 0.015302195726813217 0.25082430548221896 -1 -1
rake bball 2 0.02 0.14 -1 -1 0.01396605148564761 0.2582684077316471 -1 -1
rake bball 2 0.02 0.14 -1 -1 0.022672441459959763 0.2510797505433266 -1 -1
rake bball 2 0.02 0.14 -1 -1 0.00789492050917125 0.24883772471865773 -1 -1
rake bball 2 0.02 0.14 -1 -1 0.019838730127154758 0.2511129363882697 -1 -1
rake bball 2 0.02 0.14 -1 -1 0.02044263831062137 0.25688332540443054 -1 -1
rake bball 2 0.02 0.14 -1 -1 0.017613074191123335 0.25092837973052384 -1 -1
rake bball 2 0.02 0.14 -1 -1 -0.00040442373429046453 0.24548035384193112 -1 -1
rake bball 2 0.02 0.14 -1 -1 0.014017582688267931 0.25062835830480323 -1 -1
rake bball 2 0.02 0.14 -1 -1 0.011535878705670542 0.25011773497683887 -1 -1
rake bball 2 0.02 0.14 -1 -1 0.020723689258950607 0.25462269733081677 -1 -1
rake bball 2 0.02 0.14 -1 -1 -0.004058953556786076 0.24029858629182968 -1 -1
rake bball 2 0.02 0.14 -1 -1 0.01239590296296075 0.25035366054099206 -1 -1
rake bball 2 0.02 0.14 -1 -1 0.00678173579106865 0.2485124070590166 -1 -1
rake bball 2 0.02 0.14 -1 -1 0.00927821008634589 0.255887109268841 -1 -1
rake bball 2 0.02 0.14 -1 -1 0.014100856559031753 0.2534862472250019 -1 -1
rake bball 2 0.02 0.14 -1 -1 0.014083045661788354 0.250563920169131 -1 -1
rake bball 2 0.02 0.14 -1 -1 0.018666858772446084 0.2510961575670834 -1 -1
rake bball 2 0.02 0.14 -1 -1 0.018155612142904832 0.25105788964622555 -1 -1
rake bball 2 0.02 0.14 -1 -1 0.011514361791669977 0.25249283938528316 -1 -1
rake bball 2 0.02 0.14 -1 -1 0.015500945431459343 0.2506987925534183 -1 -1
rake bball 2 0.02 0.14 -1 -1 0.017063038582792983 0.251008162137411 -1 -1
rake bball 2 0.02 0.14 -1 -1 0.013063146483163115 0.25043852353175466 -1 -1
rake bball 2 0.02 0.14 -1 -1 0.022168460673616837 0.25098688929968294 -1 -1
rake bball 2 0.02 0.14 -1 -1 0.020952704329924875 0.25480872970122953 -1 -1
rake bball 2 0.02 0.14 -1 -1 0.019718142250796968 0.2578017454524189 -1 -1
rake bball 2 0.02 0.14 -1 -1 0.0022182972394745493 0.2457627954007961 -1 -1
rake bball 2 0.02 0.14 -1 -1 0.018882098663043523 0.25572937218747227 -1 -1
rake bball 2 0.02 0.14 -1 -1 0.012228473959294881 0.2501893920474088 -1 -1
rake bball 2 0.02 0.14 -1 -1 0.02025410946256113 0.25108407567624963 -1 -1
rake bball 2 0.02 0.14 -1 -1 0.01944243023929591 0.25106698590465376 -1 -1
rake bball 2 0.02 0.14 -1 -1 0.016686414263661378 0.250832265883836 -1 -1
rake bball 2 0.02 0.14 -1 -1 0.016574697024240508 0.2544874867690377 -1 -1
rake bball 2 0.02 0.14 -1 -1 0.020325453948124707 0.25770397857429367 -1 -1
rake bball 2 0.02 0.14 -1 -1 0.005596477498602595 0.24787767233138744 -1 -1
rake bball 2 0.02 0.14 -1 -1 0.0202914115951625 0.25111614432616 -1 -1
rake bball 2 0.02 0.14 -1 -1 0.01730363870982126 0.2548708878207539 -1 -1
rake bball 2 0.02 0.14 -1 -1 0.01312696132643463 0.25401058683385197 -1 -1
rake bball 2 0.02 0.14 -1 -1 0.016240295622284476 0.2508816724601404 -1 -1
rake bball 2 0.02 0.14 -1 -1 0.014588847448509043 0.25378305892144215 -1 -1
rake bball 2 0.02 0.14 -1 -1 0.011226750063668248 0.24997331360092095 -1 -1
rake bball 2 0.02 0.14 -1 -1 0.022342350869236586 0.25777095956191254 -1 -1
rake bball 2 0.02 0.14 -1 -1 0.019471506713866583 0.2510652428209214 -1 -1
rake bball 2 0.02 0.14 -1 -1 0.012928178551966416 0.25922981718741445 -1 -1
rake bball 2 0.02 0.14 -1 -1 0.019682335957398576 0.2510295462027116 -1 -1
rake bball 2 0.02 0.14 -1 -1 0.004016214687335919 0.24704560584426988 -1 -1
rake bball 2 0.02 0.14 -1 -1 0.0039772294782525665 0.2469303015008604 -1 -1
rake bball 2 0.02 0.14 -1 -1 0.029805513371060976 0.25904956278803354 -1 -1
rake bball 2 0.02 0.14 -1 -1 0.019599403285687364 0.25634183195984583 -1 -1
rake bball 2 0.02 0.14 -1 -1 0.014146029911137366 0.2549469319368862 -1 -1
rake bball 2 0.02 0.14 -1 -1 0.01699401905051104 0.25097697143571795 -1 -1
rake bball 2 0.02 0.14 -1 -1 0.018009960542198285 0.25116013646376734 -1 -1
rake bball 2 0.02 0.14 -1 -1 0.02216072698902504 0.2512443518810826 -1 -1
rake bball 2 0.02 0.14 -1 -1 0.01681780922275497 0.25604104603346317 -1 -1
rake bball 2 0.02 0.14 -1 -1 0.0055009720207611105 0.2527222981468651 -1 -1
rake bball 2 0.02 0.14 -1 -1 0.019108476764787427 0.25563024159890363 -1 -1
rake bball 2 0.02 0.14 -1 -1 0.016074163620960154 0.2509080963870731 -1 -1
rake bball 2 0.02 0.14 -1 -1 0.012065896789500541 0.2540741494706837 -1 -1
rake bball 2 0.02 0.14 -1 -1 0.021357836262973245 0.2580030277700498 -1 -1
rake bball 2 0.02 0.14 -1 -1 0.02375745766108183 0.256580633586016 -1 -1
rake bball 2 0.02 0.14 -1 -1 0.017514719150004972 0.2559565976199861 -1 -1
rake bball 2 0.02 0.14 -1 -1 0.023085330763629928 0.2512480591038387 -1 -1
rake bball 2 0.02 0.14 -1 -1 0.0015854258624393455 0.2454920175263043 -1 -1
rake bball 2 0.02 0.14 -1 -1 0.020940164333105835 0.256319430285776 -1 -1
rake bball 2 0.02 0.14 -1 -1 0.005429116366083666 0.24969496916178435 -1 -1
rake bball 2 0.02 0.14 -1 -1 0.006613354568647395 0.2531546555646848 -1 -1
rake bball 2 0.02 0.14 -1 -1 0.016412181470001383 0.2508644650925402 -1 -1
rake bball 2 0.02 0.14 -1 -1 0.019423761882428597 0.2512971378102963 -1 -1
rake bball 2 0.02 0.14 -1 -1 0.01977497205607068 0.2586735982925332 -1 -1
rake bball 2 0.02 0.14 -1 -1 0.021566703532121943 0.25110406863049467 -1 -1
rake bball 2 0.02 0.14 -1 -1 0.007881322486438948 0.25995717941900576 -1 -1
rake bball 2 0.02 0.14 -1 -1 0.018489805019016557 0.257499207295543 -1 -1
rake bball 2 0.02 0.14 -1 -1 0.017724154176647904 0.2574587179423701 -1 -1
rake bball 2 0.02 0.14 -1 -1 0.016928573166437127 0.25097472670183657 -1 -1
rake bball 2 0.02 0.14 -1 -1 0.015227999968225344 0.25743695363273283 -1 -1
rake bball 2 0.02 0.14 -1 -1 0.001564737976517545 0.24550463847388312 -1 -1
rake bball 2 0.02 0.14 -1 -1 0.017702866771809957 0.2562986268607117 -1 -1
rake bball 2 0.02 0.14 -1 -1 0.01632029164988458 0.2585250593850513 -1 -1
rake bball 2 0.02 0.14 -1 -1 0.012327962002491526 0.2503299767170907 -1 -1
rake bball 2 0.02 0.14 -1 -1 0.014882971681155507 0.2506921655288471 -1 -1
rake bball 2 0.02 0.14 -1 -1 0.019296829944731874 0.2510667855916626 -1 -1
rake bball 2 0.02 0.14 -1 -1 0.01873934745190074 0.257731578333556 -1 -1
rake bball 2 0.02 0.14 -1 -1 0.016158264395176373 0.2563121604984152 -1 -1
rake bball 2 0.02 0.14 -1 -1 0.014865511818701964 0.26167832426713744 -1 -1
rake bball 2 0.02 0.14 -1 -1 0.020181375841984962 0.25115114475003114 -1 -1
rake bball 2 0.02 0.14 -1 -1 -0.0010763777709386357 0.24559442960203007 -1 -1
rake bball 2 0.02 0.14 -1 -1 0.019074308060291437 0.25888703596095364 -1 -1
rake bball 2 0.02 0.14 -1 -1 0.01535488427131755 0.2545154638713884 -1 -1
rake bball 2 0.02 0.14 -1 -1 0.020912121284154997 0.2539963454168033 -1 -1
rake bball 2 0.02 0.14 -1 -1 0.008982704736879036 0.2493506376691654 -1 -1
rake bball 2 0.02 0.14 -1 -1 0.004910589294319892 0.24762721118095551 -1 -1
rake bball 2 0.02 0.14 -1 -1 0.008869540661398698 0.26142441789738313 -1 -1
rake bball 2 0.02 0.14 -1 -1 0.01695775220662976 0.2576943453001097 -1 -1
rake bball 2 0.02 0.14 -1 -1 0.021513758883855715 0.25821004615713544 -1 -1
rake bball 2 0.02 0.14 -1 -1 0.013162116554059473 0.25351129494391966 -1 -1
rake bball 2 0.02 0.14 -1 -1 0.0061835986908126426 0.24822675440109532 -1 -1
