rake ylego 3 0.055 0.025 -1 -1 0.1547785356535902 0.026477708184186655 -1 -1
rake ylego 3 0.055 0.025 -1 -1 0.1665053700824141 -0.008432132099315603 -1 -1
rake ylego 3 0.055 0.025 -1 -1 0.16772136687486 -0.007255704689698405 -1 -1
rake ylego 3 0.055 0.025 -1 -1 0.1675460831407066 -0.020779496659474133 -1 -1
rake ylego 3 0.055 0.025 -1 -1 0.16754637042366372 -0.0212837169490139 -1 -1
rake ylego 3 0.055 0.025 -1 -1 0.16678629024956926 -0.007291687283819293 -1 -1
rake ylego 3 0.055 0.025 -1 -1 0.1732266333305345 0.02918112224495729 -1 -1
rake ylego 3 0.055 0.025 -1 -1 0.16904235852934396 0.018915974801736003 -1 -1
rake ylego 3 0.055 0.025 -1 -1 0.16830272836493954 0.05021213632982322 -1 -1
rake ylego 3 0.055 0.025 -1 -1 0.16631258428197654 0.016611668696621947 -1 -1
rake ylego 3 0.055 0.025 -1 -1 0.15826606225196943 0.055508538683321895 -1 -1
rake ylego 3 0.055 0.025 -1 -1 0.16761522237022247 -0.02274022343832648 -1 -1
rake ylego 3 0.055 0.025 -1 -1 0.15861723789754562 0.052958493949483265 -1 -1
rake ylego 3 0.055 0.025 -1 -1 0.16632040394959088 0.016707311541862956 -1 -1
rake ylego 3 0.055 0.025 -1 -1 0.16748032274690366 -0.021382111157977494 -1 -1
rake ylego 3 0.055 0.025 -1 -1 0.16646041560680014 0.015795785206151547 -1 -1
rake ylego 3 0.055 0.025 -1 -1 0.1581961133183941 0.05638037669863721 -1 -1
rake ylego 3 0.055 0.025 -1 -1 0.15426667514015696 0.027221309674353038 -1 -1
rake ylego 3 0.055 0.025 -1 -1 0.1683188836167074 0.05034105721289258 -1 -1
rake ylego 3 0.055 0.025 -1 -1 0.15829099501812136 0.0577608824196087 -1 -1
rake ylego 3 0.055 0.025 -1 -1 0.16758262275506675 -0.0213013902983614 -1 -1
rake ylego 3 0.055 0.025 -1 -1 0.17229193014436756 0.03025381970202597 -1 -1
rake ylego 3 0.055 0.025 -1 -1 0.1667087371271972 -0.00762091654778939 -1 -1
rake ylego 3 0.055 0.025 -1 -1 0.16679841822151295 -0.007021939718847398 -1 -1
rake ylego 3 0.055 0.025 -1 -1 0.15834976177836346 0.05288021632817506 -1 -1
rake ylego 3 0.055 0.025 -1 -1 0.1582316805133101 0.0586999017206075 -1 -1
rake ylego 3 0.055 0.025 -1 -1 0.15822940763467291 0.05583696379375068 -1 -1
rake ylego 3 0.055 0.025 -1 -1 0.15811929272159303 0.05565278345097987 -1 -1
rake ylego 3 0.055 0.025 -1 -1 0.16681204853025283 -0.006914359087083055 -1 -1
rake ylego 3 0.055 0.025 -1 -1 0.16681008614738535 -0.007016921220212469 -1 -1
rake ylego 3 0.055 0.025 -1 -1 0.16916995700512907 0.016836676603263174 -1 -1
rake ylego 3 0.055 0.025 -1 -1 0.16638489824419045 0.016265513635477385 -1 -1
rake ylego 3 0.055 0.025 -1 -1 0.16683644325980104 -0.006935588587708612 -1 -1
rake ylego 3 0.055 0.025 -1 -1 0.16915328864631266 0.016684451157370446 -1 -1
rake ylego 3 0.055 0.025 -1 -1 0.1668614457921314 -0.006751725630813239 -1 -1
rake ylego 3 0.055 0.025 -1 -1 0.16566252803842674 0.01852980442306471 -1 -1
rake ylego 3 0.055 0.025 -1 -1 0.1582709391430936 0.05636456577842386 -1 -1
rake ylego 3 0.055 0.025 -1 -1 0.15483330382102634 0.02638671141059869 -1 -1
rake ylego 3 0.055 0.025 -1 -1 0.1684838182197669 0.04951635861137285 -1 -1
rake ylego 3 0.055 0.025 -1 -1 0.16764244532411224 -0.02267448387995392 -1 -1
rake ylego 3 0.055 0.025 -1 -1 0.15891485666680435 0.05323268280561198 -1 -1
rake ylego 3 0.055 0.025 -1 -1 0.1542165432978608 0.027182966512812476 -1 -1
rake ylego 3 0.055 0.025 -1 -1 0.15443545707381923 0.02706461852101159 -1 -1
rake ylego 3 0.055 0.025 -1 -1 0.16754417650890474 -0.021332766553568475 -1 -1
rake ylego 3 0.055 0.025 -1 -1 0.15482559234281926 0.026397037832373703 -1 -1
rake ylego 3 0.055 0.025 -1 -1 0.16678887785364496 -0.007198361582465951 -1 -1
rake ylego 3 0.055 0.025 -1 -1 0.166813159786006 -0.006923368859182639 -1 -1
rake ylego 3 0.055 0.025 -1 -1 0.16682934655175877 -0.007010775564531657 -1 -1
rake ylego 3 0.055 0.025 -1 -1 0.16758622670706164 -0.02074925968966596 -1 -1
rake ylego 3 0.055 0.025 -1 -1 0.15897019889629527 0.05280020341305372 -1 -1
rake ylego 3 0.055 0.025 -1 -1 0.16838131625788558 0.0499004147230036 -1 -1
rake ylego 3 0.055 0.025 -1 -1 0.1668860722346263 -0.006569658631165226 -1 -1
rake ylego 3 0.055 0.025 -1 -1 0.16668887421842396 -0.007617804777731825 -1 -1
rake ylego 3 0.055 0.025 -1 -1 0.16046802802861507 0.05108921561988901 -1 -1
rake ylego 3 0.055 0.025 -1 -1 0.1682738118044089 0.050346636014319344 -1 -1
rake ylego 3 0.055 0.025 -1 -1 0.17119414084816467 0.010399562741742276 -1 -1
rake ylego 3 0.055 0.025 -1 -1 0.1668760231715367 -0.0064661585969469715 -1 -1
rake ylego 3 0.055 0.025 -1 -1 0.16685696950667306 -0.006658155892638988 -1 -1
rake ylego 3 0.055 0.025 -1 -1 0.1582265459779579 0.05662999120173428 -1 -1
rake ylego 3 0.055 0.025 -1 -1 0.16676919884120844 -0.007351711199361907 -1 -1
