rake ylego 3 0.055 0.025 -1 -1 0.15602871402685625 0.025109565166170054 -1 -1 0 0 -1.5707963267948966 
rake ylego 3 0.055 0.025 -1 -1 0.15635149279521252 0.009176258910184117 -1 -1 0 0 -1.0471975511965976 
rake ylego 3 0.055 0.025 -1 -1 0.1558963596598334 0.02681846730117793 -1 -1 0 0 -0.7853981633974483 
rake ylego 3 0.055 0.025 -1 -1 0.1559921076515586 0.026176076814785624 -1 -1 0 0 -0.5235987755982988 
rake ylego 3 0.055 0.025 -1 -1 0.156069368883399 0.025704455553688693 -1 -1 0 0 -0.2617993877991494 
rake ylego 3 0.055 0.025 -1 -1 0.15609150527302154 0.025958034892176112 -1 -1 0 0 -0.08726646259971647 
rake ylego 3 0.055 0.025 -1 -1 0.15592498757057235 0.025960567658502683 -1 -1 0 0 0 
rake ylego 3 0.055 0.025 -1 -1 0.15580610632012637 0.02693538800513606 -1 -1 0 0 0.08726646259971647 
rake ylego 3 0.055 0.025 -1 -1 0.1558908374299639 0.02713627927062703 -1 -1 0 0 0.2617993877991494 
rake ylego 3 0.055 0.025 -1 -1 0.1558850828801209 0.02586171671083113 -1 -1 0 0 0.5235987755982988 
rake ylego 3 0.055 0.025 -1 -1 0.15593212567483786 0.026241005364039612 -1 -1 0 0 0.7853981633974483 
rake ylego 3 0.055 0.025 -1 -1 0.15588459881616312 0.02446607475184173 -1 -1 0 0 1.0471975511965976 
rake ylego 3 0.055 0.025 -1 -1 0.15588265535551582 0.024488421747198244 -1 -1 0 0 1.5707963267948966 
