rake ylego 3 0.055 0.025 -1 -1 0.1561779337592499 0.027559181460655863 -1 -1
rake ylego 3 0.055 0.025 -1 -1 0.15615935132654213 0.02591279730858949 -1 -1
rake ylego 3 0.055 0.025 -1 -1 0.1560834972053378 0.02579327209765375 -1 -1
rake ylego 3 0.055 0.025 -1 -1 0.15591111237650532 0.028802915744638353 -1 -1
rake ylego 3 0.055 0.025 -1 -1 0.15593932236692012 0.02256073659563173 -1 -1
rake ylego 3 0.055 0.025 -1 -1 0.15598026291299158 0.02555911719239721 -1 -1
rake ylego 3 0.055 0.025 -1 -1 0.18098869640407092 0.02395856475746803 -1 -1
rake ylego 3 0.055 0.025 -1 -1 0.15595839769900852 0.02385970521566699 -1 -1
rake ylego 3 0.055 0.025 -1 -1 0.15592616830454775 0.028883640580490037 -1 -1
rake ylego 3 0.055 0.025 -1 -1 0.15588806229311925 0.025725937582944013 -1 -1
rake ylego 3 0.055 0.025 -1 -1 0.15609233570567466 0.023519516297131258 -1 -1
rake ylego 3 0.055 0.025 -1 -1 0.15650171189073955 0.008316243229346005 -1 -1
rake ylego 3 0.055 0.025 -1 -1 0.1570052443999015 0.030329790664339235 -1 -1
rake ylego 3 0.055 0.025 -1 -1 0.1561373999568423 0.02469617508717687 -1 -1
rake ylego 3 0.055 0.025 -1 -1 0.15589419583948952 0.028566398272051013 -1 -1
rake ylego 3 0.055 0.025 -1 -1 0.1560748297749873 0.023941890489701523 -1 -1
rake ylego 3 0.055 0.025 -1 -1 0.1559284601793031 0.025542254752470187 -1 -1
rake ylego 3 0.055 0.025 -1 -1 0.15827888112266753 0.017339118394377573 -1 -1
rake ylego 3 0.055 0.025 -1 -1 0.1576709001145141 0.028550315411059998 -1 -1
rake ylego 3 0.055 0.025 -1 -1 0.15590099750897535 0.027817203722249047 -1 -1
rake ylego 3 0.055 0.025 -1 -1 0.1558956254439497 0.029127551505370313 -1 -1
rake ylego 3 0.055 0.025 -1 -1 0.15603782574916492 0.022557254418552282 -1 -1
rake ylego 3 0.055 0.025 -1 -1 0.15589944856543256 0.024653537750438045 -1 -1
rake ylego 3 0.055 0.025 -1 -1 0.15612799200396324 0.028503901955217764 -1 -1
rake ylego 3 0.055 0.025 -1 -1 0.1562002280633226 0.028027508593154882 -1 -1
rake ylego 3 0.055 0.025 -1 -1 0.1579355356968917 0.004449278006125998 -1 -1
rake ylego 3 0.055 0.025 -1 -1 0.1558253510122211 0.025440216448199316 -1 -1
rake ylego 3 0.055 0.025 -1 -1 0.15591210605305778 0.028663625993346126 -1 -1
rake ylego 3 0.055 0.025 -1 -1 0.15591697489363512 0.02779501867478561 -1 -1
rake ylego 3 0.055 0.025 -1 -1 0.15591655453721415 0.027954115263163288 -1 -1
rake ylego 3 0.055 0.025 -1 -1 0.15594076245528463 0.028467841093915765 -1 -1
rake ylego 3 0.055 0.025 -1 -1 0.1560358054023631 0.025447261562123347 -1 -1
rake ylego 3 0.055 0.025 -1 -1 0.1562620759294825 0.0282769128201547 -1 -1
rake ylego 3 0.055 0.025 -1 -1 0.15613011439678817 0.02640655742263443 -1 -1
rake ylego 3 0.055 0.025 -1 -1 0.155898744687063 0.02809832255422846 -1 -1
rake ylego 3 0.055 0.025 -1 -1 0.15683367197335954 0.005294173721166139 -1 -1
rake ylego 3 0.055 0.025 -1 -1 0.15620226961051437 0.02497122919656768 -1 -1
rake ylego 3 0.055 0.025 -1 -1 0.1567714725311574 0.025681102383894497 -1 -1
rake ylego 3 0.055 0.025 -1 -1 0.16172627735225198 0.022139443840773963 -1 -1
rake ylego 3 0.055 0.025 -1 -1 0.15629169667496542 0.0241959415763459 -1 -1
