rake ylego 3 0.055 0.025 -1 -1 0.15995767255822124 0.00930750025161352 -1 -1
rake ylego 3 0.055 0.025 -1 -1 0.17976928006725676 0.010591950405322483 -1 -1
rake ylego 3 0.055 0.025 -1 -1 0.17488944950309432 0.043738923293533336 -1 -1
rake ylego 3 0.055 0.025 -1 -1 0.16162720813105066 0.026917798041469623 -1 -1
rake ylego 3 0.055 0.025 -1 -1 0.1606037268953571 0.048385056574786464 -1 -1
rake ylego 3 0.055 0.025 -1 -1 0.16521913020526718 -0.007047542147567956 -1 -1
rake ylego 3 0.055 0.025 -1 -1 0.172837959609971 0.014671885314065172 -1 -1
rake ylego 3 0.055 0.025 -1 -1 0.15581108998554072 -0.004670895743876654 -1 -1
rake ylego 3 0.055 0.025 -1 -1 0.16509319761089283 0.018485179110816458 -1 -1
rake ylego 3 0.055 0.025 -1 -1 0.1739441252417304 0.002580584238817198 -1 -1
rake ylego 3 0.055 0.025 -1 -1 0.16338090802008903 0.03986872870123492 -1 -1
rake ylego 3 0.055 0.025 -1 -1 0.1996793212791228 0.03236549519902365 -1 -1
rake ylego 3 0.055 0.025 -1 -1 0.15758930923319184 -0.0011109090998710207 -1 -1
rake ylego 3 0.055 0.025 -1 -1 0.16489891878682061 0.019960593508973085 -1 -1
rake ylego 3 0.055 0.025 -1 -1 0.1639900804179124 0.02132095720639242 -1 -1
rake ylego 3 0.055 0.025 -1 -1 0.17049120226789816 0.03244222338706874 -1 -1
rake ylego 3 0.055 0.025 -1 -1 0.16129253490786663 0.01940594632477619 -1 -1
rake ylego 3 0.055 0.025 -1 -1 0.1680568842269208 0.01773080264811351 -1 -1
rake ylego 3 0.055 0.025 -1 -1 0.18329989060380986 -0.017612434937404005 -1 -1
rake ylego 3 0.055 0.025 -1 -1 0.1635312531370129 0.01934663021077452 -1 -1
rake ylego 3 0.055 0.025 -1 -1 0.15626805324274115 0.070328947561111 -1 -1
rake ylego 3 0.055 0.025 -1 -1 0.156303036557662 0.027905235227517915 -1 -1
rake ylego 3 0.055 0.025 -1 -1 0.16296315433110317 0.028360613845433858 -1 -1
rake ylego 3 0.055 0.025 -1 -1 0.1626247536864641 -0.01629212198565043 -1 -1
rake ylego 3 0.055 0.025 -1 -1 0.15966927031745995 0.09920548143410204 -1 -1
rake ylego 3 0.055 0.025 -1 -1 0.16361559908116913 0.022796311414257107 -1 -1
rake ylego 3 0.055 0.025 -1 -1 0.1679852263425455 0.012475875743795 -1 -1
rake ylego 3 0.055 0.025 -1 -1 0.15950295084631627 0.0258341440902605 -1 -1
rake ylego 3 0.055 0.025 -1 -1 0.1600755391603472 0.01171945368822136 -1 -1
rake ylego 3 0.055 0.025 -1 -1 0.18866978950357122 0.03400706878596853 -1 -1
rake ylego 3 0.055 0.025 -1 -1 0.15622539108299943 0.04987516668843851 -1 -1
rake ylego 3 0.055 0.025 -1 -1 0.1517575625908891 0.010474514627987132 -1 -1
rake ylego 3 0.055 0.025 -1 -1 0.15806481951224524 0.04246444655235847 -1 -1
rake ylego 3 0.055 0.025 -1 -1 0.1568345133629783 0.02948226666776271 -1 -1
rake ylego 3 0.055 0.025 -1 -1 0.17297943514406472 -0.03599016929122019 -1 -1
rake ylego 3 0.055 0.025 -1 -1 0.16288318525346446 0.04557086824042574 -1 -1
rake ylego 3 0.055 0.025 -1 -1 0.16361348629537528 0.039608659222617776 -1 -1
rake ylego 3 0.055 0.025 -1 -1 0.1621658530451423 0.022316374226143118 -1 -1
rake ylego 3 0.055 0.025 -1 -1 0.166300783800194 0.025861001981655137 -1 -1
rake ylego 3 0.055 0.025 -1 -1 0.16354529518898245 0.03315729715208079 -1 -1
