rake ylego 3 0.055 0.025 -1 -1 0.1664180245992132 0.029875396735597526 -1 -1 0 -1.5707963267948966 0 
rake ylego 3 0.055 0.025 -1 -1 0.1636142956927483 0.02646298090035022 -1 -1 0 -1.0471975511965976 0 
rake ylego 3 0.055 0.025 -1 -1 0.15596452028417868 0.024001044620428597 -1 -1 0 -0.7853981633974483 0 
rake ylego 3 0.055 0.025 -1 -1 0.15677758790494756 0.025299532720867376 -1 -1 0 -0.5235987755982988 0 
rake ylego 3 0.055 0.025 -1 -1 0.15580089695705035 0.02045129388167995 -1 -1 0 -0.2617993877991494 0 
rake ylego 3 0.055 0.025 -1 -1 0.15583481549553377 0.027085303198618328 -1 -1 0 -0.08726646259971647 0 
rake ylego 3 0.055 0.025 -1 -1 0.1556714809027314 0.025659727736837674 -1 -1 0 0 0 
rake ylego 3 0.055 0.025 -1 -1 0.16233889105030194 0.02796242988072296 -1 -1 0 0.08726646259971647 0 
rake ylego 3 0.055 0.025 -1 -1 0.16882056370457363 0.022194337879904453 -1 -1 0 0.2617993877991494 0 
rake ylego 3 0.055 0.025 -1 -1 0.0976658431480807 0.02583054191862666 -1 -1 0 0.5235987755982988 0 
rake ylego 3 0.055 0.025 -1 -1 0.160433058534218 0.03969075024179367 -1 -1 0 0.7853981633974483 0 
rake ylego 3 0.055 0.025 -1 -1 0.07481613082851359 0.038690723663544535 -1 -1 0 1.0471975511965976 0 
rake ylego 3 0.055 0.025 -1 -1 0.17338137867456485 0.025199287477923812 -1 -1 0 1.5707963267948966 0 
