rake ylego 3 0.055 0.025 -1 -1 0.15599876674970684 0.025660152991665967 -1 -1 0 -1.5707963267948966 0 
rake ylego 3 0.055 0.025 -1 -1 0.15593608579417692 0.026576899469094768 -1 -1 0 -1.0471975511965976 0 
rake ylego 3 0.055 0.025 -1 -1 0.1558214066210378 0.02595072286986553 -1 -1 0 -0.7853981633974483 0 
rake ylego 3 0.055 0.025 -1 -1 0.15595303656694665 0.02681318559879096 -1 -1 0 -0.5235987755982988 0 
rake ylego 3 0.055 0.025 -1 -1 0.15595343654762026 0.027478845191594953 -1 -1 0 -0.2617993877991494 0 
rake ylego 3 0.055 0.025 -1 -1 0.15581110390977698 0.02679202617921808 -1 -1 0 -0.08726646259971647 0 
rake ylego 3 0.055 0.025 -1 -1 0.15592498757057235 0.025960567658502683 -1 -1 0 0 0 
rake ylego 3 0.055 0.025 -1 -1 0.15581785028417963 0.026091170227558542 -1 -1 0 0.08726646259971647 0 
rake ylego 3 0.055 0.025 -1 -1 0.1592952205385069 0.026721763943673434 -1 -1 0 0.2617993877991494 0 
rake ylego 3 0.055 0.025 -1 -1 0.15908640812578756 0.026674141196371844 -1 -1 0 0.5235987755982988 0 
rake ylego 3 0.055 0.025 -1 -1 0.15932199803997923 0.026860647554583145 -1 -1 0 0.7853981633974483 0 
rake ylego 3 0.055 0.025 -1 -1 0.15922855807303465 0.027148375743822627 -1 -1 0 1.0471975511965976 0 
rake ylego 3 0.055 0.025 -1 -1 0.15908721174995932 0.026946749036810387 -1 -1 0 1.5707963267948966 0 
