rake ylego 3 0.055 0.025 -1 -1 0.1560649906897465 0.020500616768458345 -1 -1 0 0 -1.5707963267948966 
rake ylego 3 0.055 0.025 -1 -1 0.15587549106527107 0.024063666331195128 -1 -1 0 0 -1.0471975511965976 
rake ylego 3 0.055 0.025 -1 -1 0.17111773657083926 0.025693724594895894 -1 -1 0 0 -0.7853981633974483 
rake ylego 3 0.055 0.025 -1 -1 0.15629019311564638 0.02494723825412442 -1 -1 0 0 -0.5235987755982988 
rake ylego 3 0.055 0.025 -1 -1 0.15587517519269853 0.026508069344749634 -1 -1 0 0 -0.2617993877991494 
rake ylego 3 0.055 0.025 -1 -1 0.16193548297983476 0.03352774127068947 -1 -1 0 0 -0.08726646259971647 
rake ylego 3 0.055 0.025 -1 -1 0.1556714809027314 0.025659727736837674 -1 -1 0 0 0 
rake ylego 3 0.055 0.025 -1 -1 0.15780693448905525 0.02084296861312534 -1 -1 0 0 0.08726646259971647 
rake ylego 3 0.055 0.025 -1 -1 0.1559861427349812 0.02465858455245764 -1 -1 0 0 0.2617993877991494 
rake ylego 3 0.055 0.025 -1 -1 0.15721847656085902 0.0315754953710284 -1 -1 0 0 0.5235987755982988 
rake ylego 3 0.055 0.025 -1 -1 0.15798893162500177 0.027001034489318378 -1 -1 0 0 0.7853981633974483 
rake ylego 3 0.055 0.025 -1 -1 0.15587903478270912 0.02194902710042313 -1 -1 0 0 1.0471975511965976 
rake ylego 3 0.055 0.025 -1 -1 0.15589445000895283 0.025159811243123404 -1 -1 0 0 1.5707963267948966 
