rake ylego 3 0.055 0.025 -1 -1 0.16563664846480883 -0.019323173853650618 -1 -1
rake ylego 3 0.055 0.025 -1 -1 0.183542310686676 0.02024873524781649 -1 -1
rake ylego 3 0.055 0.025 -1 -1 0.1626353148367381 0.039960613439470896 -1 -1
rake ylego 3 0.055 0.025 -1 -1 0.15710100573793573 0.02484865843770736 -1 -1
rake ylego 3 0.055 0.025 -1 -1 0.16087995251068166 0.03726292156279441 -1 -1
rake ylego 3 0.055 0.025 -1 -1 0.1577540892673563 0.03232890430882049 -1 -1
rake ylego 3 0.055 0.025 -1 -1 0.15601896371612306 0.02741551050268258 -1 -1
rake ylego 3 0.055 0.025 -1 -1 0.16253283168607505 0.028998097344987667 -1 -1
rake ylego 3 0.055 0.025 -1 -1 0.1747426938328116 0.0025598279019506875 -1 -1
rake ylego 3 0.055 0.025 -1 -1 0.1643442474165466 0.015764556863650674 -1 -1
rake ylego 3 0.055 0.025 -1 -1 0.15581425216856545 0.032213572381831874 -1 -1
rake ylego 3 0.055 0.025 -1 -1 0.16320637952885333 0.02657636361867423 -1 -1
rake ylego 3 0.055 0.025 -1 -1 0.18723522657799171 0.09535302635672843 -1 -1
rake ylego 3 0.055 0.025 -1 -1 0.15599109316196627 0.023073036071400432 -1 -1
rake ylego 3 0.055 0.025 -1 -1 0.16780273453905178 0.04950183727194785 -1 -1
rake ylego 3 0.055 0.025 -1 -1 0.16726192893196645 0.03706899303470732 -1 -1
rake ylego 3 0.055 0.025 -1 -1 0.15588867357525465 0.029030126934469103 -1 -1
rake ylego 3 0.055 0.025 -1 -1 0.18272994058299954 0.007666616751080862 -1 -1
rake ylego 3 0.055 0.025 -1 -1 0.18301622240928478 0.048464760318807816 -1 -1
rake ylego 3 0.055 0.025 -1 -1 0.17547101901645198 -0.013307623837699801 -1 -1
rake ylego 3 0.055 0.025 -1 -1 0.18501946187053217 0.04285569405691607 -1 -1
rake ylego 3 0.055 0.025 -1 -1 0.16802706575797297 0.015040690494800467 -1 -1
rake ylego 3 0.055 0.025 -1 -1 0.1859223134346579 0.02541920504648041 -1 -1
rake ylego 3 0.055 0.025 -1 -1 0.16332040018333174 0.03767572040011672 -1 -1
rake ylego 3 0.055 0.025 -1 -1 0.16224919515380695 0.03177485887783426 -1 -1
rake ylego 3 0.055 0.025 -1 -1 0.16109316067836335 0.027093856746888745 -1 -1
rake ylego 3 0.055 0.025 -1 -1 0.1752858544881765 0.010163142305420392 -1 -1
rake ylego 3 0.055 0.025 -1 -1 0.17305072890561657 0.0048454941306218 -1 -1
rake ylego 3 0.055 0.025 -1 -1 0.17029692429832444 0.01653768007756684 -1 -1
rake ylego 3 0.055 0.025 -1 -1 0.1660606039887208 0.023755223721734872 -1 -1
rake ylego 3 0.055 0.025 -1 -1 0.18053169963951007 0.06608596225944692 -1 -1
rake ylego 3 0.055 0.025 -1 -1 0.16520636928273474 0.04409337249521706 -1 -1
rake ylego 3 0.055 0.025 -1 -1 0.18079930902340458 -0.0009957734795267472 -1 -1
rake ylego 3 0.055 0.025 -1 -1 0.16068028250329866 0.051892755381309594 -1 -1
rake ylego 3 0.055 0.025 -1 -1 0.16549244431266563 -0.025753969469845324 -1 -1
rake ylego 3 0.055 0.025 -1 -1 0.16584158783534458 0.0440284597512846 -1 -1
rake ylego 3 0.055 0.025 -1 -1 0.1650135369261696 0.02304443313496229 -1 -1
rake ylego 3 0.055 0.025 -1 -1 0.16609695993194087 0.03684157769247785 -1 -1
rake ylego 3 0.055 0.025 -1 -1 0.17662630046379982 0.030171149802355038 -1 -1
rake ylego 3 0.055 0.025 -1 -1 0.19685657364625497 0.03425104332925007 -1 -1
