rake ylego 3 0.055 0.025 -1 -1 0.16141127888936346 0.022101932655415792 -1 -1 -1.5707963267948966 0 0 
rake ylego 3 0.055 0.025 -1 -1 0.1655731693874749 0.024361523800621114 -1 -1 -1.0471975511965976 0 0 
rake ylego 3 0.055 0.025 -1 -1 0.1644324424072069 0.025913102363212214 -1 -1 -0.7853981633974483 0 0 
rake ylego 3 0.055 0.025 -1 -1 0.1591900961825008 0.027896389016619744 -1 -1 -0.5235987755982988 0 0 
rake ylego 3 0.055 0.025 -1 -1 0.15591155792751096 0.02446077344084657 -1 -1 -0.2617993877991494 0 0 
rake ylego 3 0.055 0.025 -1 -1 0.15591965810443814 0.02699714821944559 -1 -1 -0.08726646259971647 0 0 
rake ylego 3 0.055 0.025 -1 -1 0.15592498757057235 0.025960567658502683 -1 -1 0 0 0 
rake ylego 3 0.055 0.025 -1 -1 0.1559987555505006 0.026043487438968484 -1 -1 0.08726646259971647 0 0 
rake ylego 3 0.055 0.025 -1 -1 0.1559588119370356 0.0263956831120089 -1 -1 0.2617993877991494 0 0 
rake ylego 3 0.055 0.025 -1 -1 0.1590076139614067 0.03351024909775136 -1 -1 0.5235987755982988 0 0 
rake ylego 3 0.055 0.025 -1 -1 0.1593042969057702 0.027793160882783125 -1 -1 0.7853981633974483 0 0 
rake ylego 3 0.055 0.025 -1 -1 0.15907379201252464 0.03020553534939059 -1 -1 1.0471975511965976 0 0 
rake ylego 3 0.055 0.025 -1 -1 0.1593201672202754 0.026262476714604743 -1 -1 1.5707963267948966 0 0 
