rake ylego 3 0.055 0.025 -1 -1 0.1589513340334572 0.04425693345688846 -1 -1
rake ylego 3 0.055 0.025 -1 -1 0.155805005907369 0.027422327936797854 -1 -1
rake ylego 3 0.055 0.025 -1 -1 0.1560723976698685 0.024061416771368523 -1 -1
rake ylego 3 0.055 0.025 -1 -1 0.155827784651643 0.021900786775017816 -1 -1
rake ylego 3 0.055 0.025 -1 -1 0.16405802429439081 0.024986807091661855 -1 -1
rake ylego 3 0.055 0.025 -1 -1 0.09765104110419173 0.005067812674534438 -1 -1
rake ylego 3 0.055 0.025 -1 -1 0.15690454300129195 0.029608017544632784 -1 -1
rake ylego 3 0.055 0.025 -1 -1 0.1563805019016689 0.026878440760512077 -1 -1
rake ylego 3 0.055 0.025 -1 -1 0.15683431288567345 0.025418890023760483 -1 -1
rake ylego 3 0.055 0.025 -1 -1 0.16343919177734945 0.03674579505731388 -1 -1
rake ylego 3 0.055 0.025 -1 -1 0.15696244988485367 0.028455549729631033 -1 -1
rake ylego 3 0.055 0.025 -1 -1 0.16347312920499601 0.024278234976695935 -1 -1
rake ylego 3 0.055 0.025 -1 -1 0.15851549851952496 0.03931684352450632 -1 -1
rake ylego 3 0.055 0.025 -1 -1 0.1593813211946917 0.008700555679628618 -1 -1
rake ylego 3 0.055 0.025 -1 -1 0.15596802220922898 0.01810578899824756 -1 -1
rake ylego 3 0.055 0.025 -1 -1 0.15590734080992547 0.021742238567618456 -1 -1
rake ylego 3 0.055 0.025 -1 -1 0.15599624510775345 0.02444656448215783 -1 -1
rake ylego 3 0.055 0.025 -1 -1 0.16776102698789666 0.024441252411485526 -1 -1
rake ylego 3 0.055 0.025 -1 -1 0.13999296641019218 0.02395304945776653 -1 -1
rake ylego 3 0.055 0.025 -1 -1 0.15654167606060954 0.02590956517202939 -1 -1
rake ylego 3 0.055 0.025 -1 -1 0.1559222002327627 0.02149642846723052 -1 -1
rake ylego 3 0.055 0.025 -1 -1 0.1558782201274017 0.0267230718023605 -1 -1
rake ylego 3 0.055 0.025 -1 -1 0.15784174000055204 0.026871773904822968 -1 -1
rake ylego 3 0.055 0.025 -1 -1 0.15587632369942528 0.03020590259800207 -1 -1
rake ylego 3 0.055 0.025 -1 -1 0.1559265072940992 0.02605025525790191 -1 -1
rake ylego 3 0.055 0.025 -1 -1 0.15751374443320026 0.017048167036708712 -1 -1
rake ylego 3 0.055 0.025 -1 -1 0.15587938270446378 0.027298246051653145 -1 -1
rake ylego 3 0.055 0.025 -1 -1 0.1620186422071825 0.018400419416096547 -1 -1
rake ylego 3 0.055 0.025 -1 -1 0.16171884918012475 0.022362810692111434 -1 -1
rake ylego 3 0.055 0.025 -1 -1 0.1558557404518559 0.025800382622281945 -1 -1
rake ylego 3 0.055 0.025 -1 -1 0.1558937550155747 0.017532408831423745 -1 -1
rake ylego 3 0.055 0.025 -1 -1 0.1566966299496264 0.028616621775074163 -1 -1
rake ylego 3 0.055 0.025 -1 -1 0.1644032721371237 0.02860524836470091 -1 -1
rake ylego 3 0.055 0.025 -1 -1 0.1560115089887499 0.02636541332104757 -1 -1
rake ylego 3 0.055 0.025 -1 -1 0.16529165267699475 0.02155746980877052 -1 -1
rake ylego 3 0.055 0.025 -1 -1 0.15748549174351872 0.022376410056067133 -1 -1
rake ylego 3 0.055 0.025 -1 -1 0.1560593800005688 0.024171403754552498 -1 -1
rake ylego 3 0.055 0.025 -1 -1 0.15953602665995964 0.011473133516641683 -1 -1
rake ylego 3 0.055 0.025 -1 -1 0.15608801101747874 0.029042614959648317 -1 -1
rake ylego 3 0.055 0.025 -1 -1 0.16256922846909191 0.02678635539206466 -1 -1
