rake ylego 3 0.055 0.025 -1 -1 0.1650596362690697 0.033742844804852755 -1 -1 -1.5707963267948966 0 0 
rake ylego 3 0.055 0.025 -1 -1 0.15588084519932296 0.0158794048533002 -1 -1 -1.0471975511965976 0 0 
rake ylego 3 0.055 0.025 -1 -1 0.15712058569055168 0.018160142866244334 -1 -1 -0.7853981633974483 0 0 
rake ylego 3 0.055 0.025 -1 -1 0.1548357326450826 0.026383807850159015 -1 -1 -0.5235987755982988 0 0 
rake ylego 3 0.055 0.025 -1 -1 0.16670849673416482 -0.007550997134755055 -1 -1 -0.2617993877991494 0 0 
rake ylego 3 0.055 0.025 -1 -1 0.16686383219101864 -0.006723002442115909 -1 -1 -0.08726646259971647 0 0 
rake ylego 3 0.055 0.025 -1 -1 0.16826767401049475 0.050368585458258154 -1 -1 0 0 0 
rake ylego 3 0.055 0.025 -1 -1 0.16643950746252087 0.01591689863101144 -1 -1 0.08726646259971647 0 0 
rake ylego 3 0.055 0.025 -1 -1 0.1693254350086557 0.01940369741019498 -1 -1 0.2617993877991494 0 0 
rake ylego 3 0.055 0.025 -1 -1 0.158457979124238 0.052228830650423184 -1 -1 0.5235987755982988 0 0 
rake ylego 3 0.055 0.025 -1 -1 0.1588660650701274 0.04447882364310122 -1 -1 0.7853981633974483 0 0 
rake ylego 3 0.055 0.025 -1 -1 0.142873876027605 0.06137294092927143 -1 -1 1.0471975511965976 0 0 
rake ylego 3 0.055 0.025 -1 -1 0.15113912388735729 0.03881653670244893 -1 -1 1.5707963267948966 0 0 
