rake ylego 3 0.055 0.025 -1 -1 0.1633580980336039 0.025754400892634262 -1 -1
rake ylego 3 0.055 0.025 -1 -1 0.16848497712149174 0.0495784741083866 -1 -1
rake ylego 3 0.055 0.025 -1 -1 0.15822801806902817 0.05788243990595364 -1 -1
rake ylego 3 0.055 0.025 -1 -1 0.16773776925085188 -0.007658971373059322 -1 -1
rake ylego 3 0.055 0.025 -1 -1 0.16842462604735256 0.04989999700224301 -1 -1
rake ylego 3 0.055 0.025 -1 -1 0.15428016996172328 0.027214764156792477 -1 -1
rake ylego 3 0.055 0.025 -1 -1 0.17181613482920025 0.02061730455365608 -1 -1
rake ylego 3 0.055 0.025 -1 -1 0.1582905586860515 0.055319981655155365 -1 -1
rake ylego 3 0.055 0.025 -1 -1 0.1579474431083847 0.05897927116841212 -1 -1
rake ylego 3 0.055 0.025 -1 -1 0.1582821037664211 0.05664931160109724 -1 -1
rake ylego 3 0.055 0.025 -1 -1 0.16753411200666501 -0.02266244332338802 -1 -1
rake ylego 3 0.055 0.025 -1 -1 0.1667074481883808 -0.007644300462486142 -1 -1
rake ylego 3 0.055 0.025 -1 -1 0.16670729369658108 0.014519175767342862 -1 -1
rake ylego 3 0.055 0.025 -1 -1 0.15460220677454695 0.03752129509038973 -1 -1
rake ylego 3 0.055 0.025 -1 -1 0.17186973059432809 0.006925719257186087 -1 -1
rake ylego 3 0.055 0.025 -1 -1 0.16759724587461725 -0.02281931859764509 -1 -1
rake ylego 3 0.055 0.025 -1 -1 0.15834872258803656 0.056699830280424045 -1 -1
rake ylego 3 0.055 0.025 -1 -1 0.15740645637527556 0.05688748339645803 -1 -1
rake ylego 3 0.055 0.025 -1 -1 0.1583880021752288 0.0558914787465993 -1 -1
rake ylego 3 0.055 0.025 -1 -1 0.16680271362852106 -0.007210224395508865 -1 -1
