rake ylego 3 0.055 0.025 -1 -1 0.16676994738986642 -0.007167684313092623 -1 -1
rake ylego 3 0.055 0.025 -1 -1 0.1545382139156111 0.02690583728559516 -1 -1
rake ylego 3 0.055 0.025 -1 -1 0.16679822793941013 -0.007274611759928727 -1 -1
rake ylego 3 0.055 0.025 -1 -1 0.1542769080061597 0.027216455100948393 -1 -1
rake ylego 3 0.055 0.025 -1 -1 0.1667836421248809 0.014076676134572136 -1 -1
rake ylego 3 0.055 0.025 -1 -1 0.16838777144398714 0.04987876371466399 -1 -1
rake ylego 3 0.055 0.025 -1 -1 0.15424934423248252 0.027227048261507656 -1 -1
rake ylego 3 0.055 0.025 -1 -1 0.15478009201406295 0.026474592760724266 -1 -1
rake ylego 3 0.055 0.025 -1 -1 0.16685285087483975 -0.006699344203260628 -1 -1
rake ylego 3 0.055 0.025 -1 -1 0.16650711375292696 -0.008433424133179095 -1 -1
rake ylego 3 0.055 0.025 -1 -1 0.1717672308348782 0.007891161531172553 -1 -1
rake ylego 3 0.055 0.025 -1 -1 0.15447779739516507 0.027001205697842135 -1 -1
rake ylego 3 0.055 0.025 -1 -1 0.15907849967677054 0.028787442040816 -1 -1
rake ylego 3 0.055 0.025 -1 -1 0.16662475958844356 0.014945854753339125 -1 -1
rake ylego 3 0.055 0.025 -1 -1 0.16687672034857995 -0.006351193441064452 -1 -1
rake ylego 3 0.055 0.025 -1 -1 0.1714960087341065 0.021305736962266078 -1 -1
rake ylego 3 0.055 0.025 -1 -1 0.1684842815510662 0.04961134408754745 -1 -1
rake ylego 3 0.055 0.025 -1 -1 0.166972709345184 -0.00011868129268814362 -1 -1
rake ylego 3 0.055 0.025 -1 -1 0.16756344390467612 -0.02137729465642477 -1 -1
rake ylego 3 0.055 0.025 -1 -1 0.1544890050942018 0.026910544868772694 -1 -1
