rake ylego 3 0.055 0.025 -1 -1 0.15609842744302985 0.026615363471677086 -1 -1
rake ylego 3 0.055 0.025 -1 -1 0.14530948703751717 0.003398030350669875 -1 -1
rake ylego 3 0.055 0.025 -1 -1 0.1612146751521716 0.026564655608232908 -1 -1
rake ylego 3 0.055 0.025 -1 -1 0.15662874026794987 0.028902290332680217 -1 -1
rake ylego 3 0.055 0.025 -1 -1 0.1576964661708953 0.02484795528210457 -1 -1
rake ylego 3 0.055 0.025 -1 -1 0.16143740417602834 0.02356184754097738 -1 -1
rake ylego 3 0.055 0.025 -1 -1 0.15649764897429694 0.026216558567618217 -1 -1
rake ylego 3 0.055 0.025 -1 -1 0.15659902775358178 0.026471757847667577 -1 -1
rake ylego 3 0.055 0.025 -1 -1 0.1579903854347504 0.02995539245128629 -1 -1
rake ylego 3 0.055 0.025 -1 -1 0.15612945319654453 0.025118501218961156 -1 -1
rake ylego 3 0.055 0.025 -1 -1 0.16600275432921294 0.024895255249054015 -1 -1
rake ylego 3 0.055 0.025 -1 -1 0.15666547368364217 0.02640038519900971 -1 -1
rake ylego 3 0.055 0.025 -1 -1 0.1631886133369781 0.019487105526408057 -1 -1
rake ylego 3 0.055 0.025 -1 -1 0.16601042484704032 0.025521965016519047 -1 -1
rake ylego 3 0.055 0.025 -1 -1 0.15587207497004602 0.02757321539762416 -1 -1
rake ylego 3 0.055 0.025 -1 -1 0.16263392788504688 0.023715752345048986 -1 -1
rake ylego 3 0.055 0.025 -1 -1 0.1747522983571168 0.057761412958738274 -1 -1
rake ylego 3 0.055 0.025 -1 -1 0.16376371070936105 0.03093503320145845 -1 -1
rake ylego 3 0.055 0.025 -1 -1 0.15772421316758506 0.05532973381450982 -1 -1
rake ylego 3 0.055 0.025 -1 -1 0.1573801438243247 0.024473294337342827 -1 -1
rake ylego 3 0.055 0.025 -1 -1 0.1558379575358878 0.027437649515414258 -1 -1
rake ylego 3 0.055 0.025 -1 -1 0.15624355802828474 0.02600520575049914 -1 -1
rake ylego 3 0.055 0.025 -1 -1 0.15587334671706143 0.028506532053139744 -1 -1
rake ylego 3 0.055 0.025 -1 -1 0.1559875885996382 0.026252775250684694 -1 -1
rake ylego 3 0.055 0.025 -1 -1 0.15646532447113473 0.024708549796867905 -1 -1
rake ylego 3 0.055 0.025 -1 -1 0.16906540101596745 0.020932259166312486 -1 -1
rake ylego 3 0.055 0.025 -1 -1 0.15649312062738302 0.0006913662246671371 -1 -1
rake ylego 3 0.055 0.025 -1 -1 0.1557267198097836 0.027567181433268365 -1 -1
rake ylego 3 0.055 0.025 -1 -1 0.1659544687006791 0.03366887218102112 -1 -1
rake ylego 3 0.055 0.025 -1 -1 0.1855796737912678 0.027504026388725837 -1 -1
rake ylego 3 0.055 0.025 -1 -1 0.15654187563436842 0.02539013656871242 -1 -1
rake ylego 3 0.055 0.025 -1 -1 0.1559125218786733 0.02556635197025422 -1 -1
rake ylego 3 0.055 0.025 -1 -1 0.15589801510748638 0.02620244025002596 -1 -1
rake ylego 3 0.055 0.025 -1 -1 0.1560938252984027 0.025186514663004114 -1 -1
rake ylego 3 0.055 0.025 -1 -1 0.16153912912833182 0.04473890561358503 -1 -1
rake ylego 3 0.055 0.025 -1 -1 0.1658741374461313 -0.012520486465645657 -1 -1
rake ylego 3 0.055 0.025 -1 -1 0.1568439190836984 0.02893140992551987 -1 -1
rake ylego 3 0.055 0.025 -1 -1 0.16589496733247552 0.028486136143865328 -1 -1
rake ylego 3 0.055 0.025 -1 -1 0.15728076059113255 0.029111384788026516 -1 -1
rake ylego 3 0.055 0.025 -1 -1 0.15599377432787023 0.02511233446935668 -1 -1
