rake ylego 3 0.055 0.025 -1 -1 0.15839818621231055 0.052949112981698195 -1 -1
rake ylego 3 0.055 0.025 -1 -1 0.15422183977231654 0.027080350737111687 -1 -1
rake ylego 3 0.055 0.025 -1 -1 0.16957431081752775 0.021919586227827078 -1 -1
rake ylego 3 0.055 0.025 -1 -1 0.16688788077805256 -0.006469887835263856 -1 -1
rake ylego 3 0.055 0.025 -1 -1 0.1666941854293391 -0.00755134926164976 -1 -1
rake ylego 3 0.055 0.025 -1 -1 0.16814235781446346 0.05085290805694128 -1 -1
rake ylego 3 0.055 0.025 -1 -1 0.15464178192986558 0.02672880261091552 -1 -1
rake ylego 3 0.055 0.025 -1 -1 0.1684817848326162 0.049659390514802594 -1 -1
rake ylego 3 0.055 0.025 -1 -1 0.16848310723967408 0.04954689454708001 -1 -1
rake ylego 3 0.055 0.025 -1 -1 0.16699625616364647 0.012372504894245656 -1 -1
rake ylego 3 0.055 0.025 -1 -1 0.16763464976308026 -0.022577832507915126 -1 -1
rake ylego 3 0.055 0.025 -1 -1 0.16673299615489456 -0.007505612951762821 -1 -1
rake ylego 3 0.055 0.025 -1 -1 0.15421654503832824 0.027186010341326835 -1 -1
rake ylego 3 0.055 0.025 -1 -1 0.1545416447634193 0.026900386095273978 -1 -1
rake ylego 3 0.055 0.025 -1 -1 0.17387416584143037 0.03136460475720849 -1 -1
rake ylego 3 0.055 0.025 -1 -1 0.15824619829011838 0.057688812039478635 -1 -1
rake ylego 3 0.055 0.025 -1 -1 0.16681511733815974 -0.006956587906289878 -1 -1
rake ylego 3 0.055 0.025 -1 -1 0.170626296872137 0.02491634811686247 -1 -1
rake ylego 3 0.055 0.025 -1 -1 0.15832829867598913 0.056186298953688325 -1 -1
rake ylego 3 0.055 0.025 -1 -1 0.16679797001385663 -0.00706449959649264 -1 -1
rake ylego 3 0.055 0.025 -1 -1 0.16631639919366215 0.01658382232719067 -1 -1
rake ylego 3 0.055 0.025 -1 -1 0.15825630780718528 0.05562638233348814 -1 -1
rake ylego 3 0.055 0.025 -1 -1 0.16680342714727964 -0.006967538220541279 -1 -1
rake ylego 3 0.055 0.025 -1 -1 0.16670002501520753 -0.007536368840092691 -1 -1
rake ylego 3 0.055 0.025 -1 -1 0.15855395302379358 0.05225790940327262 -1 -1
rake ylego 3 0.055 0.025 -1 -1 0.15828505907687848 0.05830505942750146 -1 -1
rake ylego 3 0.055 0.025 -1 -1 0.16664184561400883 -0.007852206695407421 -1 -1
rake ylego 3 0.055 0.025 -1 -1 0.16848327465927196 0.04956517716655892 -1 -1
rake ylego 3 0.055 0.025 -1 -1 0.15466630215668725 0.0266854996338177 -1 -1
rake ylego 3 0.055 0.025 -1 -1 0.16815945326204862 0.05099174169279068 -1 -1
rake ylego 3 0.055 0.025 -1 -1 0.16674080633418362 -0.007398480623444222 -1 -1
rake ylego 3 0.055 0.025 -1 -1 0.1589659723706054 0.0528737645550646 -1 -1
rake ylego 3 0.055 0.025 -1 -1 0.16630367116787284 0.01601736788974848 -1 -1
rake ylego 3 0.055 0.025 -1 -1 0.16677695957283836 -0.00721778074927552 -1 -1
rake ylego 3 0.055 0.025 -1 -1 0.17299648258214634 0.030222558765953523 -1 -1
rake ylego 3 0.055 0.025 -1 -1 0.16488755814655007 0.021868103241627752 -1 -1
rake ylego 3 0.055 0.025 -1 -1 0.16845164920471178 0.04978698003486711 -1 -1
rake ylego 3 0.055 0.025 -1 -1 0.16848306874096977 0.04959373341549068 -1 -1
rake ylego 3 0.055 0.025 -1 -1 0.1545410550969398 0.02690139058725309 -1 -1
rake ylego 3 0.055 0.025 -1 -1 0.16809796422992412 0.05102164187029279 -1 -1
rake ylego 3 0.055 0.025 -1 -1 0.16275559857530017 0.04596832324535483 -1 -1
rake ylego 3 0.055 0.025 -1 -1 0.154618003183509 0.02677084661118732 -1 -1
rake ylego 3 0.055 0.025 -1 -1 0.15473143412229087 0.026565126404309563 -1 -1
rake ylego 3 0.055 0.025 -1 -1 0.16646874972494277 0.015747302006077036 -1 -1
rake ylego 3 0.055 0.025 -1 -1 0.1613927276759854 0.025061004341772955 -1 -1
rake ylego 3 0.055 0.025 -1 -1 0.16661780638087612 -0.00799412937098375 -1 -1
rake ylego 3 0.055 0.025 -1 -1 0.15302585994615436 0.06470382803242002 -1 -1
rake ylego 3 0.055 0.025 -1 -1 0.15824365435475618 0.055826256065471216 -1 -1
rake ylego 3 0.055 0.025 -1 -1 0.16753037890011474 -0.021257722776548877 -1 -1
rake ylego 3 0.055 0.025 -1 -1 0.16673112817245894 -0.007434636092275327 -1 -1
rake ylego 3 0.055 0.025 -1 -1 0.1667679701613322 -0.007256915026485887 -1 -1
rake ylego 3 0.055 0.025 -1 -1 0.16668505561864583 0.014623111954945638 -1 -1
rake ylego 3 0.055 0.025 -1 -1 0.1683747601063449 0.050110190691915614 -1 -1
rake ylego 3 0.055 0.025 -1 -1 0.1668725843046473 -0.006647032661600857 -1 -1
rake ylego 3 0.055 0.025 -1 -1 0.16645981231781298 0.015568480065048289 -1 -1
rake ylego 3 0.055 0.025 -1 -1 0.16757021135676353 -0.022297866338232917 -1 -1
rake ylego 3 0.055 0.025 -1 -1 0.16772712161868322 -0.007499496443412301 -1 -1
rake ylego 3 0.055 0.025 -1 -1 0.1675532506127071 -0.020968211161528343 -1 -1
rake ylego 3 0.055 0.025 -1 -1 0.16655943688922645 -0.008192126257133347 -1 -1
rake ylego 3 0.055 0.025 -1 -1 0.1627272694520797 0.046198361237748675 -1 -1
