rake ylego 3 0.055 0.025 -1 -1 0.155794081331552 0.023635486309203906 -1 -1
rake ylego 3 0.055 0.025 -1 -1 0.16301412221286865 0.04470101856873324 -1 -1
rake ylego 3 0.055 0.025 -1 -1 0.1559189542710753 0.027478972548286885 -1 -1
rake ylego 3 0.055 0.025 -1 -1 0.15593384677533428 0.02684003599112653 -1 -1
rake ylego 3 0.055 0.025 -1 -1 0.1354030128746224 0.02606339652214124 -1 -1
rake ylego 3 0.055 0.025 -1 -1 0.15669070296162624 0.053071192374573986 -1 -1
rake ylego 3 0.055 0.025 -1 -1 0.15560279357285278 0.015190918044118464 -1 -1
rake ylego 3 0.055 0.025 -1 -1 0.17129818824169443 8.694038395095979e-05 -1 -1
rake ylego 3 0.055 0.025 -1 -1 0.17431132810938116 0.027816284398703588 -1 -1
rake ylego 3 0.055 0.025 -1 -1 0.15598684095178794 0.023864486250484644 -1 -1
rake ylego 3 0.055 0.025 -1 -1 0.1626908648541357 0.03707603660754264 -1 -1
rake ylego 3 0.055 0.025 -1 -1 0.15595821794915343 0.028776722765707308 -1 -1
rake ylego 3 0.055 0.025 -1 -1 0.15586251468415677 0.024942259303871915 -1 -1
rake ylego 3 0.055 0.025 -1 -1 0.1567314284613356 0.024808258414801745 -1 -1
rake ylego 3 0.055 0.025 -1 -1 0.15612251224552948 0.027328050499024256 -1 -1
rake ylego 3 0.055 0.025 -1 -1 0.1558381396459909 0.02590313757543442 -1 -1
rake ylego 3 0.055 0.025 -1 -1 0.15809088724939258 0.026000895573770413 -1 -1
rake ylego 3 0.055 0.025 -1 -1 0.1566617377991459 0.032856662437446574 -1 -1
rake ylego 3 0.055 0.025 -1 -1 0.1784377488919503 0.02785706364808373 -1 -1
rake ylego 3 0.055 0.025 -1 -1 0.15687144787504406 0.026534625111302258 -1 -1
rake ylego 3 0.055 0.025 -1 -1 0.15580987999613144 0.024570872178480706 -1 -1
rake ylego 3 0.055 0.025 -1 -1 0.1559204155956337 0.021824187591068838 -1 -1
rake ylego 3 0.055 0.025 -1 -1 0.15772859993524196 0.02641278553827467 -1 -1
rake ylego 3 0.055 0.025 -1 -1 0.1560582808597199 0.026908433173067032 -1 -1
rake ylego 3 0.055 0.025 -1 -1 0.16328599956985557 0.028887515949150927 -1 -1
rake ylego 3 0.055 0.025 -1 -1 0.15589653479206003 0.024005159682853543 -1 -1
rake ylego 3 0.055 0.025 -1 -1 0.15580996784368525 0.02311355172504079 -1 -1
rake ylego 3 0.055 0.025 -1 -1 0.16215438426335704 0.021026919397380456 -1 -1
rake ylego 3 0.055 0.025 -1 -1 0.15723344245938498 0.01782369543703453 -1 -1
rake ylego 3 0.055 0.025 -1 -1 0.15592597100940025 0.01785218951806907 -1 -1
rake ylego 3 0.055 0.025 -1 -1 0.16927162399733423 0.03245205026160422 -1 -1
rake ylego 3 0.055 0.025 -1 -1 0.15596108825007857 0.026654329807807468 -1 -1
rake ylego 3 0.055 0.025 -1 -1 0.155923507812787 0.029111204428172634 -1 -1
rake ylego 3 0.055 0.025 -1 -1 0.1572085480239453 0.02460015248640472 -1 -1
rake ylego 3 0.055 0.025 -1 -1 0.15822176833430673 0.02285376182140653 -1 -1
rake ylego 3 0.055 0.025 -1 -1 0.15724268837102948 0.01641463957224033 -1 -1
rake ylego 3 0.055 0.025 -1 -1 0.1718902882170965 0.0022695366722956054 -1 -1
rake ylego 3 0.055 0.025 -1 -1 0.15892585789370328 0.02191987956559748 -1 -1
rake ylego 3 0.055 0.025 -1 -1 0.15597120813769558 0.02750408634755989 -1 -1
rake ylego 3 0.055 0.025 -1 -1 0.1555581365237277 0.032888949176666946 -1 -1
