rake ylego 3 0.055 0.025 -1 -1 0.15741505398934474 0.026652274209044542 -1 -1
rake ylego 3 0.055 0.025 -1 -1 0.15709248102400528 0.026976642965705098 -1 -1
rake ylego 3 0.055 0.025 -1 -1 0.1610330751669156 0.04151934650295366 -1 -1
rake ylego 3 0.055 0.025 -1 -1 0.15579544030475995 0.02619850028268406 -1 -1
rake ylego 3 0.055 0.025 -1 -1 0.1562218207192422 0.025835055704385018 -1 -1
rake ylego 3 0.055 0.025 -1 -1 0.16306748185114295 0.030806883419189 -1 -1
rake ylego 3 0.055 0.025 -1 -1 0.1559563415897331 0.02941374648757485 -1 -1
rake ylego 3 0.055 0.025 -1 -1 0.155916512110548 0.02026317056490637 -1 -1
rake ylego 3 0.055 0.025 -1 -1 0.1334758961529498 0.061713570571841826 -1 -1
rake ylego 3 0.055 0.025 -1 -1 0.15579628734989714 0.028547546068509972 -1 -1
rake ylego 3 0.055 0.025 -1 -1 0.165937732736058 0.020538583858515074 -1 -1
rake ylego 3 0.055 0.025 -1 -1 0.1596434310899929 0.03598227690733224 -1 -1
rake ylego 3 0.055 0.025 -1 -1 0.15609864226669531 0.025445538351667366 -1 -1
rake ylego 3 0.055 0.025 -1 -1 0.15600126742761947 0.0255125502588058 -1 -1
rake ylego 3 0.055 0.025 -1 -1 0.15688289663665103 0.02526404511231987 -1 -1
rake ylego 3 0.055 0.025 -1 -1 0.1559065367687536 0.02354473118435006 -1 -1
rake ylego 3 0.055 0.025 -1 -1 0.15951334071488713 0.027655056899618276 -1 -1
rake ylego 3 0.055 0.025 -1 -1 0.15568017643888835 0.02696915595757412 -1 -1
rake ylego 3 0.055 0.025 -1 -1 0.1560488097515682 0.024761717092218097 -1 -1
rake ylego 3 0.055 0.025 -1 -1 0.09388306091715411 0.0279143214941058 -1 -1
rake ylego 3 0.055 0.025 -1 -1 0.1563596867936235 0.023743769855941167 -1 -1
rake ylego 3 0.055 0.025 -1 -1 0.15591850102714305 0.02719198268853316 -1 -1
rake ylego 3 0.055 0.025 -1 -1 0.1555909700357523 0.027560106499922677 -1 -1
rake ylego 3 0.055 0.025 -1 -1 0.15650540671453378 0.026902434526270242 -1 -1
rake ylego 3 0.055 0.025 -1 -1 0.1562851526093785 0.02177261327581243 -1 -1
rake ylego 3 0.055 0.025 -1 -1 0.1580957592238656 0.018811266300442355 -1 -1
rake ylego 3 0.055 0.025 -1 -1 0.15677787360339385 0.020649200336206812 -1 -1
rake ylego 3 0.055 0.025 -1 -1 0.1561017759443702 0.025748700890770967 -1 -1
rake ylego 3 0.055 0.025 -1 -1 0.15658006368840005 0.026968972173211724 -1 -1
rake ylego 3 0.055 0.025 -1 -1 0.1572034757041262 0.02422020363889607 -1 -1
rake ylego 3 0.055 0.025 -1 -1 0.1557071230035791 0.028744187358871034 -1 -1
rake ylego 3 0.055 0.025 -1 -1 0.15555700759978877 0.032044197593475675 -1 -1
rake ylego 3 0.055 0.025 -1 -1 0.15590746631335314 0.0222519411713926 -1 -1
rake ylego 3 0.055 0.025 -1 -1 0.15755298525300804 0.032235325208603394 -1 -1
rake ylego 3 0.055 0.025 -1 -1 0.1579236999784917 0.02719846706756006 -1 -1
rake ylego 3 0.055 0.025 -1 -1 0.15589041372837972 0.026489061167910062 -1 -1
rake ylego 3 0.055 0.025 -1 -1 0.15584181295262306 0.029307443930468767 -1 -1
rake ylego 3 0.055 0.025 -1 -1 0.15558992496765453 0.038987201405576856 -1 -1
rake ylego 3 0.055 0.025 -1 -1 0.156200977781504 0.028391393194330226 -1 -1
rake ylego 3 0.055 0.025 -1 -1 0.15607514682894563 0.014784930265894464 -1 -1
