rake ylego 3 0.055 0.025 -1 -1 0.15585592379105967 0.02466581682428825 -1 -1
rake ylego 3 0.055 0.025 -1 -1 0.15644856059778017 0.029375970153230426 -1 -1
rake ylego 3 0.055 0.025 -1 -1 0.15591589376714787 0.028206344704905358 -1 -1
rake ylego 3 0.055 0.025 -1 -1 0.1753960665254205 0.04083269668255027 -1 -1
rake ylego 3 0.055 0.025 -1 -1 0.15639176741968341 0.025539049453647687 -1 -1
rake ylego 3 0.055 0.025 -1 -1 0.15582303462254926 0.025431828251091186 -1 -1
rake ylego 3 0.055 0.025 -1 -1 0.15837944543604116 0.02693764537746559 -1 -1
rake ylego 3 0.055 0.025 -1 -1 0.15894048783137296 0.029688103097805865 -1 -1
rake ylego 3 0.055 0.025 -1 -1 0.15597082072728452 0.024447714861069354 -1 -1
rake ylego 3 0.055 0.025 -1 -1 0.156397306088462 0.024649195207456273 -1 -1
rake ylego 3 0.055 0.025 -1 -1 0.1559895091629925 0.028444670002190895 -1 -1
rake ylego 3 0.055 0.025 -1 -1 0.1558137963606409 0.025832818007113338 -1 -1
rake ylego 3 0.055 0.025 -1 -1 0.15595448904808315 0.024987449908913977 -1 -1
rake ylego 3 0.055 0.025 -1 -1 0.16537198065017442 0.028878462442922352 -1 -1
rake ylego 3 0.055 0.025 -1 -1 0.1558738950093359 0.026480409046999956 -1 -1
rake ylego 3 0.055 0.025 -1 -1 0.15589761689232454 0.025843969855506795 -1 -1
rake ylego 3 0.055 0.025 -1 -1 0.15580652066924428 0.026553507765789287 -1 -1
rake ylego 3 0.055 0.025 -1 -1 0.15593282345881973 0.022832856789769016 -1 -1
rake ylego 3 0.055 0.025 -1 -1 0.15684700376952965 0.0290338443772904 -1 -1
rake ylego 3 0.055 0.025 -1 -1 0.1559806832644119 0.025498228941202825 -1 -1
rake ylego 3 0.055 0.025 -1 -1 0.16527588790618958 0.01909937286679654 -1 -1
rake ylego 3 0.055 0.025 -1 -1 0.1652821113806826 0.02889414491884779 -1 -1
rake ylego 3 0.055 0.025 -1 -1 0.1564267684674957 0.025981468978126067 -1 -1
rake ylego 3 0.055 0.025 -1 -1 0.15720381431397926 0.02525663370198197 -1 -1
rake ylego 3 0.055 0.025 -1 -1 0.15637020739866675 0.0244916122319263 -1 -1
rake ylego 3 0.055 0.025 -1 -1 0.1559057443756947 0.028425114282136663 -1 -1
rake ylego 3 0.055 0.025 -1 -1 0.15747698924197098 0.024263001239522367 -1 -1
rake ylego 3 0.055 0.025 -1 -1 0.15596369898358736 0.02603714506213571 -1 -1
rake ylego 3 0.055 0.025 -1 -1 0.15616134620526817 0.025097648261135867 -1 -1
rake ylego 3 0.055 0.025 -1 -1 0.15653974850062025 0.007947682150849799 -1 -1
rake ylego 3 0.055 0.025 -1 -1 0.15633187440562757 0.02622612623690353 -1 -1
rake ylego 3 0.055 0.025 -1 -1 0.15608124782126162 0.02488755073416937 -1 -1
rake ylego 3 0.055 0.025 -1 -1 0.15705241082728355 0.030362129295709042 -1 -1
rake ylego 3 0.055 0.025 -1 -1 0.1625181688439824 0.029794857324733474 -1 -1
rake ylego 3 0.055 0.025 -1 -1 0.15943404660324204 0.02997416590560213 -1 -1
rake ylego 3 0.055 0.025 -1 -1 0.1559175491191816 0.027996097186804157 -1 -1
rake ylego 3 0.055 0.025 -1 -1 0.15650372811216037 0.02749734606788404 -1 -1
rake ylego 3 0.055 0.025 -1 -1 0.15592576257714658 0.02746144623075319 -1 -1
rake ylego 3 0.055 0.025 -1 -1 0.15707730490810368 0.025908386414846964 -1 -1
rake ylego 3 0.055 0.025 -1 -1 0.15655528306399352 0.026001798545353602 -1 -1
