rake ylego 3 0.055 0.025 -1 -1 0.16184825216456442 0.02499173965507803 -1 -1
rake ylego 3 0.055 0.025 -1 -1 0.16655535003809832 -0.008189331719386442 -1 -1
rake ylego 3 0.055 0.025 -1 -1 0.15447749355537566 0.027001688103004812 -1 -1
rake ylego 3 0.055 0.025 -1 -1 0.1633440000161782 0.026324894419717724 -1 -1
rake ylego 3 0.055 0.025 -1 -1 0.15438043124914058 0.0271202548000878 -1 -1
rake ylego 3 0.055 0.025 -1 -1 0.16807156509736146 0.051339785621457315 -1 -1
rake ylego 3 0.055 0.025 -1 -1 0.16710800119434577 0.0114021987268843 -1 -1
rake ylego 3 0.055 0.025 -1 -1 0.15836733574136866 0.05637169807785572 -1 -1
rake ylego 3 0.055 0.025 -1 -1 0.15833709026402673 0.055298870382484135 -1 -1
rake ylego 3 0.055 0.025 -1 -1 0.15442305111661514 0.027082571431499364 -1 -1
rake ylego 3 0.055 0.025 -1 -1 0.1548305874989099 0.026389752499439173 -1 -1
rake ylego 3 0.055 0.025 -1 -1 0.16848253602836305 0.04959373005445883 -1 -1
rake ylego 3 0.055 0.025 -1 -1 0.16853521785982056 0.04940425434788408 -1 -1
rake ylego 3 0.055 0.025 -1 -1 0.16659758327861768 -0.008053635567834502 -1 -1
rake ylego 3 0.055 0.025 -1 -1 0.1621879920288442 0.024778144728632958 -1 -1
rake ylego 3 0.055 0.025 -1 -1 0.16632682536853677 0.016661337976799338 -1 -1
rake ylego 3 0.055 0.025 -1 -1 0.16845789708382244 0.04975949145261899 -1 -1
rake ylego 3 0.055 0.025 -1 -1 0.15428895978723833 0.02720848201282828 -1 -1
rake ylego 3 0.055 0.025 -1 -1 0.16848345835234174 0.04952373446427471 -1 -1
rake ylego 3 0.055 0.025 -1 -1 0.15435231221055767 0.027151748055662034 -1 -1
rake ylego 3 0.055 0.025 -1 -1 0.1544731617312792 0.02700820873910287 -1 -1
rake ylego 3 0.055 0.025 -1 -1 0.16679052426887717 -0.007191297013813079 -1 -1
rake ylego 3 0.055 0.025 -1 -1 0.15348625779664188 0.035943830633070856 -1 -1
rake ylego 3 0.055 0.025 -1 -1 0.16684958977789927 -0.006666649367946319 -1 -1
rake ylego 3 0.055 0.025 -1 -1 0.1583491742667306 0.05659721957657489 -1 -1
rake ylego 3 0.055 0.025 -1 -1 0.1685034993269705 0.04955595412562622 -1 -1
rake ylego 3 0.055 0.025 -1 -1 0.1665567947315171 -0.008243708076173183 -1 -1
rake ylego 3 0.055 0.025 -1 -1 0.16139757114758277 0.025055937067784344 -1 -1
rake ylego 3 0.055 0.025 -1 -1 0.16665462301502876 0.014786753776750105 -1 -1
rake ylego 3 0.055 0.025 -1 -1 0.16686102367554603 -0.006724093614769924 -1 -1
rake ylego 3 0.055 0.025 -1 -1 0.16146949222076623 0.02509302589811541 -1 -1
rake ylego 3 0.055 0.025 -1 -1 0.16781270554209254 -0.022271868882066077 -1 -1
rake ylego 3 0.055 0.025 -1 -1 0.15457638314928446 0.026842578369579168 -1 -1
rake ylego 3 0.055 0.025 -1 -1 0.16662133934828274 -0.007931917506875177 -1 -1
rake ylego 3 0.055 0.025 -1 -1 0.15831889010630912 0.05493826481066038 -1 -1
rake ylego 3 0.055 0.025 -1 -1 0.16760270648028472 -0.021475965592137162 -1 -1
rake ylego 3 0.055 0.025 -1 -1 0.15461161441292803 0.02678204104024393 -1 -1
rake ylego 3 0.055 0.025 -1 -1 0.1545084152426225 0.02695346887009484 -1 -1
rake ylego 3 0.055 0.025 -1 -1 0.17177169930966826 0.008262691344038042 -1 -1
rake ylego 3 0.055 0.025 -1 -1 0.1668311881744032 -0.00694614814173532 -1 -1
