rake ylego 3 0.055 0.025 -1 -1 0.15592498757057235 0.025960567658502683 -1 -1 0 0 0 
rake ylego 3 0.055 0.025 -1 -1 0.15580610632012637 0.02693538800513606 -1 -1 0 0 0.08726646259971647 
rake ylego 3 0.055 0.025 -1 -1 0.1558850828801209 0.02586171671083113 -1 -1 0 0 0.5235987755982988 
rake ylego 3 0.055 0.025 -1 -1 0.15588265535551582 0.024488421747198244 -1 -1 0 0 1.5707963267948966 
rake ylego 3 0.055 0.025 -1 -1 0.15601050249547493 0.025829040586082333 -1 -1 0 0.08726646259971647 0.08726646259971647 
rake ylego 3 0.055 0.025 -1 -1 0.155932233339205 0.025895855363728314 -1 -1 0 0.08726646259971647 0.5235987755982988 
rake ylego 3 0.055 0.025 -1 -1 0.15588747204233722 0.023823758953621307 -1 -1 0 0.08726646259971647 1.5707963267948966 
rake ylego 3 0.055 0.025 -1 -1 0.15926386931736963 0.02784709772668543 -1 -1 0 0.5235987755982988 0.5235987755982988 
rake ylego 3 0.055 0.025 -1 -1 0.16100997644076845 0.026547923282487167 -1 -1 0 0.5235987755982988 1.5707963267948966 
rake ylego 3 0.055 0.025 -1 -1 0.15584661533931712 0.027412695286355187 -1 -1 0 1.5707963267948966 1.5707963267948966 
rake ylego 3 0.055 0.025 -1 -1 0.1559256473264383 0.025404224213620995 -1 -1 0.08726646259971647 0.08726646259971647 0.08726646259971647 
rake ylego 3 0.055 0.025 -1 -1 0.1556471058186314 0.03498355717170165 -1 -1 0.08726646259971647 0.08726646259971647 0.5235987755982988 
rake ylego 3 0.055 0.025 -1 -1 0.15588781564475546 0.025267869744160596 -1 -1 0.08726646259971647 0.08726646259971647 1.5707963267948966 
rake ylego 3 0.055 0.025 -1 -1 0.15922618524485999 0.02696734386814932 -1 -1 0.08726646259971647 0.5235987755982988 0.5235987755982988 
rake ylego 3 0.055 0.025 -1 -1 0.16104938421062634 0.025528837146815975 -1 -1 0.08726646259971647 0.5235987755982988 1.5707963267948966 
rake ylego 3 0.055 0.025 -1 -1 0.15609765867967945 0.015121903021691132 -1 -1 0.08726646259971647 1.5707963267948966 1.5707963267948966 
rake ylego 3 0.055 0.025 -1 -1 0.15922409408054622 0.027084727535699387 -1 -1 0.5235987755982988 0.5235987755982988 0.5235987755982988 
rake ylego 3 0.055 0.025 -1 -1 0.16106869497020135 0.024006064156687854 -1 -1 0.5235987755982988 0.5235987755982988 1.5707963267948966 
rake ylego 3 0.055 0.025 -1 -1 0.1558726375020194 0.024780534308842944 -1 -1 0.5235987755982988 1.5707963267948966 1.5707963267948966 
rake ylego 3 0.055 0.025 -1 -1 0.1590872117599436 0.026946749035638224 -1 -1 1.5707963267948966 1.5707963267948966 1.5707963267948966 
