rake ylego 3 0.055 0.025 -1 -1 0.1556714809027314 0.025659727736837674 -1 -1 0 0 0 
rake ylego 3 0.055 0.025 -1 -1 0.15780693448905525 0.02084296861312534 -1 -1 0 0 0.08726646259971647 
rake ylego 3 0.055 0.025 -1 -1 0.15721847656085902 0.0315754953710284 -1 -1 0 0 0.5235987755982988 
rake ylego 3 0.055 0.025 -1 -1 0.15589445000895283 0.025159811243123404 -1 -1 0 0 1.5707963267948966 
rake ylego 3 0.055 0.025 -1 -1 0.15743921407022016 0.033786352695817826 -1 -1 0 0.08726646259971647 0.08726646259971647 
rake ylego 3 0.055 0.025 -1 -1 0.15590977046999846 0.022319156375172018 -1 -1 0 0.08726646259971647 0.5235987755982988 
rake ylego 3 0.055 0.025 -1 -1 0.16150602084259974 0.03140671526881027 -1 -1 0 0.08726646259971647 1.5707963267948966 
rake ylego 3 0.055 0.025 -1 -1 0.18638333420531225 0.025089083101058635 -1 -1 0 0.5235987755982988 0.5235987755982988 
rake ylego 3 0.055 0.025 -1 -1 0.16262351423008625 0.04256019395771436 -1 -1 0 0.5235987755982988 1.5707963267948966 
rake ylego 3 0.055 0.025 -1 -1 0.1681340323556866 0.05378313235142312 -1 -1 0 1.5707963267948966 1.5707963267948966 
rake ylego 3 0.055 0.025 -1 -1 0.16041779493491665 0.02486373741493389 -1 -1 0.08726646259971647 0.08726646259971647 0.08726646259971647 
rake ylego 3 0.055 0.025 -1 -1 0.1558672086106778 0.021033817707266294 -1 -1 0.08726646259971647 0.08726646259971647 0.5235987755982988 
rake ylego 3 0.055 0.025 -1 -1 0.15575363994148905 0.03215533187464467 -1 -1 0.08726646259971647 0.08726646259971647 1.5707963267948966 
rake ylego 3 0.055 0.025 -1 -1 0.15892189456103384 0.04868375415733366 -1 -1 0.08726646259971647 0.5235987755982988 0.5235987755982988 
rake ylego 3 0.055 0.025 -1 -1 0.16609401593155437 0.043483910592019615 -1 -1 0.08726646259971647 0.5235987755982988 1.5707963267948966 
rake ylego 3 0.055 0.025 -1 -1 0.16548546527759173 -0.005344200161292912 -1 -1 0.08726646259971647 1.5707963267948966 1.5707963267948966 
rake ylego 3 0.055 0.025 -1 -1 0.15983605447889965 0.03251907952375144 -1 -1 0.5235987755982988 0.5235987755982988 0.5235987755982988 
rake ylego 3 0.055 0.025 -1 -1 0.16315641817063975 0.0032367762730157994 -1 -1 0.5235987755982988 0.5235987755982988 1.5707963267948966 
rake ylego 3 0.055 0.025 -1 -1 0.17143569150134838 0.022126853807451666 -1 -1 0.5235987755982988 1.5707963267948966 1.5707963267948966 
rake ylego 3 0.055 0.025 -1 -1 0.17361596443493948 0.02835924121891222 -1 -1 1.5707963267948966 1.5707963267948966 1.5707963267948966 
