stick ylego 4 -0.035 0.0 -1 -1 -0.14966539447013583 0.008227268871241448 -1 -1 0 0 -1.5707963267948966 
stick ylego 4 -0.035 0.0 -1 -1 -0.05746520100460988 -0.030239189475098304 -1 -1 0 0 -1.0471975511965976 
stick ylego 4 -0.035 0.0 -1 -1 -0.0809442311474878 0.02626149682618438 -1 -1 0 0 -0.7853981633974483 
stick ylego 4 -0.035 0.0 -1 -1 -0.14714961021772607 0.002294137351606281 -1 -1 0 0 -0.5235987755982988 
stick ylego 4 -0.035 0.0 -1 -1 -0.1438460118552137 -0.0004896279885088738 -1 -1 0 0 -0.2617993877991494 
stick ylego 4 -0.035 0.0 -1 -1 -0.08713319435344122 0.04922453007564894 -1 -1 0 0 -0.08726646259971647 
stick ylego 4 -0.035 0.0 -1 -1 -0.1467525230069744 -0.007259848184890003 -1 -1 0 0 0 
stick ylego 4 -0.035 0.0 -1 -1 -0.14405666644088502 0.005948833082931419 -1 -1 0 0 0.08726646259971647 
stick ylego 4 -0.035 0.0 -1 -1 -0.14659429740288044 -0.003146936816585322 -1 -1 0 0 0.2617993877991494 
stick ylego 4 -0.035 0.0 -1 -1 -0.1463002340414053 0.004395115700814386 -1 -1 0 0 0.5235987755982988 
stick ylego 4 -0.035 0.0 -1 -1 -0.14644746336672765 0.0037251726850523284 -1 -1 0 0 0.7853981633974483 
stick ylego 4 -0.035 0.0 -1 -1 -0.10732827163155773 -0.02598734506968618 -1 -1 0 0 1.0471975511965976 
stick ylego 4 -0.035 0.0 -1 -1 -0.11085644361889768 -0.03453335382532751 -1 -1 0 0 1.5707963267948966 
