stick ylego 4 -0.035 0.0 -1 -1 -0.09013006725793757 -0.027176232863410896 -1 -1 0 0 -1.5707963267948966 
stick ylego 4 -0.035 0.0 -1 -1 -0.13642814783927745 0.001487546772868989 -1 -1 0 0 -1.0471975511965976 
stick ylego 4 -0.035 0.0 -1 -1 -0.13655164792510502 -0.0011273470876795107 -1 -1 0 0 -0.7853981633974483 
stick ylego 4 -0.035 0.0 -1 -1 -0.13664903508526616 -0.003708728630860621 -1 -1 0 0 -0.5235987755982988 
stick ylego 4 -0.035 0.0 -1 -1 -0.13659895116778867 -0.002333862178374279 -1 -1 0 0 -0.2617993877991494 
stick ylego 4 -0.035 0.0 -1 -1 -0.13667163745471667 -0.003590098297284896 -1 -1 0 0 -0.08726646259971647 
stick ylego 4 -0.035 0.0 -1 -1 -0.13653875211836825 -0.0016694095243831588 -1 -1 0 0 0 
stick ylego 4 -0.035 0.0 -1 -1 -0.13655363558558486 -0.0010562016850245279 -1 -1 0 0 0.08726646259971647 
stick ylego 4 -0.035 0.0 -1 -1 -0.13656972010438093 -0.0011979496810733373 -1 -1 0 0 0.2617993877991494 
stick ylego 4 -0.035 0.0 -1 -1 -0.13663094153930755 -0.0019535970140079385 -1 -1 0 0 0.5235987755982988 
stick ylego 4 -0.035 0.0 -1 -1 -0.13656252566331484 -0.0012354798022658662 -1 -1 0 0 0.7853981633974483 
stick ylego 4 -0.035 0.0 -1 -1 -0.1364880709728612 0.00013423936808708414 -1 -1 0 0 1.0471975511965976 
stick ylego 4 -0.035 0.0 -1 -1 -0.136452840900463 0.0004139335162482623 -1 -1 0 0 1.5707963267948966 
