stick ylego 4 -0.035 0.0 -1 -1 -0.1377275735580135 0.011825879804597886 -1 -1 0 -1.5707963267948966 0 
stick ylego 4 -0.035 0.0 -1 -1 -0.14103033536908252 0.0038708522911972726 -1 -1 0 -1.0471975511965976 0 
stick ylego 4 -0.035 0.0 -1 -1 -0.1363177689808901 -0.010379087033470508 -1 -1 0 -0.7853981633974483 0 
stick ylego 4 -0.035 0.0 -1 -1 -0.08921658695640584 0.05668340615714323 -1 -1 0 -0.5235987755982988 0 
stick ylego 4 -0.035 0.0 -1 -1 -0.1463489155597673 0.009081090001033396 -1 -1 0 -0.2617993877991494 0 
stick ylego 4 -0.035 0.0 -1 -1 -0.1444273185306717 0.006327741980875926 -1 -1 0 -0.08726646259971647 0 
stick ylego 4 -0.035 0.0 -1 -1 -0.1467525230069744 -0.007259848184890003 -1 -1 0 0 0 
stick ylego 4 -0.035 0.0 -1 -1 -0.1462685789008826 0.009835450605464336 -1 -1 0 0.08726646259971647 0 
stick ylego 4 -0.035 0.0 -1 -1 -0.14572553632776297 0.012110309350401213 -1 -1 0 0.2617993877991494 0 
stick ylego 4 -0.035 0.0 -1 -1 -0.14691904765182642 0.0018274271532745907 -1 -1 0 0.5235987755982988 0 
stick ylego 4 -0.035 0.0 -1 -1 -0.1241063217030042 0.032588837506682546 -1 -1 0 0.7853981633974483 0 
stick ylego 4 -0.035 0.0 -1 -1 -0.13663818829557975 0.007222167902638281 -1 -1 0 1.0471975511965976 0 
stick ylego 4 -0.035 0.0 -1 -1 -0.13766515752140424 0.008696603878869398 -1 -1 0 1.5707963267948966 0 
