stick ylego 4 -0.035 0.0 -1 -1 -0.1467525230069744 -0.007259848184890003 -1 -1 0 0 0 
stick ylego 4 -0.035 0.0 -1 -1 -0.14405666644088502 0.005948833082931419 -1 -1 0 0 0.08726646259971647 
stick ylego 4 -0.035 0.0 -1 -1 -0.1463002340414053 0.004395115700814386 -1 -1 0 0 0.5235987755982988 
stick ylego 4 -0.035 0.0 -1 -1 -0.11085644361889768 -0.03453335382532751 -1 -1 0 0 1.5707963267948966 
stick ylego 4 -0.035 0.0 -1 -1 -0.1468747330550901 -0.00019413293502260978 -1 -1 0 0.08726646259971647 0.08726646259971647 
stick ylego 4 -0.035 0.0 -1 -1 -0.14634550207204722 0.03336051729995841 -1 -1 0 0.08726646259971647 0.5235987755982988 
stick ylego 4 -0.035 0.0 -1 -1 -0.11278629130950667 -0.030311491939598284 -1 -1 0 0.08726646259971647 1.5707963267948966 
stick ylego 4 -0.035 0.0 -1 -1 -0.15053878487691733 0.04486225524891208 -1 -1 0 0.5235987755982988 0.5235987755982988 
stick ylego 4 -0.035 0.0 -1 -1 -0.15342983484467204 -0.02708249873003515 -1 -1 0 0.5235987755982988 1.5707963267948966 
stick ylego 4 -0.035 0.0 -1 -1 -0.13232607854692874 -0.029894854888127896 -1 -1 0 1.5707963267948966 1.5707963267948966 
stick ylego 4 -0.035 0.0 -1 -1 -0.14588388860105558 0.009633743615394496 -1 -1 0.08726646259971647 0.08726646259971647 0.08726646259971647 
stick ylego 4 -0.035 0.0 -1 -1 -0.14460043694636918 -0.002289345014553395 -1 -1 0.08726646259971647 0.08726646259971647 0.5235987755982988 
stick ylego 4 -0.035 0.0 -1 -1 -0.1112281599548049 -0.03248164997753028 -1 -1 0.08726646259971647 0.08726646259971647 1.5707963267948966 
stick ylego 4 -0.035 0.0 -1 -1 -0.14900692512653435 0.029254855121673178 -1 -1 0.08726646259971647 0.5235987755982988 0.5235987755982988 
stick ylego 4 -0.035 0.0 -1 -1 -0.08677888587685058 -0.038857416642604996 -1 -1 0.08726646259971647 0.5235987755982988 1.5707963267948966 
stick ylego 4 -0.035 0.0 -1 -1 -0.13132076516564242 -0.03193527167287716 -1 -1 0.08726646259971647 1.5707963267948966 1.5707963267948966 
stick ylego 4 -0.035 0.0 -1 -1 -0.14636317363129223 -0.006458609669707751 -1 -1 0.5235987755982988 0.5235987755982988 0.5235987755982988 
stick ylego 4 -0.035 0.0 -1 -1 -0.074085154523804 -0.050886945366803264 -1 -1 0.5235987755982988 0.5235987755982988 1.5707963267948966 
stick ylego 4 -0.035 0.0 -1 -1 -0.10810647936247196 -0.04090422602574374 -1 -1 0.5235987755982988 1.5707963267948966 1.5707963267948966 
stick ylego 4 -0.035 0.0 -1 -1 -0.13766515704201504 0.008696605019445752 -1 -1 1.5707963267948966 1.5707963267948966 1.5707963267948966 
