stick ylego 4 -0.035 0.0 -1 -1 -0.14709490957860785 0.0032933424728343584 -1 -1
stick ylego 4 -0.035 0.0 -1 -1 -0.14623308426323314 0.010396933442236909 -1 -1
stick ylego 4 -0.035 0.0 -1 -1 -0.09148244335980374 0.03022317952268381 -1 -1
stick ylego 4 -0.035 0.0 -1 -1 -0.146423242489921 0.0006740958268009092 -1 -1
stick ylego 4 -0.035 0.0 -1 -1 -0.14554809106324826 0.011656375992607588 -1 -1
stick ylego 4 -0.035 0.0 -1 -1 -0.14632765487944072 0.009353645878074635 -1 -1
stick ylego 4 -0.035 0.0 -1 -1 -0.14375943825441148 0.0028749268781051687 -1 -1
stick ylego 4 -0.035 0.0 -1 -1 -0.14701013667853663 -0.0006625493298283311 -1 -1
stick ylego 4 -0.035 0.0 -1 -1 -0.14616419981711493 -0.009213994534988865 -1 -1
stick ylego 4 -0.035 0.0 -1 -1 -0.1467946150465254 0.003478944531501957 -1 -1
stick ylego 4 -0.035 0.0 -1 -1 -0.14517799106786564 0.015095720159803476 -1 -1
stick ylego 4 -0.035 0.0 -1 -1 -0.14636234581272142 0.009874623246209292 -1 -1
stick ylego 4 -0.035 0.0 -1 -1 -0.14647340383776747 0.00892762459960162 -1 -1
stick ylego 4 -0.035 0.0 -1 -1 -0.14642286547350236 -0.004191328276203504 -1 -1
stick ylego 4 -0.035 0.0 -1 -1 -0.14636023568567222 -0.005737947093608094 -1 -1
stick ylego 4 -0.035 0.0 -1 -1 -0.14661551946191248 0.0014637713282030704 -1 -1
stick ylego 4 -0.035 0.0 -1 -1 -0.14712163163304384 0.0020219675226642382 -1 -1
stick ylego 4 -0.035 0.0 -1 -1 -0.14720451968266024 0.0022346219386903173 -1 -1
stick ylego 4 -0.035 0.0 -1 -1 -0.1458561391113652 -0.0163289045765274 -1 -1
stick ylego 4 -0.035 0.0 -1 -1 -0.10873525303209755 0.026462809812015382 -1 -1
stick ylego 4 -0.035 0.0 -1 -1 -0.14717468153173202 0.0012554201915898112 -1 -1
stick ylego 4 -0.035 0.0 -1 -1 -0.14653114959385546 -0.0035497184164036393 -1 -1
stick ylego 4 -0.035 0.0 -1 -1 -0.10720297001033914 0.028327435957707873 -1 -1
stick ylego 4 -0.035 0.0 -1 -1 -0.14597309802235683 0.0120592246435726 -1 -1
stick ylego 4 -0.035 0.0 -1 -1 -0.14520564258474236 0.015004495021100689 -1 -1
stick ylego 4 -0.035 0.0 -1 -1 -0.10803126843168527 0.027255549782115796 -1 -1
stick ylego 4 -0.035 0.0 -1 -1 -0.14571702580784235 0.006127487218189501 -1 -1
stick ylego 4 -0.035 0.0 -1 -1 -0.14626749993027818 -0.005895445705783348 -1 -1
stick ylego 4 -0.035 0.0 -1 -1 -0.1470064219720037 0.011972377958187761 -1 -1
stick ylego 4 -0.035 0.0 -1 -1 -0.14538264006437746 0.014424557757182708 -1 -1
stick ylego 4 -0.035 0.0 -1 -1 -0.14863440463669067 0.021834174084979265 -1 -1
stick ylego 4 -0.035 0.0 -1 -1 -0.14422315036467548 -0.007232195250039053 -1 -1
stick ylego 4 -0.035 0.0 -1 -1 -0.1467944049359403 -0.009026304903359896 -1 -1
stick ylego 4 -0.035 0.0 -1 -1 -0.1461343229920658 0.011360003084708841 -1 -1
stick ylego 4 -0.035 0.0 -1 -1 -0.14616153125463632 0.010560473734118798 -1 -1
stick ylego 4 -0.035 0.0 -1 -1 -0.1460804102373401 0.011498281946879794 -1 -1
stick ylego 4 -0.035 0.0 -1 -1 -0.147165954740937 0.0032876273440505263 -1 -1
stick ylego 4 -0.035 0.0 -1 -1 -0.1041059952729701 0.027911562733276538 -1 -1
stick ylego 4 -0.035 0.0 -1 -1 -0.14620253114614357 0.009663834833040372 -1 -1
stick ylego 4 -0.035 0.0 -1 -1 -0.14637214234692103 0.00793522685834809 -1 -1
