stick ylego 4 -0.035 0.0 -1 -1 -0.1670449836246042 0.0051447457735446945 -1 -1
stick ylego 4 -0.035 0.0 -1 -1 -0.12278326195479386 0.02550305848397363 -1 -1
stick ylego 4 -0.035 0.0 -1 -1 -0.11556234848285858 0.04351797175961419 -1 -1
stick ylego 4 -0.035 0.0 -1 -1 -0.11501672593306232 0.04216200062983949 -1 -1
stick ylego 4 -0.035 0.0 -1 -1 -0.10093091841327728 -0.03307068872852249 -1 -1
stick ylego 4 -0.035 0.0 -1 -1 -0.13988356507007857 -5.811271512423156e-05 -1 -1
stick ylego 4 -0.035 0.0 -1 -1 -0.11379881387497133 0.02622046440851955 -1 -1
stick ylego 4 -0.035 0.0 -1 -1 -0.11463141284814772 0.042379914846218295 -1 -1
stick ylego 4 -0.035 0.0 -1 -1 -0.12234222709655607 0.025654088081329993 -1 -1
stick ylego 4 -0.035 0.0 -1 -1 -0.16365972107105234 0.002806250352252158 -1 -1
stick ylego 4 -0.035 0.0 -1 -1 -0.12241241656497516 0.025578969416004113 -1 -1
stick ylego 4 -0.035 0.0 -1 -1 -0.12242679386352426 0.025614708791926302 -1 -1
stick ylego 4 -0.035 0.0 -1 -1 -0.11190806310595966 0.026283520987407924 -1 -1
stick ylego 4 -0.035 0.0 -1 -1 -0.156727576052725 0.01563585188484181 -1 -1
stick ylego 4 -0.035 0.0 -1 -1 -0.11504615491525559 0.04284535791292388 -1 -1
stick ylego 4 -0.035 0.0 -1 -1 -0.11633960180566312 0.044222166643287056 -1 -1
stick ylego 4 -0.035 0.0 -1 -1 -0.12253090681689238 0.02557697128712498 -1 -1
stick ylego 4 -0.035 0.0 -1 -1 -0.11965858769116376 0.025921405462353747 -1 -1
stick ylego 4 -0.035 0.0 -1 -1 -0.13990031449211113 -0.0002684317256302869 -1 -1
stick ylego 4 -0.035 0.0 -1 -1 -0.11449364524105314 0.042266269215094375 -1 -1
stick ylego 4 -0.035 0.0 -1 -1 -0.1316508692866413 0.04357160573530146 -1 -1
stick ylego 4 -0.035 0.0 -1 -1 -0.11812290405040263 0.02600573458945966 -1 -1
stick ylego 4 -0.035 0.0 -1 -1 -0.11533571608896669 0.0430179570029971 -1 -1
stick ylego 4 -0.035 0.0 -1 -1 -0.11452476529860053 0.042684761080346585 -1 -1
stick ylego 4 -0.035 0.0 -1 -1 -0.11431094482230575 0.0420769334071546 -1 -1
stick ylego 4 -0.035 0.0 -1 -1 -0.11436321243777327 0.0417191211566048 -1 -1
stick ylego 4 -0.035 0.0 -1 -1 -0.11538169759881552 0.04316842041979408 -1 -1
stick ylego 4 -0.035 0.0 -1 -1 -0.11496014160541877 0.026160718218434003 -1 -1
stick ylego 4 -0.035 0.0 -1 -1 -0.13998949769785343 -0.00037160854102574915 -1 -1
stick ylego 4 -0.035 0.0 -1 -1 -0.11490929856597594 0.02616366086755842 -1 -1
stick ylego 4 -0.035 0.0 -1 -1 -0.14647120825314303 -0.010206352665989417 -1 -1
stick ylego 4 -0.035 0.0 -1 -1 -0.15328645609682334 0.008911716939146748 -1 -1
stick ylego 4 -0.035 0.0 -1 -1 -0.11711244688593538 0.044755002828277345 -1 -1
stick ylego 4 -0.035 0.0 -1 -1 -0.11906007221769427 0.02595476199933252 -1 -1
stick ylego 4 -0.035 0.0 -1 -1 -0.11951720587397097 0.044450823169107374 -1 -1
stick ylego 4 -0.035 0.0 -1 -1 -0.15341929451378764 0.00907266422711726 -1 -1
stick ylego 4 -0.035 0.0 -1 -1 -0.11752288571101908 0.04505379050920786 -1 -1
stick ylego 4 -0.035 0.0 -1 -1 -0.12246461266874104 0.025623491410208858 -1 -1
stick ylego 4 -0.035 0.0 -1 -1 -0.11595990213156633 0.04391629897395374 -1 -1
stick ylego 4 -0.035 0.0 -1 -1 -0.11420920004308599 0.026197467417585683 -1 -1
stick ylego 4 -0.035 0.0 -1 -1 -0.1516811996297897 0.006825418506914156 -1 -1
stick ylego 4 -0.035 0.0 -1 -1 -0.12019061792073173 0.04673790803544989 -1 -1
stick ylego 4 -0.035 0.0 -1 -1 -0.1141791014169241 0.026198876754187514 -1 -1
stick ylego 4 -0.035 0.0 -1 -1 -0.12173157863623851 0.04754975049835193 -1 -1
stick ylego 4 -0.035 0.0 -1 -1 -0.14648112593186613 -0.012213167807270452 -1 -1
stick ylego 4 -0.035 0.0 -1 -1 -0.11416349493223249 0.026199521387052185 -1 -1
stick ylego 4 -0.035 0.0 -1 -1 -0.11826234043297537 0.02599859896593217 -1 -1
stick ylego 4 -0.035 0.0 -1 -1 -0.11301739563432626 0.026259470927693155 -1 -1
stick ylego 4 -0.035 0.0 -1 -1 -0.12252457752141561 0.025607750002793864 -1 -1
stick ylego 4 -0.035 0.0 -1 -1 -0.11678507512578272 0.04177961567505852 -1 -1
stick ylego 4 -0.035 0.0 -1 -1 -0.12298468274805613 0.025472345309111674 -1 -1
stick ylego 4 -0.035 0.0 -1 -1 -0.15184799911735236 0.007103654783249689 -1 -1
stick ylego 4 -0.035 0.0 -1 -1 -0.12258906313211493 0.02558353454574268 -1 -1
stick ylego 4 -0.035 0.0 -1 -1 -0.12253191062478563 0.025614313740393364 -1 -1
stick ylego 4 -0.035 0.0 -1 -1 -0.120216348493632 0.025885706798199088 -1 -1
stick ylego 4 -0.035 0.0 -1 -1 -0.1159950468519004 0.04392936494901005 -1 -1
stick ylego 4 -0.035 0.0 -1 -1 -0.11727000176017668 0.026051333174119534 -1 -1
stick ylego 4 -0.035 0.0 -1 -1 -0.12093484924550904 0.047131903637054086 -1 -1
stick ylego 4 -0.035 0.0 -1 -1 -0.15215809661403654 0.00750154361178559 -1 -1
stick ylego 4 -0.035 0.0 -1 -1 -0.12042786277445681 0.025870077551996506 -1 -1
