stick ylego 4 -0.035 0.0 -1 -1 -0.14574718395631883 -0.003120927648834892 -1 -1 -1.5707963267948966 0 0 
stick ylego 4 -0.035 0.0 -1 -1 -0.1456909709340438 -0.004028618686005894 -1 -1 -1.0471975511965976 0 0 
stick ylego 4 -0.035 0.0 -1 -1 -0.13647209836890606 0.005476894522056979 -1 -1 -0.7853981633974483 0 0 
stick ylego 4 -0.035 0.0 -1 -1 -0.13658315510449937 0.0013491684812498047 -1 -1 -0.5235987755982988 0 0 
stick ylego 4 -0.035 0.0 -1 -1 -0.13651948893442128 -0.0004975207597671449 -1 -1 -0.2617993877991494 0 0 
stick ylego 4 -0.035 0.0 -1 -1 -0.13653489985200618 -0.0015521203287293883 -1 -1 -0.08726646259971647 0 0 
stick ylego 4 -0.035 0.0 -1 -1 -0.13653875211836825 -0.0016694095243831588 -1 -1 0 0 0 
stick ylego 4 -0.035 0.0 -1 -1 -0.13667347229129706 -0.0015920250557116575 -1 -1 0.08726646259971647 0 0 
stick ylego 4 -0.035 0.0 -1 -1 -0.13662806789501236 -0.0019162129891013497 -1 -1 0.2617993877991494 0 0 
stick ylego 4 -0.035 0.0 -1 -1 -0.13659770307144858 -0.006600211674569267 -1 -1 0.5235987755982988 0 0 
stick ylego 4 -0.035 0.0 -1 -1 -0.13657965230698718 -0.006273263931202384 -1 -1 0.7853981633974483 0 0 
stick ylego 4 -0.035 0.0 -1 -1 -0.1418388746324247 0.001922108463009316 -1 -1 1.0471975511965976 0 0 
stick ylego 4 -0.035 0.0 -1 -1 -0.14180263610345809 0.00249507206889165 -1 -1 1.5707963267948966 0 0 
