stick ylego 4 -0.035 0.0 -1 -1 -0.11587527325168552 0.043851842489875975 -1 -1
stick ylego 4 -0.035 0.0 -1 -1 -0.139525164939841 9.931778609456794e-05 -1 -1
stick ylego 4 -0.035 0.0 -1 -1 -0.12277132508902108 0.02551146003855035 -1 -1
stick ylego 4 -0.035 0.0 -1 -1 -0.11716978253288367 0.026055757810400402 -1 -1
stick ylego 4 -0.035 0.0 -1 -1 -0.13953334402818335 9.917322718234678e-05 -1 -1
stick ylego 4 -0.035 0.0 -1 -1 -0.14799370914959448 -0.01916002967223949 -1 -1
stick ylego 4 -0.035 0.0 -1 -1 -0.1153569344025088 0.04341065731748238 -1 -1
stick ylego 4 -0.035 0.0 -1 -1 -0.14981984811222104 0.004947583272980032 -1 -1
stick ylego 4 -0.035 0.0 -1 -1 -0.1149213652176942 0.04303129786625511 -1 -1
stick ylego 4 -0.035 0.0 -1 -1 -0.11833128476839923 0.0259954612875777 -1 -1
stick ylego 4 -0.035 0.0 -1 -1 -0.11756759710728089 0.04512069424941893 -1 -1
stick ylego 4 -0.035 0.0 -1 -1 -0.11513392643674746 0.0426722890958349 -1 -1
stick ylego 4 -0.035 0.0 -1 -1 -0.1516015908261351 0.006729961118589072 -1 -1
stick ylego 4 -0.035 0.0 -1 -1 -0.11680139783801158 0.044525322613272994 -1 -1
stick ylego 4 -0.035 0.0 -1 -1 -0.11459631401057972 0.04272343993651298 -1 -1
stick ylego 4 -0.035 0.0 -1 -1 -0.11560800099588044 0.026131942792927534 -1 -1
stick ylego 4 -0.035 0.0 -1 -1 -0.11249677249277217 0.02627972788137789 -1 -1
stick ylego 4 -0.035 0.0 -1 -1 -0.12256088074868218 0.025542538705662948 -1 -1
stick ylego 4 -0.035 0.0 -1 -1 -0.11845207639216242 0.04570799951286601 -1 -1
stick ylego 4 -0.035 0.0 -1 -1 -0.13985867663710835 -0.0005129625876748595 -1 -1
