stick ylego 4 -0.035 0.0 -1 -1 -0.13982798687848133 0.000557098953195116 -1 -1 0 -1.5707963267948966 0 
stick ylego 4 -0.035 0.0 -1 -1 -0.13986745597668068 0.0007724236518540042 -1 -1 0 -1.0471975511965976 0 
stick ylego 4 -0.035 0.0 -1 -1 -0.13979454295489832 2.2916098154400005e-05 -1 -1 0 -0.7853981633974483 0 
stick ylego 4 -0.035 0.0 -1 -1 -0.1365370547686217 -0.0013098208583158736 -1 -1 0 -0.5235987755982988 0 
stick ylego 4 -0.035 0.0 -1 -1 -0.1365056745315553 -0.0012666235332488903 -1 -1 0 -0.2617993877991494 0 
stick ylego 4 -0.035 0.0 -1 -1 -0.13656911781400216 -0.0010268030759994673 -1 -1 0 -0.08726646259971647 0 
stick ylego 4 -0.035 0.0 -1 -1 -0.13653875211836825 -0.0016694095243831588 -1 -1 0 0 0 
stick ylego 4 -0.035 0.0 -1 -1 -0.1365614908476352 -0.0011398667675304615 -1 -1 0 0.08726646259971647 0 
stick ylego 4 -0.035 0.0 -1 -1 -0.13659320269663647 -0.0012863923745654326 -1 -1 0 0.2617993877991494 0 
stick ylego 4 -0.035 0.0 -1 -1 -0.1365854603419925 -0.0016580606441002877 -1 -1 0 0.5235987755982988 0 
stick ylego 4 -0.035 0.0 -1 -1 -0.14347774164926835 0.0011780871702828418 -1 -1 0 0.7853981633974483 0 
stick ylego 4 -0.035 0.0 -1 -1 -0.14347656316519777 -0.0014967169217530787 -1 -1 0 1.0471975511965976 0 
stick ylego 4 -0.035 0.0 -1 -1 -0.14347196020922437 0.0011094747663327215 -1 -1 0 1.5707963267948966 0 
