stick ylego 4 -0.035 0.0 -1 -1 -0.13653875211836825 -0.0016694095243831588 -1 -1 0 0 0 
stick ylego 4 -0.035 0.0 -1 -1 -0.13655363558558486 -0.0010562016850245279 -1 -1 0 0 0.08726646259971647 
stick ylego 4 -0.035 0.0 -1 -1 -0.13663094153930755 -0.0019535970140079385 -1 -1 0 0 0.5235987755982988 
stick ylego 4 -0.035 0.0 -1 -1 -0.136452840900463 0.0004139335162482623 -1 -1 0 0 1.5707963267948966 
stick ylego 4 -0.035 0.0 -1 -1 -0.1366159157586421 -0.004105946696629331 -1 -1 0 0.08726646259971647 0.08726646259971647 
stick ylego 4 -0.035 0.0 -1 -1 -0.13660090445345657 -0.00402011554665978 -1 -1 0 0.08726646259971647 0.5235987755982988 
stick ylego 4 -0.035 0.0 -1 -1 -0.13658315620613534 -0.0016785780613977315 -1 -1 0 0.08726646259971647 1.5707963267948966 
stick ylego 4 -0.035 0.0 -1 -1 -0.1366005415752641 -0.00041660341253238096 -1 -1 0 0.5235987755982988 0.5235987755982988 
stick ylego 4 -0.035 0.0 -1 -1 -0.13649067216170485 -0.00022333006183271773 -1 -1 0 0.5235987755982988 1.5707963267948966 
stick ylego 4 -0.035 0.0 -1 -1 -0.1411001607281593 0.005271347004945998 -1 -1 0 1.5707963267948966 1.5707963267948966 
stick ylego 4 -0.035 0.0 -1 -1 -0.13674305476979118 -0.002895280507580681 -1 -1 0.08726646259971647 0.08726646259971647 0.08726646259971647 
stick ylego 4 -0.035 0.0 -1 -1 -0.1365183707853667 -0.0010248052080255377 -1 -1 0.08726646259971647 0.08726646259971647 0.5235987755982988 
stick ylego 4 -0.035 0.0 -1 -1 -0.13642779800720148 -0.0020869796319316607 -1 -1 0.08726646259971647 0.08726646259971647 1.5707963267948966 
stick ylego 4 -0.035 0.0 -1 -1 -0.13653656346776744 -0.0014177458185124646 -1 -1 0.08726646259971647 0.5235987755982988 0.5235987755982988 
stick ylego 4 -0.035 0.0 -1 -1 -0.13657949463873092 -0.001088131328809482 -1 -1 0.08726646259971647 0.5235987755982988 1.5707963267948966 
stick ylego 4 -0.035 0.0 -1 -1 -0.14110349440653933 0.0029667005863827423 -1 -1 0.08726646259971647 1.5707963267948966 1.5707963267948966 
stick ylego 4 -0.035 0.0 -1 -1 -0.13658946378758854 -0.004528557117745214 -1 -1 0.5235987755982988 0.5235987755982988 0.5235987755982988 
stick ylego 4 -0.035 0.0 -1 -1 -0.13645855370979398 -0.0036605213748213904 -1 -1 0.5235987755982988 0.5235987755982988 1.5707963267948966 
stick ylego 4 -0.035 0.0 -1 -1 -0.14096218566269822 -0.00023443219029617999 -1 -1 0.5235987755982988 1.5707963267948966 1.5707963267948966 
stick ylego 4 -0.035 0.0 -1 -1 -0.14347196020921543 0.0011094747664092792 -1 -1 1.5707963267948966 1.5707963267948966 1.5707963267948966 
