stick ylego 4 -0.035 0.0 -1 -1 -0.1457349482134946 -0.0017210440950661157 -1 -1 -1.5707963267948966 0 0 
stick ylego 4 -0.035 0.0 -1 -1 -0.12064430340923532 0.03684399508170578 -1 -1 -1.0471975511965976 0 0 
stick ylego 4 -0.035 0.0 -1 -1 -0.14856669841121306 0.00027761603725616924 -1 -1 -0.7853981633974483 0 0 
stick ylego 4 -0.035 0.0 -1 -1 -0.11561808174578646 0.04234230325621571 -1 -1 -0.5235987755982988 0 0 
stick ylego 4 -0.035 0.0 -1 -1 -0.11749068843702101 0.04503769150898757 -1 -1 -0.2617993877991494 0 0 
stick ylego 4 -0.035 0.0 -1 -1 -0.14312213313015607 0.0013338462055279819 -1 -1 -0.08726646259971647 0 0 
stick ylego 4 -0.035 0.0 -1 -1 -0.11850608981473292 0.043555075016764117 -1 -1 0 0 0 
stick ylego 4 -0.035 0.0 -1 -1 -0.11360507282686004 0.026218663955279754 -1 -1 0.08726646259971647 0 0 
stick ylego 4 -0.035 0.0 -1 -1 -0.11990754497588658 0.025905854568655694 -1 -1 0.2617993877991494 0 0 
stick ylego 4 -0.035 0.0 -1 -1 -0.12286626007626526 0.025488192186301405 -1 -1 0.5235987755982988 0 0 
stick ylego 4 -0.035 0.0 -1 -1 -0.1452538171485064 0.03501301311454821 -1 -1 0.7853981633974483 0 0 
stick ylego 4 -0.035 0.0 -1 -1 -0.1437081487028308 0.019360371289299814 -1 -1 1.0471975511965976 0 0 
stick ylego 4 -0.035 0.0 -1 -1 -0.1416842672426434 -1.4157970699443027e-05 -1 -1 1.5707963267948966 0 0 
