stick ylego 4 -0.035 0.0 -1 -1 -0.14650164106236194 -0.0005096499391392721 -1 -1
stick ylego 4 -0.035 0.0 -1 -1 -0.14650531035425843 0.027641491981539076 -1 -1
stick ylego 4 -0.035 0.0 -1 -1 -0.10153070358602767 0.026923116690736625 -1 -1
stick ylego 4 -0.035 0.0 -1 -1 -0.14012225548550608 0.02200748954197925 -1 -1
stick ylego 4 -0.035 0.0 -1 -1 -0.09393579789586659 0.05626883189955306 -1 -1
stick ylego 4 -0.035 0.0 -1 -1 -0.10215364186480311 0.027261993427366415 -1 -1
stick ylego 4 -0.035 0.0 -1 -1 -0.09779585594987761 -0.02882460797735494 -1 -1
stick ylego 4 -0.035 0.0 -1 -1 -0.14619120294486357 0.00021554730685572994 -1 -1
stick ylego 4 -0.035 0.0 -1 -1 -0.14638164352736038 0.009420196888909216 -1 -1
stick ylego 4 -0.035 0.0 -1 -1 -0.09158880101287528 0.03028128035843858 -1 -1
stick ylego 4 -0.035 0.0 -1 -1 -0.1135987989372501 -0.033324563617600764 -1 -1
stick ylego 4 -0.035 0.0 -1 -1 -0.14641553938914503 0.008123388206835665 -1 -1
stick ylego 4 -0.035 0.0 -1 -1 -0.1447307213693201 -0.017119063468664236 -1 -1
stick ylego 4 -0.035 0.0 -1 -1 -0.1457799689621615 0.00031682548425479877 -1 -1
stick ylego 4 -0.035 0.0 -1 -1 -0.1471631689887805 0.003300511655088465 -1 -1
stick ylego 4 -0.035 0.0 -1 -1 -0.14639619002810508 0.002749773283760794 -1 -1
stick ylego 4 -0.035 0.0 -1 -1 -0.14529834901219002 0.040292566953486944 -1 -1
stick ylego 4 -0.035 0.0 -1 -1 -0.09303261485743733 0.055139718804169964 -1 -1
stick ylego 4 -0.035 0.0 -1 -1 -0.14659976838804006 -0.0001076732354275096 -1 -1
stick ylego 4 -0.035 0.0 -1 -1 -0.10833262745381501 0.02869254423026827 -1 -1
stick ylego 4 -0.035 0.0 -1 -1 -0.14579623551555856 -0.009879485789012946 -1 -1
stick ylego 4 -0.035 0.0 -1 -1 -0.1458680717889841 -0.00041084509489254837 -1 -1
stick ylego 4 -0.035 0.0 -1 -1 -0.1460874148091971 0.002216839515065897 -1 -1
stick ylego 4 -0.035 0.0 -1 -1 -0.08254867992092721 0.03920033146547206 -1 -1
stick ylego 4 -0.035 0.0 -1 -1 -0.017522521610785984 0.05535198245489999 -1 -1
stick ylego 4 -0.035 0.0 -1 -1 -0.14564223066941412 -0.0035694903119684023 -1 -1
stick ylego 4 -0.035 0.0 -1 -1 -0.14431438994527462 -0.002208616514065607 -1 -1
stick ylego 4 -0.035 0.0 -1 -1 -0.1465119908200708 0.007276887570655927 -1 -1
stick ylego 4 -0.035 0.0 -1 -1 -0.14593476948792067 0.012529289088923062 -1 -1
stick ylego 4 -0.035 0.0 -1 -1 -0.06905915562123165 0.03752352912856561 -1 -1
stick ylego 4 -0.035 0.0 -1 -1 -0.14821919250044024 0.01398620367058609 -1 -1
stick ylego 4 -0.035 0.0 -1 -1 -0.13436164740604525 -0.03497482613595576 -1 -1
stick ylego 4 -0.035 0.0 -1 -1 -0.146146752074916 -0.005861735774767483 -1 -1
stick ylego 4 -0.035 0.0 -1 -1 -0.14457362610303018 0.01670553989921894 -1 -1
stick ylego 4 -0.035 0.0 -1 -1 -0.11149986746851485 0.05311792897972988 -1 -1
stick ylego 4 -0.035 0.0 -1 -1 -0.14632746726452547 0.00996880331974765 -1 -1
stick ylego 4 -0.035 0.0 -1 -1 -0.1467715629150089 -0.004743972070274238 -1 -1
stick ylego 4 -0.035 0.0 -1 -1 -0.14653358562258748 0.008132186921143468 -1 -1
stick ylego 4 -0.035 0.0 -1 -1 -0.14542871184097367 -0.0006998215931218858 -1 -1
stick ylego 4 -0.035 0.0 -1 -1 -0.12418111261698117 -0.04837498433734809 -1 -1
