stick ylego 4 -0.035 0.0 -1 -1 -0.09759244106118649 0.03672320829410081 -1 -1
stick ylego 4 -0.035 0.0 -1 -1 -0.09574960830137356 -0.02968042857948883 -1 -1
stick ylego 4 -0.035 0.0 -1 -1 -0.1339416474975171 0.03647441308255344 -1 -1
stick ylego 4 -0.035 0.0 -1 -1 -0.14343593863873913 0.024238703210518325 -1 -1
stick ylego 4 -0.035 0.0 -1 -1 -0.14639440783404 -0.00271965076010933 -1 -1
stick ylego 4 -0.035 0.0 -1 -1 -0.14705759530563234 -0.0029461255140163143 -1 -1
stick ylego 4 -0.035 0.0 -1 -1 -0.14571682914016656 0.009372133726714712 -1 -1
stick ylego 4 -0.035 0.0 -1 -1 -0.14154660910320177 0.02569023205362223 -1 -1
stick ylego 4 -0.035 0.0 -1 -1 -0.048292127950213835 -0.06279081931735725 -1 -1
stick ylego 4 -0.035 0.0 -1 -1 -0.11458209149744615 -0.03942541801470267 -1 -1
stick ylego 4 -0.035 0.0 -1 -1 -0.12432335856343121 -0.048350781642017546 -1 -1
stick ylego 4 -0.035 0.0 -1 -1 -0.12430659676067238 0.05084050698665199 -1 -1
stick ylego 4 -0.035 0.0 -1 -1 -0.06638227044687582 -0.046290296978881346 -1 -1
stick ylego 4 -0.035 0.0 -1 -1 -0.12252814202613307 -0.03753066421238335 -1 -1
stick ylego 4 -0.035 0.0 -1 -1 -0.1484416170240552 -0.00821435986548549 -1 -1
stick ylego 4 -0.035 0.0 -1 -1 -0.15042745995216766 0.0009117030649073384 -1 -1
stick ylego 4 -0.035 0.0 -1 -1 -0.14169179516880695 0.007151274430845136 -1 -1
stick ylego 4 -0.035 0.0 -1 -1 -0.14688903339424778 -0.0017187152532946643 -1 -1
stick ylego 4 -0.035 0.0 -1 -1 -0.12149619223342208 -0.029300016268933797 -1 -1
stick ylego 4 -0.035 0.0 -1 -1 -0.11030516256708296 0.026332288311947047 -1 -1
stick ylego 4 -0.035 0.0 -1 -1 -0.12545086250298948 -0.04595729640456323 -1 -1
stick ylego 4 -0.035 0.0 -1 -1 -0.14323171221536718 0.020406536125492394 -1 -1
stick ylego 4 -0.035 0.0 -1 -1 -0.11688356298591453 -0.051451949481225404 -1 -1
stick ylego 4 -0.035 0.0 -1 -1 -0.10096343587161456 -0.030737726132763543 -1 -1
stick ylego 4 -0.035 0.0 -1 -1 -0.14086512299204443 0.01782149582201974 -1 -1
stick ylego 4 -0.035 0.0 -1 -1 -0.14608478850023454 -6.542583381309407e-05 -1 -1
stick ylego 4 -0.035 0.0 -1 -1 -0.14478401419969736 0.012119112257055946 -1 -1
stick ylego 4 -0.035 0.0 -1 -1 -0.07965858157287116 0.04810574838502237 -1 -1
stick ylego 4 -0.035 0.0 -1 -1 -0.13572182081034098 0.035690358015349394 -1 -1
stick ylego 4 -0.035 0.0 -1 -1 -0.14994384139210695 -0.006560804802659559 -1 -1
stick ylego 4 -0.035 0.0 -1 -1 -0.09366413373639654 -0.037122637492197484 -1 -1
stick ylego 4 -0.035 0.0 -1 -1 -0.09331008903804111 -0.032885272042966374 -1 -1
stick ylego 4 -0.035 0.0 -1 -1 -0.12575262071705753 -0.04569409261833829 -1 -1
stick ylego 4 -0.035 0.0 -1 -1 -0.2513614354019191 0.02526731745473066 -1 -1
stick ylego 4 -0.035 0.0 -1 -1 -0.11862042848247188 0.027641725988862467 -1 -1
stick ylego 4 -0.035 0.0 -1 -1 -0.1209549475722199 0.053102433866105234 -1 -1
stick ylego 4 -0.035 0.0 -1 -1 -0.09844220059946233 -0.07126492078255989 -1 -1
stick ylego 4 -0.035 0.0 -1 -1 -0.09130865070134091 0.044319246078154004 -1 -1
stick ylego 4 -0.035 0.0 -1 -1 -0.14634950621941595 0.0012775993798101425 -1 -1
stick ylego 4 -0.035 0.0 -1 -1 -0.0974552213821123 0.03631100093231962 -1 -1
