stick ylego 4 -0.035 0.0 -1 -1 -0.138222952180479 0.02735888417125464 -1 -1
stick ylego 4 -0.035 0.0 -1 -1 -0.12070561630037949 -0.039614555867236924 -1 -1
stick ylego 4 -0.035 0.0 -1 -1 -0.12261370959067225 0.04732819505668924 -1 -1
stick ylego 4 -0.035 0.0 -1 -1 -0.10770172143729104 -0.026133710370348128 -1 -1
stick ylego 4 -0.035 0.0 -1 -1 -0.14076307413099795 -0.029837210697010827 -1 -1
stick ylego 4 -0.035 0.0 -1 -1 -0.13979722953409515 0.01717611080064515 -1 -1
stick ylego 4 -0.035 0.0 -1 -1 -0.14476294098293016 0.016850701110615388 -1 -1
stick ylego 4 -0.035 0.0 -1 -1 -0.14108239547374238 0.022385031891893583 -1 -1
stick ylego 4 -0.035 0.0 -1 -1 -0.09588535340925085 -0.03314448231789151 -1 -1
stick ylego 4 -0.035 0.0 -1 -1 -0.09581494648434787 -0.03058061544992456 -1 -1
stick ylego 4 -0.035 0.0 -1 -1 -0.13912612987268083 0.023793358361589897 -1 -1
stick ylego 4 -0.035 0.0 -1 -1 -0.1328036423356642 -0.026560682602414374 -1 -1
stick ylego 4 -0.035 0.0 -1 -1 -0.14255326540974012 0.02101815916218334 -1 -1
stick ylego 4 -0.035 0.0 -1 -1 -0.1411072765419973 -0.016600834336588068 -1 -1
stick ylego 4 -0.035 0.0 -1 -1 -0.14650286426526635 0.006519415820996576 -1 -1
stick ylego 4 -0.035 0.0 -1 -1 -0.14221598952356126 0.026093125614836194 -1 -1
stick ylego 4 -0.035 0.0 -1 -1 -0.08157241661041355 0.04903681708969909 -1 -1
stick ylego 4 -0.035 0.0 -1 -1 -0.1453695137326326 0.012115646981754918 -1 -1
stick ylego 4 -0.035 0.0 -1 -1 -0.09208569297654466 -0.03318705782941527 -1 -1
stick ylego 4 -0.035 0.0 -1 -1 -0.10891304428574039 -0.052460196456010924 -1 -1
stick ylego 4 -0.035 0.0 -1 -1 -0.14610215743365315 0.010794000515747958 -1 -1
stick ylego 4 -0.035 0.0 -1 -1 -0.11459207879475361 -0.028457371607447397 -1 -1
stick ylego 4 -0.035 0.0 -1 -1 -0.13317759385177463 0.03034031237805758 -1 -1
stick ylego 4 -0.035 0.0 -1 -1 -0.09540669622967377 -0.031094538342085642 -1 -1
stick ylego 4 -0.035 0.0 -1 -1 -0.11032559487040618 -0.028104395529471523 -1 -1
stick ylego 4 -0.035 0.0 -1 -1 -0.08210439591139468 0.05124563855225131 -1 -1
stick ylego 4 -0.035 0.0 -1 -1 -0.14594032674044013 0.00991462577963748 -1 -1
stick ylego 4 -0.035 0.0 -1 -1 -0.1367922596452556 0.025640349829514106 -1 -1
stick ylego 4 -0.035 0.0 -1 -1 -0.1471272260435901 0.006631438833435812 -1 -1
stick ylego 4 -0.035 0.0 -1 -1 -0.1394493382703448 0.024289570946824504 -1 -1
stick ylego 4 -0.035 0.0 -1 -1 -0.14639165865864118 0.007070268695782324 -1 -1
stick ylego 4 -0.035 0.0 -1 -1 -0.0822840907653467 0.04923366794447988 -1 -1
stick ylego 4 -0.035 0.0 -1 -1 -0.082909939550253 0.03231480701820677 -1 -1
stick ylego 4 -0.035 0.0 -1 -1 -0.1494660041216706 0.015407546074058679 -1 -1
stick ylego 4 -0.035 0.0 -1 -1 -0.14324734876882914 -0.021398132136179415 -1 -1
stick ylego 4 -0.035 0.0 -1 -1 -0.14645245291192258 0.00230274624185038 -1 -1
stick ylego 4 -0.035 0.0 -1 -1 -0.1329811716096998 0.032035871627641196 -1 -1
stick ylego 4 -0.035 0.0 -1 -1 -0.13590932947683965 0.03300427288457724 -1 -1
stick ylego 4 -0.035 0.0 -1 -1 -0.14554818722814164 0.012451448035795109 -1 -1
stick ylego 4 -0.035 0.0 -1 -1 -0.035795025414175556 0.04214556761530253 -1 -1
