stick ylego 4 -0.035 0.0 -1 -1 -0.11621464153764723 0.026107543197257804 -1 -1
stick ylego 4 -0.035 0.0 -1 -1 -0.13968540343117214 0.00012187620345348943 -1 -1
stick ylego 4 -0.035 0.0 -1 -1 -0.11255753525866272 0.02627864677259531 -1 -1
stick ylego 4 -0.035 0.0 -1 -1 -0.1154420127017302 0.043476342384547936 -1 -1
stick ylego 4 -0.035 0.0 -1 -1 -0.11821844050777588 0.026001076408601772 -1 -1
stick ylego 4 -0.035 0.0 -1 -1 -0.1517877024373449 0.006624379203944659 -1 -1
stick ylego 4 -0.035 0.0 -1 -1 -0.11547979139580632 0.043456414708598574 -1 -1
stick ylego 4 -0.035 0.0 -1 -1 -0.12599364048587833 0.041019051167029086 -1 -1
stick ylego 4 -0.035 0.0 -1 -1 -0.12246269884546347 0.025602194025698737 -1 -1
stick ylego 4 -0.035 0.0 -1 -1 -0.115453082868178 0.04348153075761402 -1 -1
stick ylego 4 -0.035 0.0 -1 -1 -0.13983518673455725 0.0004312260913829565 -1 -1
stick ylego 4 -0.035 0.0 -1 -1 -0.12177636994019678 0.02571492768039297 -1 -1
stick ylego 4 -0.035 0.0 -1 -1 -0.11419936627479531 0.04155688508597788 -1 -1
stick ylego 4 -0.035 0.0 -1 -1 -0.11728905212652031 0.026049269822910885 -1 -1
stick ylego 4 -0.035 0.0 -1 -1 -0.15223710483503888 0.007658835365921362 -1 -1
stick ylego 4 -0.035 0.0 -1 -1 -0.11598340609834992 0.026112263654510404 -1 -1
stick ylego 4 -0.035 0.0 -1 -1 -0.15267654866975774 0.008293286405092797 -1 -1
stick ylego 4 -0.035 0.0 -1 -1 -0.11800072454305684 0.026011913872168925 -1 -1
stick ylego 4 -0.035 0.0 -1 -1 -0.11548672423001524 0.04345989192047447 -1 -1
stick ylego 4 -0.035 0.0 -1 -1 -0.11250809730574272 0.026279330329829504 -1 -1
stick ylego 4 -0.035 0.0 -1 -1 -0.11751646192609914 0.045091371516013445 -1 -1
stick ylego 4 -0.035 0.0 -1 -1 -0.11719932174528772 0.044845509353113926 -1 -1
stick ylego 4 -0.035 0.0 -1 -1 -0.1170712634176861 0.026075731749488032 -1 -1
stick ylego 4 -0.035 0.0 -1 -1 -0.11455470552987417 0.04262637294205694 -1 -1
stick ylego 4 -0.035 0.0 -1 -1 -0.13829221625743657 -0.042085910092453785 -1 -1
stick ylego 4 -0.035 0.0 -1 -1 -0.157995261233649 0.01486438449988512 -1 -1
stick ylego 4 -0.035 0.0 -1 -1 -0.11577004554153612 0.04264163764601741 -1 -1
stick ylego 4 -0.035 0.0 -1 -1 -0.1170974802202223 0.044780743720913736 -1 -1
stick ylego 4 -0.035 0.0 -1 -1 -0.11493442402105117 0.042979593645924595 -1 -1
stick ylego 4 -0.035 0.0 -1 -1 -0.11773421508835827 0.04523372057944387 -1 -1
stick ylego 4 -0.035 0.0 -1 -1 -0.11556476000263358 0.0435204233026925 -1 -1
stick ylego 4 -0.035 0.0 -1 -1 -0.1160460006049142 0.043934950133621094 -1 -1
stick ylego 4 -0.035 0.0 -1 -1 -0.11748159112544378 0.026038804916411317 -1 -1
stick ylego 4 -0.035 0.0 -1 -1 -0.1651480997594101 0.007375111893631843 -1 -1
stick ylego 4 -0.035 0.0 -1 -1 -0.11504644513513682 0.042845832787522076 -1 -1
stick ylego 4 -0.035 0.0 -1 -1 -0.11319335581284931 0.026294321247591484 -1 -1
stick ylego 4 -0.035 0.0 -1 -1 -0.1142534745042725 0.041544117936259325 -1 -1
stick ylego 4 -0.035 0.0 -1 -1 -0.11562680268451826 0.02613027782748006 -1 -1
stick ylego 4 -0.035 0.0 -1 -1 -0.11606137461157102 0.026109663838222875 -1 -1
stick ylego 4 -0.035 0.0 -1 -1 -0.14040090167139851 -0.0010531578248214617 -1 -1
stick ylego 4 -0.035 0.0 -1 -1 -0.11376211644890406 0.02627346422871018 -1 -1
stick ylego 4 -0.035 0.0 -1 -1 -0.14819910185360463 -0.016552882007540192 -1 -1
stick ylego 4 -0.035 0.0 -1 -1 -0.11769070800026762 0.02602899133236512 -1 -1
stick ylego 4 -0.035 0.0 -1 -1 -0.11547934411157432 0.0434564796973893 -1 -1
stick ylego 4 -0.035 0.0 -1 -1 -0.14780643706970495 -0.017216414380137816 -1 -1
stick ylego 4 -0.035 0.0 -1 -1 -0.12043903401988018 0.02586914360265001 -1 -1
stick ylego 4 -0.035 0.0 -1 -1 -0.12322748183272977 0.025439801492150492 -1 -1
stick ylego 4 -0.035 0.0 -1 -1 -0.1366712987081434 3.0342161158459125e-05 -1 -1
stick ylego 4 -0.035 0.0 -1 -1 -0.1148650767922474 0.042743130946078 -1 -1
stick ylego 4 -0.035 0.0 -1 -1 -0.1226051343839589 0.02558106665611045 -1 -1
stick ylego 4 -0.035 0.0 -1 -1 -0.11492823977271613 0.04297718757451207 -1 -1
stick ylego 4 -0.035 0.0 -1 -1 -0.15308854590012122 0.008922115235681389 -1 -1
stick ylego 4 -0.035 0.0 -1 -1 -0.1553952842651253 0.012904493150293204 -1 -1
stick ylego 4 -0.035 0.0 -1 -1 -0.144330336925753 -0.008521957473846872 -1 -1
stick ylego 4 -0.035 0.0 -1 -1 -0.13988268932288309 -2.2091661348518514e-06 -1 -1
stick ylego 4 -0.035 0.0 -1 -1 -0.15472484629841232 0.011350825641783286 -1 -1
stick ylego 4 -0.035 0.0 -1 -1 -0.11339314939114886 0.026244099662965054 -1 -1
stick ylego 4 -0.035 0.0 -1 -1 -0.11138306808137607 0.02631608395476074 -1 -1
stick ylego 4 -0.035 0.0 -1 -1 -0.11504524734083907 0.04284399578900915 -1 -1
stick ylego 4 -0.035 0.0 -1 -1 -0.12133587601137713 0.025726846402123266 -1 -1
