stick ylego 4 -0.035 0.0 -1 -1 -0.11228216670817907 0.026286723362065088 -1 -1
stick ylego 4 -0.035 0.0 -1 -1 -0.13972605598130128 0.00010267011776161024 -1 -1
stick ylego 4 -0.035 0.0 -1 -1 -0.11679357269569005 0.04451651485096496 -1 -1
stick ylego 4 -0.035 0.0 -1 -1 -0.13711846593797786 0.044773317324890864 -1 -1
stick ylego 4 -0.035 0.0 -1 -1 -0.11750389122783167 0.026037836468099283 -1 -1
stick ylego 4 -0.035 0.0 -1 -1 -0.14434317270813374 0.0018058750582301615 -1 -1
stick ylego 4 -0.035 0.0 -1 -1 -0.1157047358764967 0.04250083620290213 -1 -1
stick ylego 4 -0.035 0.0 -1 -1 -0.10098447696742995 -0.03314434437816453 -1 -1
stick ylego 4 -0.035 0.0 -1 -1 -0.15167016540428693 0.0067604082821010195 -1 -1
stick ylego 4 -0.035 0.0 -1 -1 -0.12000395831686296 0.0466349085096505 -1 -1
stick ylego 4 -0.035 0.0 -1 -1 -0.15687926771631316 0.016018967527526427 -1 -1
stick ylego 4 -0.035 0.0 -1 -1 -0.12013451255521482 0.025890462442393288 -1 -1
stick ylego 4 -0.035 0.0 -1 -1 -0.12225800924994176 0.02559901225270841 -1 -1
stick ylego 4 -0.035 0.0 -1 -1 -0.1487169080649901 0.04456139828367095 -1 -1
stick ylego 4 -0.035 0.0 -1 -1 -0.11621908356344865 0.04405628629056923 -1 -1
stick ylego 4 -0.035 0.0 -1 -1 -0.11494395535679175 0.04280034782309214 -1 -1
stick ylego 4 -0.035 0.0 -1 -1 -0.11255759821690021 0.0262961155978632 -1 -1
stick ylego 4 -0.035 0.0 -1 -1 -0.11184269617321851 0.026249236871944494 -1 -1
stick ylego 4 -0.035 0.0 -1 -1 -0.17127006478855308 0.014107144051506898 -1 -1
stick ylego 4 -0.035 0.0 -1 -1 -0.14904105888870026 0.004385848105873371 -1 -1
stick ylego 4 -0.035 0.0 -1 -1 -0.15510654638778346 0.012310766610493209 -1 -1
stick ylego 4 -0.035 0.0 -1 -1 -0.12274382864661136 0.025551784223663075 -1 -1
stick ylego 4 -0.035 0.0 -1 -1 -0.11412089098275222 0.026201213145941805 -1 -1
stick ylego 4 -0.035 0.0 -1 -1 -0.11339165852513505 0.026244642162889402 -1 -1
stick ylego 4 -0.035 0.0 -1 -1 -0.11190932410112758 0.0262444371197152 -1 -1
stick ylego 4 -0.035 0.0 -1 -1 -0.12052207726277095 0.04685761275810805 -1 -1
stick ylego 4 -0.035 0.0 -1 -1 -0.11208109998189934 0.026292991303506617 -1 -1
stick ylego 4 -0.035 0.0 -1 -1 -0.12806586891161456 0.049584099052151616 -1 -1
stick ylego 4 -0.035 0.0 -1 -1 -0.11727226186029138 0.026051313772077225 -1 -1
stick ylego 4 -0.035 0.0 -1 -1 -0.10070816205787564 -0.033171013330560224 -1 -1
stick ylego 4 -0.035 0.0 -1 -1 -0.11436513126799985 0.041720910014330516 -1 -1
stick ylego 4 -0.035 0.0 -1 -1 -0.1146298105920006 0.042380813045114825 -1 -1
stick ylego 4 -0.035 0.0 -1 -1 -0.12252234636969286 0.025621738355475467 -1 -1
stick ylego 4 -0.035 0.0 -1 -1 -0.1526908179212794 0.008363965103543895 -1 -1
stick ylego 4 -0.035 0.0 -1 -1 -0.1164960871892618 0.04433740027398685 -1 -1
stick ylego 4 -0.035 0.0 -1 -1 -0.1493548690968332 0.04403260686165995 -1 -1
stick ylego 4 -0.035 0.0 -1 -1 -0.11487277202941884 0.04258414687423296 -1 -1
stick ylego 4 -0.035 0.0 -1 -1 -0.11425979446345189 0.026195292273816444 -1 -1
stick ylego 4 -0.035 0.0 -1 -1 -0.11087576058917958 0.026218252654516546 -1 -1
stick ylego 4 -0.035 0.0 -1 -1 -0.11564224727213668 0.02613112194716378 -1 -1
