stick ylego 4 -0.035 0.0 -1 -1 -0.08963202707833323 0.029656598756477293 -1 -1
stick ylego 4 -0.035 0.0 -1 -1 -0.14424403079060033 -0.0015213018619611234 -1 -1
stick ylego 4 -0.035 0.0 -1 -1 -0.14665589109802116 -0.009900141908935836 -1 -1
stick ylego 4 -0.035 0.0 -1 -1 -0.14696165296082833 -0.0074409620244900955 -1 -1
stick ylego 4 -0.035 0.0 -1 -1 -0.10847022096399882 0.026268721413809405 -1 -1
stick ylego 4 -0.035 0.0 -1 -1 -0.14483724302276138 -0.0038009687514649246 -1 -1
stick ylego 4 -0.035 0.0 -1 -1 -0.14537558615731405 0.011925167807774412 -1 -1
stick ylego 4 -0.035 0.0 -1 -1 -0.10847792915586482 0.026280827167903212 -1 -1
stick ylego 4 -0.035 0.0 -1 -1 -0.10674734024985755 0.027424003718315423 -1 -1
stick ylego 4 -0.035 0.0 -1 -1 -0.09689035248195998 0.03142743106548406 -1 -1
stick ylego 4 -0.035 0.0 -1 -1 -0.13147215779498733 0.04086983213669386 -1 -1
stick ylego 4 -0.035 0.0 -1 -1 -0.106392546621188 0.026920510019887246 -1 -1
stick ylego 4 -0.035 0.0 -1 -1 -0.14594214925747523 0.011483538194091938 -1 -1
stick ylego 4 -0.035 0.0 -1 -1 -0.14610179647617974 0.009954763882902486 -1 -1
stick ylego 4 -0.035 0.0 -1 -1 -0.10465353819821237 0.026313773325667027 -1 -1
stick ylego 4 -0.035 0.0 -1 -1 -0.1469702655802828 0.006874728868924617 -1 -1
stick ylego 4 -0.035 0.0 -1 -1 -0.14585113912950923 0.011924407873658484 -1 -1
stick ylego 4 -0.035 0.0 -1 -1 -0.0958534762296898 0.03240536461940953 -1 -1
stick ylego 4 -0.035 0.0 -1 -1 -0.08757804399427324 0.03308342551998407 -1 -1
stick ylego 4 -0.035 0.0 -1 -1 -0.09657210720512846 0.03290901303337901 -1 -1
stick ylego 4 -0.035 0.0 -1 -1 -0.10872778779625802 0.026242303505166608 -1 -1
stick ylego 4 -0.035 0.0 -1 -1 -0.11319721725655951 0.028113429127296814 -1 -1
stick ylego 4 -0.035 0.0 -1 -1 -0.14579088744379887 0.010618816405373639 -1 -1
stick ylego 4 -0.035 0.0 -1 -1 -0.14719454722562506 0.004528440006334923 -1 -1
stick ylego 4 -0.035 0.0 -1 -1 -0.14709815139570054 -0.0014817508330750861 -1 -1
stick ylego 4 -0.035 0.0 -1 -1 -0.14634760341860648 0.009174036958434221 -1 -1
stick ylego 4 -0.035 0.0 -1 -1 -0.14439898790487948 -0.000603066293478351 -1 -1
stick ylego 4 -0.035 0.0 -1 -1 -0.1462081476812863 0.009986920597425866 -1 -1
stick ylego 4 -0.035 0.0 -1 -1 -0.10548161618328884 0.02650367763560132 -1 -1
stick ylego 4 -0.035 0.0 -1 -1 -0.1463712810152275 0.008686896870601285 -1 -1
stick ylego 4 -0.035 0.0 -1 -1 -0.1466620779134251 -0.0098760311043469 -1 -1
stick ylego 4 -0.035 0.0 -1 -1 -0.1466809627413058 -0.003678854599302191 -1 -1
stick ylego 4 -0.035 0.0 -1 -1 -0.10538468589709822 0.02639342247887001 -1 -1
stick ylego 4 -0.035 0.0 -1 -1 -0.08814638714038643 0.03289663794740433 -1 -1
stick ylego 4 -0.035 0.0 -1 -1 -0.14581473685096666 0.011447633410429505 -1 -1
stick ylego 4 -0.035 0.0 -1 -1 -0.14626551209171307 0.01022893252731286 -1 -1
stick ylego 4 -0.035 0.0 -1 -1 -0.14853442716194787 0.02484384164695703 -1 -1
stick ylego 4 -0.035 0.0 -1 -1 -0.1452611796823559 -0.004560028929037769 -1 -1
stick ylego 4 -0.035 0.0 -1 -1 -0.105184781338413 0.026119818110574462 -1 -1
stick ylego 4 -0.035 0.0 -1 -1 -0.10823515265359014 0.02596395149429114 -1 -1
