stick ylego 4 -0.035 0.0 -1 -1 -0.14748178690299316 0.002906648785171289 -1 -1
stick ylego 4 -0.035 0.0 -1 -1 -0.15315528682079976 0.009452634731043543 -1 -1
stick ylego 4 -0.035 0.0 -1 -1 -0.12251500563093667 0.025601700066784364 -1 -1
stick ylego 4 -0.035 0.0 -1 -1 -0.1172004050487845 0.044842150401908726 -1 -1
stick ylego 4 -0.035 0.0 -1 -1 -0.11548351024201971 0.02613559157787418 -1 -1
stick ylego 4 -0.035 0.0 -1 -1 -0.11525687094750663 0.026145104997426925 -1 -1
stick ylego 4 -0.035 0.0 -1 -1 -0.1489303572676399 -0.020982880186054004 -1 -1
stick ylego 4 -0.035 0.0 -1 -1 -0.14900733336213962 -0.01703014464552652 -1 -1
stick ylego 4 -0.035 0.0 -1 -1 -0.13985734883010426 -4.909622578224414e-05 -1 -1
stick ylego 4 -0.035 0.0 -1 -1 -0.10096914321517911 -0.03308080226139171 -1 -1
stick ylego 4 -0.035 0.0 -1 -1 -0.11746317663567735 0.043281539868736583 -1 -1
stick ylego 4 -0.035 0.0 -1 -1 -0.1682858285083266 0.005415275023258448 -1 -1
stick ylego 4 -0.035 0.0 -1 -1 -0.11088873327275611 0.02625866138613221 -1 -1
stick ylego 4 -0.035 0.0 -1 -1 -0.11722235752516072 0.026053116894753394 -1 -1
stick ylego 4 -0.035 0.0 -1 -1 -0.11618427886536785 0.026109360459719202 -1 -1
stick ylego 4 -0.035 0.0 -1 -1 -0.11470333548923974 0.04275579744466296 -1 -1
stick ylego 4 -0.035 0.0 -1 -1 -0.11988024341474993 0.025907488618108314 -1 -1
stick ylego 4 -0.035 0.0 -1 -1 -0.11344637858284262 0.026240479180447415 -1 -1
stick ylego 4 -0.035 0.0 -1 -1 -0.15176166472663521 0.006934255293281124 -1 -1
stick ylego 4 -0.035 0.0 -1 -1 -0.1469511640016064 -0.011447659570608705 -1 -1
