stick ylego 4 -0.035 0.0 -1 -1 -0.09921078600775218 0.02996792893251811 -1 -1
stick ylego 4 -0.035 0.0 -1 -1 -0.14566992396426198 0.009627267865303659 -1 -1
stick ylego 4 -0.035 0.0 -1 -1 -0.1444793270721605 0.004005035118565068 -1 -1
stick ylego 4 -0.035 0.0 -1 -1 -0.14347988062385827 0.011443853209786437 -1 -1
stick ylego 4 -0.035 0.0 -1 -1 -0.1369005858597868 -0.028262942512532502 -1 -1
stick ylego 4 -0.035 0.0 -1 -1 -0.14719852250260465 0.005160570860437712 -1 -1
stick ylego 4 -0.035 0.0 -1 -1 -0.14662608729668314 -0.0018497489560472759 -1 -1
stick ylego 4 -0.035 0.0 -1 -1 -0.15422757062073417 0.005033875062787207 -1 -1
stick ylego 4 -0.035 0.0 -1 -1 -0.13134948749664369 -0.03277708916796973 -1 -1
stick ylego 4 -0.035 0.0 -1 -1 -0.14650299383230014 0.0019729397305052374 -1 -1
stick ylego 4 -0.035 0.0 -1 -1 -0.14405181731759767 -0.005976421542632645 -1 -1
stick ylego 4 -0.035 0.0 -1 -1 -0.1438724303779568 0.007143324205629988 -1 -1
stick ylego 4 -0.035 0.0 -1 -1 -0.14506585799465976 0.01438596448929105 -1 -1
stick ylego 4 -0.035 0.0 -1 -1 -0.14556467108055687 -0.010190987075737437 -1 -1
stick ylego 4 -0.035 0.0 -1 -1 -0.11255808545525031 0.032774962002162934 -1 -1
stick ylego 4 -0.035 0.0 -1 -1 -0.10097097338683139 0.02983455618228395 -1 -1
stick ylego 4 -0.035 0.0 -1 -1 -0.14524317282534518 0.030744397107602864 -1 -1
stick ylego 4 -0.035 0.0 -1 -1 -0.13289397247853002 -0.02798971614688344 -1 -1
stick ylego 4 -0.035 0.0 -1 -1 -0.1465536236889326 0.003325391486753346 -1 -1
stick ylego 4 -0.035 0.0 -1 -1 -0.14442024252317887 -0.00422853772857898 -1 -1
stick ylego 4 -0.035 0.0 -1 -1 -0.14681488588162123 -0.0009050971540963833 -1 -1
stick ylego 4 -0.035 0.0 -1 -1 -0.14673554524298763 0.006887750033618696 -1 -1
stick ylego 4 -0.035 0.0 -1 -1 -0.14683658068746738 -0.009303651625751889 -1 -1
stick ylego 4 -0.035 0.0 -1 -1 -0.14959647306427068 0.02501619312643499 -1 -1
stick ylego 4 -0.035 0.0 -1 -1 -0.12365575666534769 0.04996866228916001 -1 -1
stick ylego 4 -0.035 0.0 -1 -1 -0.14518725873366548 0.008756819570795523 -1 -1
stick ylego 4 -0.035 0.0 -1 -1 -0.1472219426478906 0.005180350603789955 -1 -1
stick ylego 4 -0.035 0.0 -1 -1 -0.1440007053294436 -0.0021927102482410255 -1 -1
stick ylego 4 -0.035 0.0 -1 -1 -0.14365257259851816 -0.016296075848624986 -1 -1
stick ylego 4 -0.035 0.0 -1 -1 -0.14411417008493604 0.02124103058294084 -1 -1
stick ylego 4 -0.035 0.0 -1 -1 -0.14581436386796318 0.012177462127780293 -1 -1
stick ylego 4 -0.035 0.0 -1 -1 -0.1468245656364636 0.002849171395401286 -1 -1
stick ylego 4 -0.035 0.0 -1 -1 -0.14241669164468349 0.026469503004442105 -1 -1
stick ylego 4 -0.035 0.0 -1 -1 -0.08157425957546496 0.03664011335371634 -1 -1
stick ylego 4 -0.035 0.0 -1 -1 -0.1466124022620464 -0.0006537179189032165 -1 -1
stick ylego 4 -0.035 0.0 -1 -1 -0.14399064666991873 -0.001796879728238379 -1 -1
stick ylego 4 -0.035 0.0 -1 -1 -0.14388865133568157 0.010498414358853259 -1 -1
stick ylego 4 -0.035 0.0 -1 -1 -0.14717740461518847 -0.001134536882837147 -1 -1
stick ylego 4 -0.035 0.0 -1 -1 -0.1109057526222771 0.026389600599106177 -1 -1
stick ylego 4 -0.035 0.0 -1 -1 -0.09644748193634313 0.03665152379917206 -1 -1
