stick ylego 4 -0.035 0.0 -1 -1 -0.13715725876155713 -0.027279594711897316 -1 -1
stick ylego 4 -0.035 0.0 -1 -1 -0.1505081334210358 0.01479844377772854 -1 -1
stick ylego 4 -0.035 0.0 -1 -1 -0.11144592428901365 0.03923084038015975 -1 -1
stick ylego 4 -0.035 0.0 -1 -1 -0.1426520460068576 0.0034583768120192205 -1 -1
stick ylego 4 -0.035 0.0 -1 -1 -0.07509052387388016 0.04380360563273908 -1 -1
stick ylego 4 -0.035 0.0 -1 -1 -0.16358090445903403 -0.012871727289653367 -1 -1
stick ylego 4 -0.035 0.0 -1 -1 -0.1410000841745323 0.027135968391844897 -1 -1
stick ylego 4 -0.035 0.0 -1 -1 -0.13856991684770242 0.01918283242520522 -1 -1
stick ylego 4 -0.035 0.0 -1 -1 -0.1382589039809648 -0.006700664100755635 -1 -1
stick ylego 4 -0.035 0.0 -1 -1 -0.14447776432928988 0.021680148847686872 -1 -1
stick ylego 4 -0.035 0.0 -1 -1 -0.15421085696980724 -0.017666512588196286 -1 -1
stick ylego 4 -0.035 0.0 -1 -1 -0.12862670959165293 -0.051918749938909915 -1 -1
stick ylego 4 -0.035 0.0 -1 -1 -0.14631287091074135 -0.014845211340217612 -1 -1
stick ylego 4 -0.035 0.0 -1 -1 -0.08111813182886005 -0.03649473006136442 -1 -1
stick ylego 4 -0.035 0.0 -1 -1 -0.14809773800855872 -0.011411631509892122 -1 -1
stick ylego 4 -0.035 0.0 -1 -1 -0.07415281195732887 -0.035090153310707924 -1 -1
stick ylego 4 -0.035 0.0 -1 -1 -0.15564756875459887 0.015184866669333177 -1 -1
stick ylego 4 -0.035 0.0 -1 -1 -0.15403466558538548 0.004034253546835096 -1 -1
stick ylego 4 -0.035 0.0 -1 -1 -0.12515211057816578 -0.029454721604992726 -1 -1
stick ylego 4 -0.035 0.0 -1 -1 -0.08524103634656467 -0.03607233989933539 -1 -1
stick ylego 4 -0.035 0.0 -1 -1 -0.1384771276638325 0.013251320352915694 -1 -1
stick ylego 4 -0.035 0.0 -1 -1 -0.12139734254477048 0.04830859717992902 -1 -1
stick ylego 4 -0.035 0.0 -1 -1 -0.06587224642786134 -0.02631204201480033 -1 -1
stick ylego 4 -0.035 0.0 -1 -1 -0.06511953112152462 -0.042633188645017896 -1 -1
stick ylego 4 -0.035 0.0 -1 -1 -0.0920027242768504 0.031989082419372226 -1 -1
stick ylego 4 -0.035 0.0 -1 -1 -0.14206264040015984 -0.008518018626447257 -1 -1
stick ylego 4 -0.035 0.0 -1 -1 -0.049146273472254684 0.0343395608727662 -1 -1
stick ylego 4 -0.035 0.0 -1 -1 -0.14345398957542163 -0.02010253159453717 -1 -1
stick ylego 4 -0.035 0.0 -1 -1 -0.13669822336387505 0.023380492372201418 -1 -1
stick ylego 4 -0.035 0.0 -1 -1 -0.06636927682844665 -0.03910364993769278 -1 -1
stick ylego 4 -0.035 0.0 -1 -1 -0.1368268583207716 -0.024855049904370697 -1 -1
stick ylego 4 -0.035 0.0 -1 -1 -0.14520046815477977 0.0005170363151380245 -1 -1
stick ylego 4 -0.035 0.0 -1 -1 -0.15323068465170922 -0.007452289813359629 -1 -1
stick ylego 4 -0.035 0.0 -1 -1 -0.13745554943132574 0.008693321574721581 -1 -1
stick ylego 4 -0.035 0.0 -1 -1 -0.09580436408444723 -0.03260230829507539 -1 -1
stick ylego 4 -0.035 0.0 -1 -1 -0.07468715084016338 0.03784037046291574 -1 -1
stick ylego 4 -0.035 0.0 -1 -1 -0.07231509496146436 -0.02660598424526631 -1 -1
stick ylego 4 -0.035 0.0 -1 -1 -0.1414889660938418 -0.002573917549832988 -1 -1
stick ylego 4 -0.035 0.0 -1 -1 -0.1248653185431475 -0.04169137559287022 -1 -1
stick ylego 4 -0.035 0.0 -1 -1 -0.04035436033492638 -0.0355655125928939 -1 -1
