stick ylego 4 -0.035 0.0 -1 -1 -0.14352237502374235 0.003391637734599379 -1 -1
stick ylego 4 -0.035 0.0 -1 -1 -0.13886673193269 -0.028176685393644606 -1 -1
stick ylego 4 -0.035 0.0 -1 -1 -0.1457020573389246 -0.011588644803543153 -1 -1
stick ylego 4 -0.035 0.0 -1 -1 -0.14400628682749053 0.007171014114272842 -1 -1
stick ylego 4 -0.035 0.0 -1 -1 -0.14599461765075275 0.011295532149247547 -1 -1
stick ylego 4 -0.035 0.0 -1 -1 -0.042711832290091886 -0.03395802740951168 -1 -1
stick ylego 4 -0.035 0.0 -1 -1 -0.13298626279860118 -0.03131796879236138 -1 -1
stick ylego 4 -0.035 0.0 -1 -1 -0.1461794630702846 0.029566526861013225 -1 -1
stick ylego 4 -0.035 0.0 -1 -1 -0.08371306004654987 -0.03748971061038509 -1 -1
stick ylego 4 -0.035 0.0 -1 -1 -0.09021402802241141 -0.02685365035149082 -1 -1
stick ylego 4 -0.035 0.0 -1 -1 -0.14710392753481627 0.003433752480126575 -1 -1
stick ylego 4 -0.035 0.0 -1 -1 -0.10651427590676084 0.027685559089076717 -1 -1
stick ylego 4 -0.035 0.0 -1 -1 -0.14582059365788388 0.003922673974906435 -1 -1
stick ylego 4 -0.035 0.0 -1 -1 -0.1551921851032976 0.029521936311618945 -1 -1
stick ylego 4 -0.035 0.0 -1 -1 -0.129791274335495 -0.034905995771295086 -1 -1
stick ylego 4 -0.035 0.0 -1 -1 -0.14490990185315572 5.863424035153034e-05 -1 -1
stick ylego 4 -0.035 0.0 -1 -1 -0.04286878939047621 -0.03203410182197192 -1 -1
stick ylego 4 -0.035 0.0 -1 -1 -0.15601982261850578 0.0013555698219230748 -1 -1
stick ylego 4 -0.035 0.0 -1 -1 -0.18172137348990208 -0.011937536058060798 -1 -1
stick ylego 4 -0.035 0.0 -1 -1 -0.14845813180875636 0.0022906175675154843 -1 -1
stick ylego 4 -0.035 0.0 -1 -1 -0.13375069833606243 -0.03131641355732173 -1 -1
stick ylego 4 -0.035 0.0 -1 -1 -0.14756224702165682 0.024446802406297256 -1 -1
stick ylego 4 -0.035 0.0 -1 -1 -0.09296543747833542 0.0278112161212403 -1 -1
stick ylego 4 -0.035 0.0 -1 -1 -0.15350538836076247 0.03561068582131655 -1 -1
stick ylego 4 -0.035 0.0 -1 -1 -0.14665538113703214 -0.0032056016704336537 -1 -1
stick ylego 4 -0.035 0.0 -1 -1 -0.10157300636842698 -0.027317818787551122 -1 -1
stick ylego 4 -0.035 0.0 -1 -1 -0.08336460927291961 -0.03887086811341724 -1 -1
stick ylego 4 -0.035 0.0 -1 -1 -0.1441580571457304 0.002064717046214581 -1 -1
stick ylego 4 -0.035 0.0 -1 -1 -0.15650744046968146 0.013556050974788271 -1 -1
stick ylego 4 -0.035 0.0 -1 -1 -0.10317725762381202 0.028731452141233238 -1 -1
stick ylego 4 -0.035 0.0 -1 -1 -0.14419147954638142 -0.014214491790032825 -1 -1
stick ylego 4 -0.035 0.0 -1 -1 -0.04316997625136002 -0.02973994113304318 -1 -1
stick ylego 4 -0.035 0.0 -1 -1 -0.08479311016184345 -0.03354412261435714 -1 -1
stick ylego 4 -0.035 0.0 -1 -1 -0.14658494720404053 0.006411179069558922 -1 -1
stick ylego 4 -0.035 0.0 -1 -1 -0.14654766748256765 0.006134066260743206 -1 -1
stick ylego 4 -0.035 0.0 -1 -1 -0.14538626396509266 0.00721977397307329 -1 -1
stick ylego 4 -0.035 0.0 -1 -1 -0.13927389536111343 -0.025039106669460062 -1 -1
stick ylego 4 -0.035 0.0 -1 -1 -0.14650642398395697 0.005443797652665506 -1 -1
stick ylego 4 -0.035 0.0 -1 -1 -0.10638722870259312 0.026488191662059936 -1 -1
stick ylego 4 -0.035 0.0 -1 -1 -0.14639873304687648 -0.006119770562284616 -1 -1
