5.5509720432707095
1.409119947442802
352.2774043769725
0.25640449809157567
1.8141162736578416
0.1154021489610878
1.590623760415826
0.15312499459384352
5.754732713471512
1.6580018189550483
349.7479367651233
0.4330532238233365
1.5111908752946754
0.04524403058103138
2.2673373059762456
0.12337699808781238
5.5819724369867805
1.2508731294853659
180.37723937542825
0.33916937270985836
1.5200352897932659
0.18041820495116234
2.2349928532533148
0.15915410196710145
6.929908721474348
1.640643226626444
125.44155868078059
0.3436706667023306
1.6925996000684154
0.15139013501203635
1.7951955652180298
0.18995713118151358
7.029819224367715
1.9342642941300503
361.41502439065425
0.6786553480616662
1.5460503576276876
0.05663378401263275
1.8603459742504447
0.02406937700667738
5.589313386233112
1.88445572975566
324.78287252077615
0.5607585603973939
1.6484806352786152
0.166199695065216
2.1625713256632197
0.08528362552979635
4.106262054071799
1.3587188738756966
374.47343110227064
0.31645411010716884
1.3155405655411725
0.06998621502998409
2.074447042272608
0.1868678840122759
6.451918594257579
1.3719654673733075
562.8821303448252
0.6101900792324555
2.2069179622041557
0.2836141609946672
1.8868595547198965
0.11921096198666459
5.712660644684108
1.8411713179438327
474.8042490276735
0.3747423297811475
1.3258709679154945
0.10289761957954036
1.6572977845812247
0.046750145119817454
5.098139285425591
1.568362494196536
328.88732221544524
0.21355162932796326
1.3732121822284669
0.021039056811659837
1.8453496497830422
0.08422868810619047
6.989659767270254
1.4984727906555024
365.6776424950083
0.4330722235117289
1.5734196321605758
0.05392519801359397
1.4380140313728946
0.08296795134945606
6.2454192591199975
1.3074812541949505
370.6332354356301
0.23420241773923794
1.6943998824940798
0.13163430373509288
1.9757668174261096
0.06054504967791223
6.14309524529787
1.6132554518332984
279.7883762271789
0.37823245449417864
1.5938206231815877
0.096906922899554
1.762636438027997
0.07378510490645021
5.689227550498908
1.7957466724968567
276.8316034115533
0.3769518215333555
1.58305961914057
0.05975456129815723
2.3891271814749944
0.029246225917195584
6.126225632222645
1.6996841462590204
239.76220215868017
0.3257011893636813
1.4811172947912241
0.08473903197904639
1.700803709453203
0.1334672531562365
6.964715553948404
1.51039183989131
218.57003980638794
0.44151477062873
1.5517026630083735
0.1382776833865782
0.8397309516471366
0.07786754014613531
6.314615682137716
1.4894067088408982
399.350501889297
0.3364664528050398
1.5081521634832935
0.06889208780021122
1.431694059680519
0.05436316934030411
6.282522148446882
1.4725420744739115
200.06534484965704
0.36251623540508127
1.5475548580478045
0.06730276940786756
1.9802496137022387
0.08287931962322276
5.07767181076982
1.539724317646825
314.99793748762994
0.394685429693852
1.6116894815576601
0.04072812851635335
2.026158977088605
0.14986143553144987
6.554914612634218
1.4516483010315617
328.7926445362025
0.4420870321955934
1.4277011412957301
0.26189839425794625
2.0354143495075134
0.17838233629895284
5.419602069736351
1.4193509285585513
251.961517605636
0.463015104523529
1.8458698393255157
0.05227462014309632
2.001100087219588
0.058369899026701894
6.104946396276892
1.2479086216464397
330.4956513822474
0.34637720531906835
1.6496735334772683
0.3652096087887948
1.6795693814090702
0.06143683491835675
6.268299121607068
1.6571523231126402
364.2263761870678
0.3411400966084532
1.7142053184452801
0.22679040878218182
2.0525527714157654
0.09334264093998806
5.0422394827438515
1.4211823367789138
326.6178893112541
0.4985673424320241
1.483871908489688
0.283778569129878
1.7265861234944524
0.0593244556540638
6.361934606733638
1.4518354387918948
369.29214971040483
0.40603805230206125
1.5770935447235404
0.007695984994792548
1.8710548555921842
0.08611558732659941
5.864838921307948
1.637351507201077
366.4394139573244
0.3268030265232893
1.824778138558829
0.08429219463354748
2.209064922135629
0.08112564071138054
4.174754332267569
1.500224761759107
338.262353789399
0.3576272896366633
1.1951861543782827
0.12073383448075192
1.8509650296218505
0.01837887361424416
6.205093218669749
1.466973138714164
407.6615248737879
0.3826375452450969
1.5212996068788165
0.11826268507235896
2.360014060148959
0.056069576987513706
6.341755916716442
1.3855318512061183
315.1943861179745
0.3436262298065251
1.6361905902143792
0.1260790580451353
1.9769130362822236
0.0736053907614646
5.74227953109596
1.6291387080129516
243.32671170364853
0.44527924423309934
1.5296850686996462
0.09804785769648217
2.036259601422297
0.06577321125594254
