rake ylego 4 -0.04 0.0 -1 -1 -0.1455400694704512 -0.005090478008847803 -1 -1
rake ylego 4 -0.04 0.0 -1 -1 -0.07112669096714354 -0.042295248726197686 -1 -1
rake ylego 4 -0.04 0.0 -1 -1 -0.1544991384930312 -0.018163413871592825 -1 -1
rake ylego 4 -0.04 0.0 -1 -1 -0.14172592353404426 -0.00758811981256061 -1 -1
rake ylego 4 -0.04 0.0 -1 -1 -0.07462230950268883 0.03020844979623176 -1 -1
rake ylego 4 -0.04 0.0 -1 -1 -0.07108196562935269 -0.01558770573353632 -1 -1
rake ylego 4 -0.04 0.0 -1 -1 -0.15885473806521566 0.06998303931707635 -1 -1
rake ylego 4 -0.04 0.0 -1 -1 -0.15447355529203327 0.005734419201180207 -1 -1
rake ylego 4 -0.04 0.0 -1 -1 -0.1569490269356391 -0.03176058191923473 -1 -1
rake ylego 4 -0.04 0.0 -1 -1 -0.14745886273060785 0.010470477533010973 -1 -1
rake ylego 4 -0.04 0.0 -1 -1 -0.15628668586423772 -0.01527962976821378 -1 -1
rake ylego 4 -0.04 0.0 -1 -1 -0.1417902463795358 -0.0023308329585291195 -1 -1
rake ylego 4 -0.04 0.0 -1 -1 -0.1600274488666143 0.03257256222888081 -1 -1
rake ylego 4 -0.04 0.0 -1 -1 -0.1453978706849521 0.02449436020480517 -1 -1
rake ylego 4 -0.04 0.0 -1 -1 -0.1696774524893471 0.0335960287388721 -1 -1
rake ylego 4 -0.04 0.0 -1 -1 -0.14408538897938405 0.05485129596407369 -1 -1
rake ylego 4 -0.04 0.0 -1 -1 -0.0621894121473015 -0.015410471464090168 -1 -1
rake ylego 4 -0.04 0.0 -1 -1 -0.14806471422181813 -0.003960924731772918 -1 -1
rake ylego 4 -0.04 0.0 -1 -1 -0.07374297905106332 0.015022077723006112 -1 -1
rake ylego 4 -0.04 0.0 -1 -1 -0.14756347559708094 0.0030419686387786115 -1 -1
rake ylego 4 -0.04 0.0 -1 -1 -0.15014375612157851 0.013341151393961026 -1 -1
rake ylego 4 -0.04 0.0 -1 -1 -0.15783028758820386 0.030654816737990136 -1 -1
rake ylego 4 -0.04 0.0 -1 -1 -0.03621569851591262 0.0031287857616632444 -1 -1
rake ylego 4 -0.04 0.0 -1 -1 -0.15476484247690875 -0.008629119127584375 -1 -1
rake ylego 4 -0.04 0.0 -1 -1 -0.14912913597311003 0.008395263600475648 -1 -1
rake ylego 4 -0.04 0.0 -1 -1 -0.15345662316618505 0.003308000699166918 -1 -1
rake ylego 4 -0.04 0.0 -1 -1 -0.1783978652187071 0.04722575863362677 -1 -1
rake ylego 4 -0.04 0.0 -1 -1 -0.15116235915535256 -0.0023412119364539016 -1 -1
rake ylego 4 -0.04 0.0 -1 -1 -0.0676119181705391 0.014217651589866265 -1 -1
rake ylego 4 -0.04 0.0 -1 -1 -0.14570627930370875 -0.02409886042171743 -1 -1
rake ylego 4 -0.04 0.0 -1 -1 -0.15218431998564969 0.024326932394705094 -1 -1
rake ylego 4 -0.04 0.0 -1 -1 -0.14522858763436286 0.03142497828082085 -1 -1
rake ylego 4 -0.04 0.0 -1 -1 -0.1487478660257713 -0.02572635730809994 -1 -1
rake ylego 4 -0.04 0.0 -1 -1 -0.15641669679285225 0.033180996630120446 -1 -1
rake ylego 4 -0.04 0.0 -1 -1 -0.07133329997999963 0.03249083802096666 -1 -1
rake ylego 4 -0.04 0.0 -1 -1 -0.14628129898982972 -0.003791757429569438 -1 -1
rake ylego 4 -0.04 0.0 -1 -1 -0.1503958893107667 0.0007181717211520974 -1 -1
rake ylego 4 -0.04 0.0 -1 -1 -0.07237133600349573 -0.01299238054435757 -1 -1
rake ylego 4 -0.04 0.0 -1 -1 -0.07281240729240335 0.006378462353403786 -1 -1
rake ylego 4 -0.04 0.0 -1 -1 -0.05023584895553809 -0.007008256551697948 -1 -1
