rake ylego 4 -0.04 0.0 -1 -1 -0.14909067290640982 0.0035251743656777622 -1 -1 0 0 0 
rake ylego 4 -0.04 0.0 -1 -1 -0.07172130631373051 0.0018393776999432263 -1 -1 0 0 0.08726646259971647 
rake ylego 4 -0.04 0.0 -1 -1 -0.1482263808187875 -0.00037004698700707044 -1 -1 0 0 0.5235987755982988 
rake ylego 4 -0.04 0.0 -1 -1 -0.06798194115761497 0.032157621738614174 -1 -1 0 0 1.5707963267948966 
rake ylego 4 -0.04 0.0 -1 -1 -0.07443527293102226 0.011159658835739694 -1 -1 0 0.08726646259971647 0.08726646259971647 
rake ylego 4 -0.04 0.0 -1 -1 -0.15257747578625225 0.04581712888875104 -1 -1 0 0.08726646259971647 0.5235987755982988 
rake ylego 4 -0.04 0.0 -1 -1 -0.07048297260748022 0.007093675757279223 -1 -1 0 0.08726646259971647 1.5707963267948966 
rake ylego 4 -0.04 0.0 -1 -1 -0.14659331413895638 -0.0022166154152749584 -1 -1 0 0.5235987755982988 0.5235987755982988 
rake ylego 4 -0.04 0.0 -1 -1 -0.06939705556459502 -0.014836905908691954 -1 -1 0 0.5235987755982988 1.5707963267948966 
rake ylego 4 -0.04 0.0 -1 -1 -0.15969360832903712 -0.002451351620869847 -1 -1 0 1.5707963267948966 1.5707963267948966 
rake ylego 4 -0.04 0.0 -1 -1 -0.16311523382557308 0.0179976723186632 -1 -1 0.08726646259971647 0.08726646259971647 0.08726646259971647 
rake ylego 4 -0.04 0.0 -1 -1 -0.1454227211957923 0.0036609959307514596 -1 -1 0.08726646259971647 0.08726646259971647 0.5235987755982988 
rake ylego 4 -0.04 0.0 -1 -1 -0.1622355796913995 0.012827040887839475 -1 -1 0.08726646259971647 0.08726646259971647 1.5707963267948966 
rake ylego 4 -0.04 0.0 -1 -1 -0.1500927520981008 -0.005013259253468739 -1 -1 0.08726646259971647 0.5235987755982988 0.5235987755982988 
rake ylego 4 -0.04 0.0 -1 -1 -0.14459435376613758 0.025112020986418043 -1 -1 0.08726646259971647 0.5235987755982988 1.5707963267948966 
rake ylego 4 -0.04 0.0 -1 -1 -0.15166008527837832 -0.05661698471408095 -1 -1 0.08726646259971647 1.5707963267948966 1.5707963267948966 
rake ylego 4 -0.04 0.0 -1 -1 -0.14738407467339443 -0.004205141700795365 -1 -1 0.5235987755982988 0.5235987755982988 0.5235987755982988 
rake ylego 4 -0.04 0.0 -1 -1 -0.14276596660115828 -0.03987290716337698 -1 -1 0.5235987755982988 0.5235987755982988 1.5707963267948966 
rake ylego 4 -0.04 0.0 -1 -1 -0.15155006200445292 0.015500845987098775 -1 -1 0.5235987755982988 1.5707963267948966 1.5707963267948966 
rake ylego 4 -0.04 0.0 -1 -1 -0.15140696445049137 0.0016534763491692648 -1 -1 1.5707963267948966 1.5707963267948966 1.5707963267948966 
