rake ylego 4 -0.04 0.0 -1 -1 -0.16056954858924186 0.012588824516154529 -1 -1
rake ylego 4 -0.04 0.0 -1 -1 -0.1729867555534745 0.0076748506032042335 -1 -1
rake ylego 4 -0.04 0.0 -1 -1 -0.1570325137494053 0.007866408549670982 -1 -1
rake ylego 4 -0.04 0.0 -1 -1 -0.1450235844665778 0.047904179719963365 -1 -1
rake ylego 4 -0.04 0.0 -1 -1 -0.15702947643581097 0.009515415622643787 -1 -1
rake ylego 4 -0.04 0.0 -1 -1 -0.1459532756631813 0.04633433131633711 -1 -1
rake ylego 4 -0.04 0.0 -1 -1 -0.15792173708887683 0.0087194695736027 -1 -1
rake ylego 4 -0.04 0.0 -1 -1 -0.14708797559317327 0.04451585698490404 -1 -1
rake ylego 4 -0.04 0.0 -1 -1 -0.1453105278309085 -0.03956848648252077 -1 -1
rake ylego 4 -0.04 0.0 -1 -1 -0.14850336583200643 -0.01270517328684402 -1 -1
rake ylego 4 -0.04 0.0 -1 -1 -0.16022396489397722 0.011767677083822212 -1 -1
rake ylego 4 -0.04 0.0 -1 -1 -0.17159595040397724 0.0048298512298298735 -1 -1
rake ylego 4 -0.04 0.0 -1 -1 -0.17028826085176593 0.006953697871058647 -1 -1
rake ylego 4 -0.04 0.0 -1 -1 -0.14604813028558436 0.04646974890070669 -1 -1
rake ylego 4 -0.04 0.0 -1 -1 -0.15651471461993438 0.0072789398004558395 -1 -1
rake ylego 4 -0.04 0.0 -1 -1 -0.15903080253340043 0.012664169107213767 -1 -1
rake ylego 4 -0.04 0.0 -1 -1 -0.14670949073515657 0.04534447262967167 -1 -1
rake ylego 4 -0.04 0.0 -1 -1 -0.1390225905474193 0.05075753413393414 -1 -1
rake ylego 4 -0.04 0.0 -1 -1 -0.14693458915780994 -0.009473557393309842 -1 -1
rake ylego 4 -0.04 0.0 -1 -1 -0.1461097168105967 -0.007914487429117502 -1 -1
