rake ylego 4 -0.04 0.0 -1 -1 -0.1619005800055024 0.015073666847653105 -1 -1
rake ylego 4 -0.04 0.0 -1 -1 -0.1454733592034525 0.047295366261873716 -1 -1
rake ylego 4 -0.04 0.0 -1 -1 -0.14716460600269346 5.9760730445777964e-05 -1 -1
rake ylego 4 -0.04 0.0 -1 -1 -0.14414571481667207 -0.03711726896963714 -1 -1
rake ylego 4 -0.04 0.0 -1 -1 -0.15556792452827467 0.007668073906431593 -1 -1
rake ylego 4 -0.04 0.0 -1 -1 -0.1457217274885416 0.046974659250124014 -1 -1
rake ylego 4 -0.04 0.0 -1 -1 -0.14651101069580283 0.04533006305575028 -1 -1
rake ylego 4 -0.04 0.0 -1 -1 -0.14704920763613 0.04464138507426323 -1 -1
rake ylego 4 -0.04 0.0 -1 -1 -0.14910425783709735 0.00261059771715274 -1 -1
rake ylego 4 -0.04 0.0 -1 -1 -0.14497766512868507 0.04790708479943916 -1 -1
rake ylego 4 -0.04 0.0 -1 -1 -0.15072669866717278 -0.016028658363402518 -1 -1
rake ylego 4 -0.04 0.0 -1 -1 -0.15512548005733165 0.007218713344985567 -1 -1
rake ylego 4 -0.04 0.0 -1 -1 -0.14583330079351842 0.04683345959101807 -1 -1
rake ylego 4 -0.04 0.0 -1 -1 -0.16267305343103777 0.017386670883059376 -1 -1
rake ylego 4 -0.04 0.0 -1 -1 -0.14703754632611252 0.04462228236489915 -1 -1
rake ylego 4 -0.04 0.0 -1 -1 -0.14779106258792296 -0.0006332935820521155 -1 -1
rake ylego 4 -0.04 0.0 -1 -1 -0.15240500822362493 -0.020586391300332713 -1 -1
rake ylego 4 -0.04 0.0 -1 -1 -0.14823643088409125 -0.006528167247454435 -1 -1
rake ylego 4 -0.04 0.0 -1 -1 -0.14481516505290454 -0.006112016743186889 -1 -1
rake ylego 4 -0.04 0.0 -1 -1 -0.13893982284058745 -0.00012881706820105503 -1 -1
