rake ylego 4 -0.04 0.0 -1 -1 -0.1444314531550819 -0.002672263173752601 -1 -1 -1.5707963267948966 0 0 
rake ylego 4 -0.04 0.0 -1 -1 -0.14896381750883153 0.023142705954634916 -1 -1 -1.0471975511965976 0 0 
rake ylego 4 -0.04 0.0 -1 -1 -0.143874702901726 -0.04955451690718001 -1 -1 -0.7853981633974483 0 0 
rake ylego 4 -0.04 0.0 -1 -1 -0.14769081116911076 0.04300191634383801 -1 -1 -0.5235987755982988 0 0 
rake ylego 4 -0.04 0.0 -1 -1 -0.15880110278654613 0.012499411416517387 -1 -1 -0.2617993877991494 0 0 
rake ylego 4 -0.04 0.0 -1 -1 -0.1525312719538658 -0.023448525805680322 -1 -1 -0.08726646259971647 0 0 
rake ylego 4 -0.04 0.0 -1 -1 -0.15902720530800807 0.04055815568722197 -1 -1 0 0 0 
rake ylego 4 -0.04 0.0 -1 -1 -0.16060490647849981 0.012365468229669128 -1 -1 0.08726646259971647 0 0 
rake ylego 4 -0.04 0.0 -1 -1 -0.1442020111984934 -0.037847446225547116 -1 -1 0.2617993877991494 0 0 
rake ylego 4 -0.04 0.0 -1 -1 -0.14736364766475366 6.381785290850447e-05 -1 -1 0.5235987755982988 0 0 
rake ylego 4 -0.04 0.0 -1 -1 -0.14919459605647656 0.03668618368370773 -1 -1 0.7853981633974483 0 0 
rake ylego 4 -0.04 0.0 -1 -1 -0.18699135709714879 0.032281764415559175 -1 -1 1.0471975511965976 0 0 
rake ylego 4 -0.04 0.0 -1 -1 -0.14403619868102377 -0.00010104087178395206 -1 -1 1.5707963267948966 0 0 
