rake ylego 4 -0.04 0.0 -1 -1 -0.14207692299389169 0.0008195802282076521 -1 -1 0 -1.5707963267948966 0 
rake ylego 4 -0.04 0.0 -1 -1 -0.14211262915954814 0.0018202038659108203 -1 -1 0 -1.0471975511965976 0 
rake ylego 4 -0.04 0.0 -1 -1 -0.14220470520926157 0.0006006416465981506 -1 -1 0 -0.7853981633974483 0 
rake ylego 4 -0.04 0.0 -1 -1 -0.13874244291264606 -0.0011264700940604622 -1 -1 0 -0.5235987755982988 0 
rake ylego 4 -0.04 0.0 -1 -1 -0.13876842791070385 -0.0013045458689157586 -1 -1 0 -0.2617993877991494 0 
rake ylego 4 -0.04 0.0 -1 -1 -0.13886951087718372 -0.0010127516185802262 -1 -1 0 -0.08726646259971647 0 
rake ylego 4 -0.04 0.0 -1 -1 -0.13886505112187753 -0.0012203841208592277 -1 -1 0 0 0 
rake ylego 4 -0.04 0.0 -1 -1 -0.13879271541485297 -0.0011124345721362588 -1 -1 0 0.08726646259971647 0 
rake ylego 4 -0.04 0.0 -1 -1 -0.13899500154324462 -0.0008953890099632606 -1 -1 0 0.2617993877991494 0 
rake ylego 4 -0.04 0.0 -1 -1 -0.13892914207128315 -0.0010389262337287299 -1 -1 0 0.5235987755982988 0 
rake ylego 4 -0.04 0.0 -1 -1 -0.14586319021069802 -0.00023172695079784136 -1 -1 0 0.7853981633974483 0 
rake ylego 4 -0.04 0.0 -1 -1 -0.145818446753604 -0.0014771922060510467 -1 -1 0 1.0471975511965976 0 
rake ylego 4 -0.04 0.0 -1 -1 -0.14587185447069148 6.210854766700468e-07 -1 -1 0 1.5707963267948966 0 
