rake ylego 4 -0.04 0.0 -1 -1 -0.14704560746568693 0.0016820073628617228 -1 -1 0 0 -1.5707963267948966 
rake ylego 4 -0.04 0.0 -1 -1 -0.14662400481251867 -0.03975879752210038 -1 -1 0 0 -1.0471975511965976 
rake ylego 4 -0.04 0.0 -1 -1 -0.06990622108269624 0.05009533201382479 -1 -1 0 0 -0.7853981633974483 
rake ylego 4 -0.04 0.0 -1 -1 -0.15206345063222607 0.008899447726886377 -1 -1 0 0 -0.5235987755982988 
rake ylego 4 -0.04 0.0 -1 -1 -0.07084934606803346 -0.006473647101806657 -1 -1 0 0 -0.2617993877991494 
rake ylego 4 -0.04 0.0 -1 -1 -0.07668906796652694 -0.001450159702968239 -1 -1 0 0 -0.08726646259971647 
rake ylego 4 -0.04 0.0 -1 -1 -0.14909067290640982 0.0035251743656777622 -1 -1 0 0 0 
rake ylego 4 -0.04 0.0 -1 -1 -0.07172130631373051 0.0018393776999432263 -1 -1 0 0 0.08726646259971647 
rake ylego 4 -0.04 0.0 -1 -1 -0.14580774337261795 -0.00014677159687317664 -1 -1 0 0 0.2617993877991494 
rake ylego 4 -0.04 0.0 -1 -1 -0.1482263808187875 -0.00037004698700707044 -1 -1 0 0 0.5235987755982988 
rake ylego 4 -0.04 0.0 -1 -1 -0.18238254548720298 -0.013778766817620141 -1 -1 0 0 0.7853981633974483 
rake ylego 4 -0.04 0.0 -1 -1 -0.14753401137780156 0.016852470484054735 -1 -1 0 0 1.0471975511965976 
rake ylego 4 -0.04 0.0 -1 -1 -0.06798194115761497 0.032157621738614174 -1 -1 0 0 1.5707963267948966 
