rake ylego 4 -0.04 0.0 -1 -1 -0.15274595248803022 0.004041037993841826 -1 -1
rake ylego 4 -0.04 0.0 -1 -1 -0.07650596010255412 -0.006289541107733575 -1 -1
rake ylego 4 -0.04 0.0 -1 -1 -0.15634055446906336 0.05029547182403664 -1 -1
rake ylego 4 -0.04 0.0 -1 -1 -0.15304363388921396 -0.0006149456927192887 -1 -1
rake ylego 4 -0.04 0.0 -1 -1 -0.14683784815531312 -0.0012377750833040685 -1 -1
rake ylego 4 -0.04 0.0 -1 -1 -0.06392181396223902 -0.030560068378353938 -1 -1
rake ylego 4 -0.04 0.0 -1 -1 -0.07362970565289965 0.02024364284435288 -1 -1
rake ylego 4 -0.04 0.0 -1 -1 -0.1481540994072075 0.01784298497087052 -1 -1
rake ylego 4 -0.04 0.0 -1 -1 -0.07477186414759064 0.014004417021795546 -1 -1
rake ylego 4 -0.04 0.0 -1 -1 -0.1540830522900255 0.0038159727825951336 -1 -1
rake ylego 4 -0.04 0.0 -1 -1 -0.14749871600318593 0.037400428819569245 -1 -1
rake ylego 4 -0.04 0.0 -1 -1 -0.15364658776963705 0.0027960137189660846 -1 -1
rake ylego 4 -0.04 0.0 -1 -1 -0.16568474129496757 0.0021518521360130334 -1 -1
rake ylego 4 -0.04 0.0 -1 -1 -0.1655959278330595 -0.0030380651666295634 -1 -1
rake ylego 4 -0.04 0.0 -1 -1 -0.15015217106558307 0.0035579084616804294 -1 -1
rake ylego 4 -0.04 0.0 -1 -1 -0.154320120873237 0.006200997288361021 -1 -1
rake ylego 4 -0.04 0.0 -1 -1 -0.03819091117107962 0.04913765506639672 -1 -1
rake ylego 4 -0.04 0.0 -1 -1 -0.15297450493237397 0.00516702807501999 -1 -1
rake ylego 4 -0.04 0.0 -1 -1 -0.1493329146534344 0.011605339329325058 -1 -1
rake ylego 4 -0.04 0.0 -1 -1 -0.1529823570233042 -0.008893962392277278 -1 -1
rake ylego 4 -0.04 0.0 -1 -1 -0.15449015769400076 0.0008919961796438932 -1 -1
rake ylego 4 -0.04 0.0 -1 -1 -0.15416632099471636 0.013536179892176434 -1 -1
rake ylego 4 -0.04 0.0 -1 -1 -0.15936257195542025 0.01166624315641823 -1 -1
rake ylego 4 -0.04 0.0 -1 -1 -0.151312991101523 0.010502476282345992 -1 -1
rake ylego 4 -0.04 0.0 -1 -1 -0.14969091579840754 0.004530381343758654 -1 -1
rake ylego 4 -0.04 0.0 -1 -1 -0.1529500947732665 0.008494302561723168 -1 -1
rake ylego 4 -0.04 0.0 -1 -1 -0.0637860770380262 -0.04417420288589445 -1 -1
rake ylego 4 -0.04 0.0 -1 -1 -0.06591708491141347 0.03259773901651107 -1 -1
rake ylego 4 -0.04 0.0 -1 -1 -0.15205862586399624 0.006518709447339291 -1 -1
rake ylego 4 -0.04 0.0 -1 -1 -0.15580806559804575 0.0029176174668323653 -1 -1
rake ylego 4 -0.04 0.0 -1 -1 -0.1501237361982326 0.0033508384738983746 -1 -1
rake ylego 4 -0.04 0.0 -1 -1 -0.15025528909903013 -0.005184661877174525 -1 -1
rake ylego 4 -0.04 0.0 -1 -1 -0.1543587287680441 0.009610564452691433 -1 -1
rake ylego 4 -0.04 0.0 -1 -1 -0.15324527792796955 0.01596608493376766 -1 -1
rake ylego 4 -0.04 0.0 -1 -1 -0.14726213492289691 -0.003409838268529347 -1 -1
rake ylego 4 -0.04 0.0 -1 -1 -0.15323629334840022 0.006243026205391076 -1 -1
rake ylego 4 -0.04 0.0 -1 -1 -0.1520200250284574 -0.01990205947886429 -1 -1
rake ylego 4 -0.04 0.0 -1 -1 -0.14745637193890906 0.004661875319761349 -1 -1
rake ylego 4 -0.04 0.0 -1 -1 -0.1488104606557492 0.001570843603440162 -1 -1
rake ylego 4 -0.04 0.0 -1 -1 -0.14892689305552925 0.0022437891003449927 -1 -1
