rake ylego 4 -0.04 0.0 -1 -1 -0.14581947906461118 0.002336754387062732 -1 -1 0 -1.5707963267948966 0 
rake ylego 4 -0.04 0.0 -1 -1 -0.14884211016882357 0.0003412911032568373 -1 -1 0 -1.0471975511965976 0 
rake ylego 4 -0.04 0.0 -1 -1 -0.14820299274622853 -0.0034665066542836683 -1 -1 0 -0.7853981633974483 0 
rake ylego 4 -0.04 0.0 -1 -1 -0.1538509159645433 0.0018408693136534814 -1 -1 0 -0.5235987755982988 0 
rake ylego 4 -0.04 0.0 -1 -1 -0.14828552849677212 0.0009044839351450562 -1 -1 0 -0.2617993877991494 0 
rake ylego 4 -0.04 0.0 -1 -1 -0.15737932376624753 0.05149168699601937 -1 -1 0 -0.08726646259971647 0 
rake ylego 4 -0.04 0.0 -1 -1 -0.14909067290640982 0.0035251743656777622 -1 -1 0 0 0 
rake ylego 4 -0.04 0.0 -1 -1 -0.1472494728618946 -0.002523000816461971 -1 -1 0 0.08726646259971647 0 
rake ylego 4 -0.04 0.0 -1 -1 -0.07543342935161165 0.012945459087866514 -1 -1 0 0.2617993877991494 0 
rake ylego 4 -0.04 0.0 -1 -1 -0.07632196807508777 0.019579278858605286 -1 -1 0 0.5235987755982988 0 
rake ylego 4 -0.04 0.0 -1 -1 -0.14350780190353424 0.003983203606129525 -1 -1 0 0.7853981633974483 0 
rake ylego 4 -0.04 0.0 -1 -1 -0.11000007074828727 0.10101459510722269 -1 -1 0 1.0471975511965976 0 
rake ylego 4 -0.04 0.0 -1 -1 -0.15149222500449766 0.001686502461102451 -1 -1 0 1.5707963267948966 0 
