rake ylego 4 -0.04 0.0 -1 -1 -0.143783196739435 -0.0030495287046655374 -1 -1 -1.5707963267948966 0 0 
rake ylego 4 -0.04 0.0 -1 -1 -0.14383335523674665 -0.001732604784636936 -1 -1 -1.0471975511965976 0 0 
rake ylego 4 -0.04 0.0 -1 -1 -0.13904394195001377 -0.0011486631625010108 -1 -1 -0.7853981633974483 0 0 
rake ylego 4 -0.04 0.0 -1 -1 -0.13891444151563362 -0.0019195489331825133 -1 -1 -0.5235987755982988 0 0 
rake ylego 4 -0.04 0.0 -1 -1 -0.13886127425770153 -0.001263654433612162 -1 -1 -0.2617993877991494 0 0 
rake ylego 4 -0.04 0.0 -1 -1 -0.13874253355787822 -0.0011090678634393652 -1 -1 -0.08726646259971647 0 0 
rake ylego 4 -0.04 0.0 -1 -1 -0.13886505112187753 -0.0012203841208592277 -1 -1 0 0 0 
rake ylego 4 -0.04 0.0 -1 -1 -0.13881143014941488 -0.0013148335593423962 -1 -1 0.08726646259971647 0 0 
rake ylego 4 -0.04 0.0 -1 -1 -0.1389184757204345 -0.0019323388278580389 -1 -1 0.2617993877991494 0 0 
rake ylego 4 -0.04 0.0 -1 -1 -0.13891659924144387 -0.004355301067649459 -1 -1 0.5235987755982988 0 0 
rake ylego 4 -0.04 0.0 -1 -1 -0.1387336580231001 -0.00598304718422878 -1 -1 0.7853981633974483 0 0 
rake ylego 4 -0.04 0.0 -1 -1 -0.14416726961450602 0.0003681062029694477 -1 -1 1.0471975511965976 0 0 
rake ylego 4 -0.04 0.0 -1 -1 -0.14423071806448992 0.004525398647429516 -1 -1 1.5707963267948966 0 0 
