rake ylego 4 -0.04 0.0 -1 -1 -0.14848985876101362 -0.0008303398153334807 -1 -1
rake ylego 4 -0.04 0.0 -1 -1 -0.1464689594367878 0.045409333891065655 -1 -1
rake ylego 4 -0.04 0.0 -1 -1 -0.15255645932396997 -0.020689271464513218 -1 -1
rake ylego 4 -0.04 0.0 -1 -1 -0.14756034756982864 0.04337293737297243 -1 -1
rake ylego 4 -0.04 0.0 -1 -1 -0.14065763571695036 3.439245013069867e-05 -1 -1
rake ylego 4 -0.04 0.0 -1 -1 -0.15062049712373857 0.0034695008875378058 -1 -1
rake ylego 4 -0.04 0.0 -1 -1 -0.14501955326347288 -0.03892690919943188 -1 -1
rake ylego 4 -0.04 0.0 -1 -1 -0.1563199263163355 0.007188081062613651 -1 -1
rake ylego 4 -0.04 0.0 -1 -1 -0.1467143507247463 0.00011320075442855998 -1 -1
rake ylego 4 -0.04 0.0 -1 -1 -0.15445557637028137 0.006448899469552819 -1 -1
rake ylego 4 -0.04 0.0 -1 -1 -0.14496982589475702 -0.0063018253499983485 -1 -1
rake ylego 4 -0.04 0.0 -1 -1 -0.1466263324997567 0.04552466940885698 -1 -1
rake ylego 4 -0.04 0.0 -1 -1 -0.1441419211265702 -0.03708859326409874 -1 -1
rake ylego 4 -0.04 0.0 -1 -1 -0.1390613390864093 0.050542118238016076 -1 -1
rake ylego 4 -0.04 0.0 -1 -1 -0.1475420264944015 0.043433887640573814 -1 -1
rake ylego 4 -0.04 0.0 -1 -1 -0.16021567549439783 0.011795031662848964 -1 -1
rake ylego 4 -0.04 0.0 -1 -1 -0.17618731730186576 0.005390818849848893 -1 -1
rake ylego 4 -0.04 0.0 -1 -1 -0.1557723727064966 0.006297052051480352 -1 -1
rake ylego 4 -0.04 0.0 -1 -1 -0.1390470829072156 0.050730204592066466 -1 -1
rake ylego 4 -0.04 0.0 -1 -1 -0.14638997492020328 -0.008266996290198258 -1 -1
rake ylego 4 -0.04 0.0 -1 -1 -0.1463065276594011 -0.04185404507625945 -1 -1
rake ylego 4 -0.04 0.0 -1 -1 -0.1627125236619054 0.001802792988861562 -1 -1
rake ylego 4 -0.04 0.0 -1 -1 -0.16381913166825987 0.02183567668967027 -1 -1
rake ylego 4 -0.04 0.0 -1 -1 -0.1545014103170735 0.005899740782716399 -1 -1
rake ylego 4 -0.04 0.0 -1 -1 -0.14657935796080962 -0.008820010004130664 -1 -1
rake ylego 4 -0.04 0.0 -1 -1 -0.14580095096152418 0.046844020583025434 -1 -1
rake ylego 4 -0.04 0.0 -1 -1 -0.14707608017732832 0.044563156531382424 -1 -1
rake ylego 4 -0.04 0.0 -1 -1 -0.14519085029661885 -0.039306285378481715 -1 -1
rake ylego 4 -0.04 0.0 -1 -1 -0.15508481110914354 0.0064372526185234105 -1 -1
rake ylego 4 -0.04 0.0 -1 -1 -0.14718506794707892 8.263571287858603e-05 -1 -1
rake ylego 4 -0.04 0.0 -1 -1 -0.13906178274146397 0.050627649555670215 -1 -1
rake ylego 4 -0.04 0.0 -1 -1 -0.1469437658233359 0.04486097690944454 -1 -1
rake ylego 4 -0.04 0.0 -1 -1 -0.16023014429435942 0.01214834913974556 -1 -1
rake ylego 4 -0.04 0.0 -1 -1 -0.17040986656446144 0.0029477681783739414 -1 -1
rake ylego 4 -0.04 0.0 -1 -1 -0.14462663526707387 0.04832925441880275 -1 -1
rake ylego 4 -0.04 0.0 -1 -1 -0.14721348182383232 0.04430677166307117 -1 -1
rake ylego 4 -0.04 0.0 -1 -1 -0.15903514833552299 0.012392543868651365 -1 -1
rake ylego 4 -0.04 0.0 -1 -1 -0.14495073985674198 0.047935549357136814 -1 -1
rake ylego 4 -0.04 0.0 -1 -1 -0.15237135564344143 -0.01144981277537527 -1 -1
rake ylego 4 -0.04 0.0 -1 -1 -0.1477906430090095 -0.011011725961896349 -1 -1
