rake ylego 4 -0.04 0.0 -1 -1 -0.14833084446759334 0.0007783533662600821 -1 -1
rake ylego 4 -0.04 0.0 -1 -1 -0.14828702882659933 0.039114531331668534 -1 -1
rake ylego 4 -0.04 0.0 -1 -1 -0.15237838303581375 -0.008423560994402187 -1 -1
rake ylego 4 -0.04 0.0 -1 -1 -0.17085800335670595 0.002207580153170073 -1 -1
rake ylego 4 -0.04 0.0 -1 -1 -0.15651301387769534 -0.00601893423821425 -1 -1
rake ylego 4 -0.04 0.0 -1 -1 -0.14531754070110683 -0.0016138617918584266 -1 -1
rake ylego 4 -0.04 0.0 -1 -1 -0.15340679242661923 -0.0013814446644782004 -1 -1
rake ylego 4 -0.04 0.0 -1 -1 -0.15713283915144013 0.005469332619508133 -1 -1
rake ylego 4 -0.04 0.0 -1 -1 -0.14695829755124135 -0.012498810717619204 -1 -1
rake ylego 4 -0.04 0.0 -1 -1 -0.14249432189173933 0.006205076861982569 -1 -1
rake ylego 4 -0.04 0.0 -1 -1 -0.1595320395249213 0.005493886540983674 -1 -1
rake ylego 4 -0.04 0.0 -1 -1 -0.15302188480759402 0.06978938798863087 -1 -1
rake ylego 4 -0.04 0.0 -1 -1 -0.14875826204617673 -0.047341192060054334 -1 -1
rake ylego 4 -0.04 0.0 -1 -1 -0.1459201216254357 -0.017739034560762524 -1 -1
rake ylego 4 -0.04 0.0 -1 -1 -0.14348399467368422 0.01645357070563896 -1 -1
rake ylego 4 -0.04 0.0 -1 -1 -0.1485765156420761 0.013868867784966613 -1 -1
rake ylego 4 -0.04 0.0 -1 -1 -0.15000237181940088 -0.007290418829893726 -1 -1
rake ylego 4 -0.04 0.0 -1 -1 -0.15396782968099915 -0.03386017120173878 -1 -1
rake ylego 4 -0.04 0.0 -1 -1 -0.1605926576587688 0.020556888195105726 -1 -1
rake ylego 4 -0.04 0.0 -1 -1 -0.15712279957325945 0.02226090036022261 -1 -1
rake ylego 4 -0.04 0.0 -1 -1 -0.14499021874210916 -0.00113377172428743 -1 -1
rake ylego 4 -0.04 0.0 -1 -1 -0.14418291526204385 0.007852159721369567 -1 -1
rake ylego 4 -0.04 0.0 -1 -1 -0.1602514971525475 -0.025725022962225914 -1 -1
rake ylego 4 -0.04 0.0 -1 -1 -0.15355328728113246 -0.04989976576264746 -1 -1
rake ylego 4 -0.04 0.0 -1 -1 -0.1641150208584715 -0.002274358406811811 -1 -1
rake ylego 4 -0.04 0.0 -1 -1 -0.1481950525063364 -0.046227002470024765 -1 -1
rake ylego 4 -0.04 0.0 -1 -1 -0.14619938451258674 -0.003022847883621769 -1 -1
rake ylego 4 -0.04 0.0 -1 -1 -0.07402794231253934 -0.03693045383883633 -1 -1
rake ylego 4 -0.04 0.0 -1 -1 -0.14268877419477236 0.0197930023225915 -1 -1
rake ylego 4 -0.04 0.0 -1 -1 -0.15824552144740384 0.04980372375924211 -1 -1
rake ylego 4 -0.04 0.0 -1 -1 -0.14606701725789378 0.005924360260324093 -1 -1
rake ylego 4 -0.04 0.0 -1 -1 -0.07126341972011009 -0.005386625757801529 -1 -1
rake ylego 4 -0.04 0.0 -1 -1 -0.14485508934657354 -0.04639207915874676 -1 -1
rake ylego 4 -0.04 0.0 -1 -1 -0.14954043638942738 -0.005921733281978082 -1 -1
rake ylego 4 -0.04 0.0 -1 -1 -0.1525687826877393 -0.019889309864272318 -1 -1
rake ylego 4 -0.04 0.0 -1 -1 -0.2213291580777198 0.05862748080448763 -1 -1
rake ylego 4 -0.04 0.0 -1 -1 -0.1494440649103385 0.057478845114522524 -1 -1
rake ylego 4 -0.04 0.0 -1 -1 -0.14993158444999743 -0.005230861178826788 -1 -1
rake ylego 4 -0.04 0.0 -1 -1 -0.14800740756391778 -0.007847630651596403 -1 -1
rake ylego 4 -0.04 0.0 -1 -1 -0.0748840874166685 -0.008463494956535611 -1 -1
