rake ylego 4 -0.04 0.0 -1 -1 -0.14813892535246637 -0.03357595378823169 -1 -1
rake ylego 4 -0.04 0.0 -1 -1 -0.14448121820795296 0.008404019296511992 -1 -1
rake ylego 4 -0.04 0.0 -1 -1 -0.158191610139154 -0.008793818518239656 -1 -1
rake ylego 4 -0.04 0.0 -1 -1 -0.15700769923434743 0.01405917772401347 -1 -1
rake ylego 4 -0.04 0.0 -1 -1 -0.14549229890592383 -0.026080479930660115 -1 -1
rake ylego 4 -0.04 0.0 -1 -1 -0.1453955613241932 -0.021869566258486888 -1 -1
rake ylego 4 -0.04 0.0 -1 -1 -0.1391658007172302 -0.014537407918235134 -1 -1
rake ylego 4 -0.04 0.0 -1 -1 -0.1462082130667081 0.0185813117372626 -1 -1
rake ylego 4 -0.04 0.0 -1 -1 -0.16154671552885422 -0.0250650574586494 -1 -1
rake ylego 4 -0.04 0.0 -1 -1 -0.14700476597459777 0.014604302552404498 -1 -1
rake ylego 4 -0.04 0.0 -1 -1 -0.14426086311007832 0.03793194446546641 -1 -1
rake ylego 4 -0.04 0.0 -1 -1 -0.1537312168023557 0.0006347513850037445 -1 -1
rake ylego 4 -0.04 0.0 -1 -1 -0.16347410726801787 -0.002334891201218852 -1 -1
rake ylego 4 -0.04 0.0 -1 -1 -0.15277198676491657 0.014404200602751138 -1 -1
rake ylego 4 -0.04 0.0 -1 -1 -0.07225409737794533 -0.048046269847180974 -1 -1
rake ylego 4 -0.04 0.0 -1 -1 -0.0683533990140389 0.031955742782732145 -1 -1
rake ylego 4 -0.04 0.0 -1 -1 -0.14614650236573967 0.00694731125058545 -1 -1
rake ylego 4 -0.04 0.0 -1 -1 -0.1486062970701954 0.026355979319514753 -1 -1
rake ylego 4 -0.04 0.0 -1 -1 -0.14464708154130076 -0.0015515859346303875 -1 -1
rake ylego 4 -0.04 0.0 -1 -1 -0.15673689020310425 -0.0033626188238830316 -1 -1
rake ylego 4 -0.04 0.0 -1 -1 -0.14317338725195308 -0.05519684194796158 -1 -1
rake ylego 4 -0.04 0.0 -1 -1 -0.1622531436620034 0.029483184242458365 -1 -1
rake ylego 4 -0.04 0.0 -1 -1 -0.14556167133592862 0.02642097301650567 -1 -1
rake ylego 4 -0.04 0.0 -1 -1 -0.15096440228960223 -0.012373802934591034 -1 -1
rake ylego 4 -0.04 0.0 -1 -1 -0.16123883318543672 -0.0946445244798087 -1 -1
rake ylego 4 -0.04 0.0 -1 -1 -0.15200339784746403 -0.03355179095772537 -1 -1
rake ylego 4 -0.04 0.0 -1 -1 -0.14972681751902817 0.04021182867475144 -1 -1
rake ylego 4 -0.04 0.0 -1 -1 -0.1585455747399469 0.021125120840853388 -1 -1
rake ylego 4 -0.04 0.0 -1 -1 -0.14406734516141595 -0.009610575975357877 -1 -1
rake ylego 4 -0.04 0.0 -1 -1 -0.1468888499772068 -0.0015265898205328626 -1 -1
rake ylego 4 -0.04 0.0 -1 -1 -0.0653032973039762 0.0018964325919172188 -1 -1
rake ylego 4 -0.04 0.0 -1 -1 -0.14529566226077897 0.015081598850366019 -1 -1
rake ylego 4 -0.04 0.0 -1 -1 -0.1516831569557913 0.01649409321608789 -1 -1
rake ylego 4 -0.04 0.0 -1 -1 -0.14170954019851725 0.0003917032259441065 -1 -1
rake ylego 4 -0.04 0.0 -1 -1 -0.15638375567750992 0.007363731731156302 -1 -1
rake ylego 4 -0.04 0.0 -1 -1 -0.14867137602703515 0.015411874852161299 -1 -1
rake ylego 4 -0.04 0.0 -1 -1 -0.17587709188633335 -0.04741325907441819 -1 -1
rake ylego 4 -0.04 0.0 -1 -1 -0.15356795780580326 -0.008478582239784937 -1 -1
rake ylego 4 -0.04 0.0 -1 -1 -0.1453412701420156 0.01808640274776415 -1 -1
rake ylego 4 -0.04 0.0 -1 -1 -0.14815434546592746 0.06348588900054677 -1 -1
