rake ylego 4 -0.04 0.0 -1 -1 -0.1467109003350379 -0.008863586872289962 -1 -1
rake ylego 4 -0.04 0.0 -1 -1 -0.16701907578928815 0.005402566716223508 -1 -1
rake ylego 4 -0.04 0.0 -1 -1 -0.16533690437893625 0.0016214793632296687 -1 -1
rake ylego 4 -0.04 0.0 -1 -1 -0.14645502475737707 0.045432651846513884 -1 -1
rake ylego 4 -0.04 0.0 -1 -1 -0.14626071409902702 0.00012668493121755796 -1 -1
rake ylego 4 -0.04 0.0 -1 -1 -0.1568123371350835 0.007605059045558272 -1 -1
rake ylego 4 -0.04 0.0 -1 -1 -0.16460731356441924 0.002894210543189705 -1 -1
rake ylego 4 -0.04 0.0 -1 -1 -0.16270692022219974 0.01735661354438124 -1 -1
rake ylego 4 -0.04 0.0 -1 -1 -0.14829489717601643 -0.0007484538618111184 -1 -1
rake ylego 4 -0.04 0.0 -1 -1 -0.1540151680709718 0.006704936137404348 -1 -1
rake ylego 4 -0.04 0.0 -1 -1 -0.16067396879105625 0.012824647116393296 -1 -1
rake ylego 4 -0.04 0.0 -1 -1 -0.14528836615940746 -0.006791281192019954 -1 -1
rake ylego 4 -0.04 0.0 -1 -1 -0.1516377313619472 0.004073969732680044 -1 -1
rake ylego 4 -0.04 0.0 -1 -1 -0.1550421397865053 0.0071563444646678765 -1 -1
rake ylego 4 -0.04 0.0 -1 -1 -0.1558073888804174 0.00795021388014677 -1 -1
rake ylego 4 -0.04 0.0 -1 -1 -0.15445576504676015 0.006449179897837841 -1 -1
rake ylego 4 -0.04 0.0 -1 -1 -0.1463587672107354 -0.04197360796695139 -1 -1
rake ylego 4 -0.04 0.0 -1 -1 -0.1465153167188899 0.04569524409155333 -1 -1
rake ylego 4 -0.04 0.0 -1 -1 -0.1578186097715641 0.013119362449853435 -1 -1
rake ylego 4 -0.04 0.0 -1 -1 -0.14716053771056148 0.04441048063566861 -1 -1
rake ylego 4 -0.04 0.0 -1 -1 -0.1553517641585802 0.007431113037597778 -1 -1
rake ylego 4 -0.04 0.0 -1 -1 -0.14622045966347524 -0.04164591455388816 -1 -1
rake ylego 4 -0.04 0.0 -1 -1 -0.16981898158335754 0.0063820541880600075 -1 -1
rake ylego 4 -0.04 0.0 -1 -1 -0.1469279136902879 0.00011681961252432527 -1 -1
rake ylego 4 -0.04 0.0 -1 -1 -0.14420724029101717 -0.03768749987632997 -1 -1
rake ylego 4 -0.04 0.0 -1 -1 -0.14535189316280256 -0.006860126806640658 -1 -1
rake ylego 4 -0.04 0.0 -1 -1 -0.14662158619733584 -0.009165956020655907 -1 -1
rake ylego 4 -0.04 0.0 -1 -1 -0.15678303787157086 0.008989618738394467 -1 -1
rake ylego 4 -0.04 0.0 -1 -1 -0.14613860563984848 0.00012539319839356726 -1 -1
rake ylego 4 -0.04 0.0 -1 -1 -0.16022965355303423 0.012150976251401024 -1 -1
rake ylego 4 -0.04 0.0 -1 -1 -0.14672559285301884 0.04526601358661543 -1 -1
rake ylego 4 -0.04 0.0 -1 -1 -0.1490434925187506 -0.011395937749414435 -1 -1
rake ylego 4 -0.04 0.0 -1 -1 -0.1608173444428898 0.012808230248306098 -1 -1
rake ylego 4 -0.04 0.0 -1 -1 -0.15959268960599832 0.011139963083804346 -1 -1
rake ylego 4 -0.04 0.0 -1 -1 -0.14655673780808673 0.04561479486778201 -1 -1
rake ylego 4 -0.04 0.0 -1 -1 -0.1520051778945124 -0.016943298219162222 -1 -1
rake ylego 4 -0.04 0.0 -1 -1 -0.13984586969592167 0.05040647728592114 -1 -1
rake ylego 4 -0.04 0.0 -1 -1 -0.14639274952525122 0.0458813937270948 -1 -1
rake ylego 4 -0.04 0.0 -1 -1 -0.13902542566464546 0.0507566773291638 -1 -1
rake ylego 4 -0.04 0.0 -1 -1 -0.17059819312216462 0.007197069664686702 -1 -1
rake ylego 4 -0.04 0.0 -1 -1 -0.14618761205778133 0.00012507653593210014 -1 -1
rake ylego 4 -0.04 0.0 -1 -1 -0.15482780535735874 0.0069078574842591205 -1 -1
rake ylego 4 -0.04 0.0 -1 -1 -0.14634037392000626 7.77082129118562e-05 -1 -1
rake ylego 4 -0.04 0.0 -1 -1 -0.14542380978801533 0.04738773667000508 -1 -1
rake ylego 4 -0.04 0.0 -1 -1 -0.14592977355820502 8.247821306147938e-05 -1 -1
rake ylego 4 -0.04 0.0 -1 -1 -0.15699522175005995 0.0077145637492433625 -1 -1
rake ylego 4 -0.04 0.0 -1 -1 -0.14529140877281074 -0.006769024651380541 -1 -1
rake ylego 4 -0.04 0.0 -1 -1 -0.14680766056070937 6.406700503178659e-05 -1 -1
rake ylego 4 -0.04 0.0 -1 -1 -0.1427482213487532 -0.002246906349726013 -1 -1
rake ylego 4 -0.04 0.0 -1 -1 -0.1429516050361146 0.049738757374364784 -1 -1
rake ylego 4 -0.04 0.0 -1 -1 -0.15229023973143666 0.004627087876139015 -1 -1
rake ylego 4 -0.04 0.0 -1 -1 -0.14563038004733403 -0.0004594179509866697 -1 -1
rake ylego 4 -0.04 0.0 -1 -1 -0.14420062616676846 -0.037346695762554186 -1 -1
rake ylego 4 -0.04 0.0 -1 -1 -0.14708569330101073 8.114905729160926e-05 -1 -1
rake ylego 4 -0.04 0.0 -1 -1 -0.15076462640531907 0.0035698147215655115 -1 -1
rake ylego 4 -0.04 0.0 -1 -1 -0.14528867708447935 -0.03951998408388171 -1 -1
rake ylego 4 -0.04 0.0 -1 -1 -0.1460585165109435 0.04617984634390262 -1 -1
rake ylego 4 -0.04 0.0 -1 -1 -0.1535789419450001 0.005659720775913973 -1 -1
rake ylego 4 -0.04 0.0 -1 -1 -0.17131217363647666 0.004526642300519372 -1 -1
rake ylego 4 -0.04 0.0 -1 -1 -0.14619758955780077 0.00013314720169285146 -1 -1
