rake ylego 4 -0.04 0.0 -1 -1 -0.149135356021692 0.004222753632652954 -1 -1
rake ylego 4 -0.04 0.0 -1 -1 -0.07465957339388236 -0.032966898379295236 -1 -1
rake ylego 4 -0.04 0.0 -1 -1 -0.07693085460121334 0.022144314077933 -1 -1
rake ylego 4 -0.04 0.0 -1 -1 -0.1463771239860093 -0.0020325238112057155 -1 -1
rake ylego 4 -0.04 0.0 -1 -1 -0.15205074316163547 0.0018850606649267788 -1 -1
rake ylego 4 -0.04 0.0 -1 -1 -0.15081926534077755 -0.0004834442028506434 -1 -1
rake ylego 4 -0.04 0.0 -1 -1 -0.14870690530723304 -0.0007115800425635769 -1 -1
rake ylego 4 -0.04 0.0 -1 -1 -0.14842274868163757 0.006587616659944458 -1 -1
rake ylego 4 -0.04 0.0 -1 -1 -0.07706342856415861 -0.03459377735167419 -1 -1
rake ylego 4 -0.04 0.0 -1 -1 -0.15169162743231818 0.008349461758407098 -1 -1
rake ylego 4 -0.04 0.0 -1 -1 -0.06100497287461067 -0.00405260033161259 -1 -1
rake ylego 4 -0.04 0.0 -1 -1 -0.06965770106352319 -0.0010423627377329802 -1 -1
rake ylego 4 -0.04 0.0 -1 -1 -0.15159587149587167 0.00048637657162929545 -1 -1
rake ylego 4 -0.04 0.0 -1 -1 -0.1493644026479143 0.00125226497689926 -1 -1
rake ylego 4 -0.04 0.0 -1 -1 -0.1465090247455755 0.001536480386106821 -1 -1
rake ylego 4 -0.04 0.0 -1 -1 -0.1507907952679123 0.022154910124681 -1 -1
rake ylego 4 -0.04 0.0 -1 -1 -0.07093533308120271 -0.005944872249733262 -1 -1
rake ylego 4 -0.04 0.0 -1 -1 -0.07370647399016196 0.012641127493333017 -1 -1
rake ylego 4 -0.04 0.0 -1 -1 -0.14658937437177094 0.015836285781966424 -1 -1
rake ylego 4 -0.04 0.0 -1 -1 -0.15200989429609327 -0.007116421681564194 -1 -1
rake ylego 4 -0.04 0.0 -1 -1 -0.10107859129427481 -0.0051840587072692354 -1 -1
rake ylego 4 -0.04 0.0 -1 -1 -0.06378197656524293 -0.030554208047877965 -1 -1
rake ylego 4 -0.04 0.0 -1 -1 -0.07381447777622127 0.022317591404155616 -1 -1
rake ylego 4 -0.04 0.0 -1 -1 -0.06905676324177248 0.004133992219329445 -1 -1
rake ylego 4 -0.04 0.0 -1 -1 -0.08690837838326393 -0.004353244102219974 -1 -1
rake ylego 4 -0.04 0.0 -1 -1 -0.15871535608090848 0.02620899782575716 -1 -1
rake ylego 4 -0.04 0.0 -1 -1 -0.15079887354993057 0.001208570315662659 -1 -1
rake ylego 4 -0.04 0.0 -1 -1 -0.1607952444791051 0.03727883694949705 -1 -1
rake ylego 4 -0.04 0.0 -1 -1 -0.150686750851842 0.0012271549581694267 -1 -1
rake ylego 4 -0.04 0.0 -1 -1 -0.15378436028016612 0.004565975135873281 -1 -1
rake ylego 4 -0.04 0.0 -1 -1 -0.1506419201832193 0.019796821431598315 -1 -1
rake ylego 4 -0.04 0.0 -1 -1 -0.14908007672825124 -0.004557147499410417 -1 -1
rake ylego 4 -0.04 0.0 -1 -1 -0.1560113242171122 0.011525192760203345 -1 -1
rake ylego 4 -0.04 0.0 -1 -1 -0.07369307758685249 -0.01634017993989069 -1 -1
rake ylego 4 -0.04 0.0 -1 -1 -0.16519427511518395 0.019512413963034915 -1 -1
rake ylego 4 -0.04 0.0 -1 -1 -0.1566124046930706 0.03854020478443123 -1 -1
rake ylego 4 -0.04 0.0 -1 -1 -0.15008877311894583 0.003992709208509234 -1 -1
rake ylego 4 -0.04 0.0 -1 -1 -0.07168824678130384 0.037358688187405155 -1 -1
rake ylego 4 -0.04 0.0 -1 -1 -0.15175984684352628 0.02253781284782234 -1 -1
rake ylego 4 -0.04 0.0 -1 -1 -0.07004388344160585 -0.03315566745809148 -1 -1
