rake ylego 4 -0.04 0.0 -1 -1 -0.07476196989857171 0.0074285337434681934 -1 -1
rake ylego 4 -0.04 0.0 -1 -1 -0.15129770913254298 0.0038401668950564126 -1 -1
rake ylego 4 -0.04 0.0 -1 -1 -0.14869274840855315 0.0015330774612686325 -1 -1
rake ylego 4 -0.04 0.0 -1 -1 -0.1477824789639484 -0.004354624253547935 -1 -1
rake ylego 4 -0.04 0.0 -1 -1 -0.15259349014753543 -0.0008568294589317138 -1 -1
rake ylego 4 -0.04 0.0 -1 -1 -0.1494614889597362 -0.0023376540308209692 -1 -1
rake ylego 4 -0.04 0.0 -1 -1 -0.15433567266031206 0.002776938034458256 -1 -1
rake ylego 4 -0.04 0.0 -1 -1 -0.15976282029998357 -0.00800518043876146 -1 -1
rake ylego 4 -0.04 0.0 -1 -1 -0.15492637580791946 0.0007091812667572428 -1 -1
rake ylego 4 -0.04 0.0 -1 -1 -0.14919540249480265 0.013073833617708927 -1 -1
rake ylego 4 -0.04 0.0 -1 -1 -0.15011948343904713 -8.753682332833606e-05 -1 -1
rake ylego 4 -0.04 0.0 -1 -1 -0.09483523429568583 -0.007670107389065955 -1 -1
rake ylego 4 -0.04 0.0 -1 -1 -0.07571919643048144 -0.0032801477862113917 -1 -1
rake ylego 4 -0.04 0.0 -1 -1 -0.14881844563777605 0.0012440834917554029 -1 -1
rake ylego 4 -0.04 0.0 -1 -1 -0.1494053814363316 -0.0011941838631875337 -1 -1
rake ylego 4 -0.04 0.0 -1 -1 -0.1493425293575525 0.002109020801670156 -1 -1
rake ylego 4 -0.04 0.0 -1 -1 -0.1484413905308083 -3.430889867703667e-05 -1 -1
rake ylego 4 -0.04 0.0 -1 -1 -0.14591122133893053 0.02994800684077872 -1 -1
rake ylego 4 -0.04 0.0 -1 -1 -0.0703422185700788 -0.023796425942670903 -1 -1
rake ylego 4 -0.04 0.0 -1 -1 -0.14534909457467562 -0.007312725827390186 -1 -1
rake ylego 4 -0.04 0.0 -1 -1 -0.14570293702494394 0.002785239241492024 -1 -1
rake ylego 4 -0.04 0.0 -1 -1 -0.14524260544458378 0.00796375750774663 -1 -1
rake ylego 4 -0.04 0.0 -1 -1 -0.15366556017306704 0.017484478106445652 -1 -1
rake ylego 4 -0.04 0.0 -1 -1 -0.1486458674656027 0.008751987087716203 -1 -1
rake ylego 4 -0.04 0.0 -1 -1 -0.16806287540306705 0.06559819583947517 -1 -1
rake ylego 4 -0.04 0.0 -1 -1 -0.07321879797110634 0.0015532250356563024 -1 -1
rake ylego 4 -0.04 0.0 -1 -1 -0.15303574054179106 0.006654326097680497 -1 -1
rake ylego 4 -0.04 0.0 -1 -1 -0.1458904704593525 -0.0009772136054008995 -1 -1
rake ylego 4 -0.04 0.0 -1 -1 -0.14918860876659323 0.013427281291317603 -1 -1
rake ylego 4 -0.04 0.0 -1 -1 -0.148715832872102 0.03627247697822925 -1 -1
rake ylego 4 -0.04 0.0 -1 -1 -0.15215887900867475 0.003190952145461078 -1 -1
rake ylego 4 -0.04 0.0 -1 -1 -0.07542396006692463 -0.0007684213075038748 -1 -1
rake ylego 4 -0.04 0.0 -1 -1 -0.1462607367699831 3.188666415562568e-05 -1 -1
rake ylego 4 -0.04 0.0 -1 -1 -0.16157897827562737 -0.01890872199168749 -1 -1
rake ylego 4 -0.04 0.0 -1 -1 -0.07354061884492855 -0.011660928220332002 -1 -1
rake ylego 4 -0.04 0.0 -1 -1 -0.14461167052473775 -0.011194582087584276 -1 -1
rake ylego 4 -0.04 0.0 -1 -1 -0.15710127835816884 0.014344863805075601 -1 -1
rake ylego 4 -0.04 0.0 -1 -1 -0.07162477073729556 -0.011403841650910821 -1 -1
rake ylego 4 -0.04 0.0 -1 -1 -0.1673232002469506 0.0033340896984376846 -1 -1
rake ylego 4 -0.04 0.0 -1 -1 -0.14846399226641774 0.004665766087187678 -1 -1
