rake ylego 4 -0.04 0.0 -1 -1 -0.15661722142407195 0.004033178665759767 -1 -1
rake ylego 4 -0.04 0.0 -1 -1 -0.15132819382647592 0.001878575748316278 -1 -1
rake ylego 4 -0.04 0.0 -1 -1 -0.1488721396053011 0.006530455169517645 -1 -1
rake ylego 4 -0.04 0.0 -1 -1 -0.14479600026437003 -0.0174362864741548 -1 -1
rake ylego 4 -0.04 0.0 -1 -1 -0.15248045484063857 0.020194790993897798 -1 -1
rake ylego 4 -0.04 0.0 -1 -1 -0.14864665801985918 -0.015119148940766719 -1 -1
rake ylego 4 -0.04 0.0 -1 -1 -0.15900873737258822 -0.001095786237722177 -1 -1
rake ylego 4 -0.04 0.0 -1 -1 -0.14997794917589147 0.015700516458118496 -1 -1
rake ylego 4 -0.04 0.0 -1 -1 -0.1508732790704033 -0.01194166547044356 -1 -1
rake ylego 4 -0.04 0.0 -1 -1 -0.15080267269357042 0.008574415984012613 -1 -1
rake ylego 4 -0.04 0.0 -1 -1 -0.15283877672527127 0.008333976270510966 -1 -1
rake ylego 4 -0.04 0.0 -1 -1 -0.07423968005360122 0.02378655617227099 -1 -1
rake ylego 4 -0.04 0.0 -1 -1 -0.07138177208807743 -0.002000427780147662 -1 -1
rake ylego 4 -0.04 0.0 -1 -1 -0.07358530166718126 -0.0005218239628924413 -1 -1
rake ylego 4 -0.04 0.0 -1 -1 -0.14779902798040617 0.007847649692445379 -1 -1
rake ylego 4 -0.04 0.0 -1 -1 -0.1526748812441465 -0.02420725420761504 -1 -1
rake ylego 4 -0.04 0.0 -1 -1 -0.14908092051609576 0.006106065313918202 -1 -1
rake ylego 4 -0.04 0.0 -1 -1 -0.1561866230792156 0.01573304673109786 -1 -1
rake ylego 4 -0.04 0.0 -1 -1 -0.1620479115577465 0.03598186138204343 -1 -1
rake ylego 4 -0.04 0.0 -1 -1 -0.15123208397909468 -0.008770655514484891 -1 -1
rake ylego 4 -0.04 0.0 -1 -1 -0.1389171320648726 -0.008759888155997743 -1 -1
rake ylego 4 -0.04 0.0 -1 -1 -0.07160418036032776 0.0058684477894572285 -1 -1
rake ylego 4 -0.04 0.0 -1 -1 -0.07233451795848597 0.02187203214338538 -1 -1
rake ylego 4 -0.04 0.0 -1 -1 -0.14709426540956738 -0.0006628328764933659 -1 -1
rake ylego 4 -0.04 0.0 -1 -1 -0.14500783905165696 0.02595790061304655 -1 -1
rake ylego 4 -0.04 0.0 -1 -1 -0.14889862364978668 0.004133939041721452 -1 -1
rake ylego 4 -0.04 0.0 -1 -1 -0.160217056757612 0.03615680475365127 -1 -1
rake ylego 4 -0.04 0.0 -1 -1 -0.15808856875121202 -0.02505066823098092 -1 -1
rake ylego 4 -0.04 0.0 -1 -1 -0.1473512312595585 0.002165657667795492 -1 -1
rake ylego 4 -0.04 0.0 -1 -1 -0.15011487675248084 0.0009852856085181033 -1 -1
rake ylego 4 -0.04 0.0 -1 -1 -0.15535433046625324 -0.03376603114881089 -1 -1
rake ylego 4 -0.04 0.0 -1 -1 -0.15242067778532847 0.004941582420277073 -1 -1
rake ylego 4 -0.04 0.0 -1 -1 -0.14828088201729098 -0.022116442260792374 -1 -1
rake ylego 4 -0.04 0.0 -1 -1 -0.14695865966325783 0.007227170722405496 -1 -1
rake ylego 4 -0.04 0.0 -1 -1 -0.14897508934337025 0.004320237505433659 -1 -1
rake ylego 4 -0.04 0.0 -1 -1 -0.15358435109818622 0.0008890219652009532 -1 -1
rake ylego 4 -0.04 0.0 -1 -1 -0.07405333321631258 0.031547186232505145 -1 -1
rake ylego 4 -0.04 0.0 -1 -1 -0.1520146069693908 0.003910105837169771 -1 -1
rake ylego 4 -0.04 0.0 -1 -1 -0.1481849265209711 0.006984890178344121 -1 -1
rake ylego 4 -0.04 0.0 -1 -1 -0.06476567631618407 -0.03703339406108719 -1 -1
