rake ylego 4 -0.04 0.0 -1 -1 -0.15918707137290744 -0.016384829295337872 -1 -1
rake ylego 4 -0.04 0.0 -1 -1 -0.15447292503368115 0.024487187189067203 -1 -1
rake ylego 4 -0.04 0.0 -1 -1 -0.14864671631687243 -0.011617359432400899 -1 -1
rake ylego 4 -0.04 0.0 -1 -1 -0.14308784811097014 -0.0026311824047650554 -1 -1
rake ylego 4 -0.04 0.0 -1 -1 -0.15809266867886757 -0.01638206041181034 -1 -1
rake ylego 4 -0.04 0.0 -1 -1 -0.15027550860112351 -0.00035457706088395507 -1 -1
rake ylego 4 -0.04 0.0 -1 -1 -0.14914335025924713 -0.015828565580314466 -1 -1
rake ylego 4 -0.04 0.0 -1 -1 -0.1499889798398591 -0.012812491834366812 -1 -1
rake ylego 4 -0.04 0.0 -1 -1 -0.14554006199217256 0.03801609159453159 -1 -1
rake ylego 4 -0.04 0.0 -1 -1 -0.14266643730373466 -0.006721297300252713 -1 -1
rake ylego 4 -0.04 0.0 -1 -1 -0.14568973799330398 -0.034093760586578946 -1 -1
rake ylego 4 -0.04 0.0 -1 -1 -0.1601380746134107 0.031111244772328208 -1 -1
rake ylego 4 -0.04 0.0 -1 -1 -0.1486694270935315 0.0011887079030645565 -1 -1
rake ylego 4 -0.04 0.0 -1 -1 -0.06786826105298675 -0.005148188210938808 -1 -1
rake ylego 4 -0.04 0.0 -1 -1 -0.1493586911521161 -0.010288116098164051 -1 -1
rake ylego 4 -0.04 0.0 -1 -1 -0.07084994446326398 0.01143992600863996 -1 -1
rake ylego 4 -0.04 0.0 -1 -1 -0.14854878181017273 0.0031419075542345304 -1 -1
rake ylego 4 -0.04 0.0 -1 -1 -0.1514529149413653 -0.01856098435542171 -1 -1
rake ylego 4 -0.04 0.0 -1 -1 -0.1475373926778748 0.015107023630709484 -1 -1
rake ylego 4 -0.04 0.0 -1 -1 -0.17055708928437024 0.0257411104171575 -1 -1
rake ylego 4 -0.04 0.0 -1 -1 -0.15175617485523332 -0.013381732236083245 -1 -1
rake ylego 4 -0.04 0.0 -1 -1 -0.18537991961793993 0.00631225544741289 -1 -1
rake ylego 4 -0.04 0.0 -1 -1 -0.14871180417986213 -0.0037706007262287536 -1 -1
rake ylego 4 -0.04 0.0 -1 -1 -0.07370009443652961 0.022001645586191346 -1 -1
rake ylego 4 -0.04 0.0 -1 -1 -0.14918582828165255 0.013513192952994774 -1 -1
rake ylego 4 -0.04 0.0 -1 -1 -0.0687310726047682 -0.01982678340970838 -1 -1
rake ylego 4 -0.04 0.0 -1 -1 -0.0403598828015638 -0.02115570386612555 -1 -1
rake ylego 4 -0.04 0.0 -1 -1 -0.17980244529783584 0.02770857514059581 -1 -1
rake ylego 4 -0.04 0.0 -1 -1 -0.1583406686712901 0.02288861882767693 -1 -1
rake ylego 4 -0.04 0.0 -1 -1 -0.15954996793848103 0.023265578619665387 -1 -1
rake ylego 4 -0.04 0.0 -1 -1 -0.18256189331529965 -0.04838214439603999 -1 -1
rake ylego 4 -0.04 0.0 -1 -1 -0.1594782299242808 0.026956836716310776 -1 -1
rake ylego 4 -0.04 0.0 -1 -1 -0.14818009439688307 -0.009124650764615792 -1 -1
rake ylego 4 -0.04 0.0 -1 -1 -0.1518841431201312 -0.005950284248817082 -1 -1
rake ylego 4 -0.04 0.0 -1 -1 -0.1576817270427267 -0.08152657103389552 -1 -1
rake ylego 4 -0.04 0.0 -1 -1 -0.15916763990916272 -0.018824878733779138 -1 -1
rake ylego 4 -0.04 0.0 -1 -1 -0.07135531515330916 0.008580189319959816 -1 -1
rake ylego 4 -0.04 0.0 -1 -1 -0.0673571247312694 -0.011375211284170005 -1 -1
rake ylego 4 -0.04 0.0 -1 -1 -0.16934070921956493 0.016352532440469383 -1 -1
rake ylego 4 -0.04 0.0 -1 -1 -0.15391636919223467 -0.0021421793577749665 -1 -1
