rake ylego 4 -0.04 0.0 -1 -1 -0.13886505112187753 -0.0012203841208592277 -1 -1 0 0 0 
rake ylego 4 -0.04 0.0 -1 -1 -0.13874249467084887 -0.0011873016469264263 -1 -1 0 0 0.08726646259971647 
rake ylego 4 -0.04 0.0 -1 -1 -0.1388792236379649 -0.0013151126825589245 -1 -1 0 0 0.5235987755982988 
rake ylego 4 -0.04 0.0 -1 -1 -0.13871472593783699 -0.00013525660027333982 -1 -1 0 0 1.5707963267948966 
rake ylego 4 -0.04 0.0 -1 -1 -0.13880790583284341 -0.0012617621442287702 -1 -1 0 0.08726646259971647 0.08726646259971647 
rake ylego 4 -0.04 0.0 -1 -1 -0.13877609443093517 -0.0011367788002111555 -1 -1 0 0.08726646259971647 0.5235987755982988 
rake ylego 4 -0.04 0.0 -1 -1 -0.13869395472790735 -0.0025681217604023795 -1 -1 0 0.08726646259971647 1.5707963267948966 
rake ylego 4 -0.04 0.0 -1 -1 -0.13888951408316336 -0.0011229133225653936 -1 -1 0 0.5235987755982988 0.5235987755982988 
rake ylego 4 -0.04 0.0 -1 -1 -0.13870751989831542 -0.000971937813409225 -1 -1 0 0.5235987755982988 1.5707963267948966 
rake ylego 4 -0.04 0.0 -1 -1 -0.14342827274911385 0.00448712644798409 -1 -1 0 1.5707963267948966 1.5707963267948966 
rake ylego 4 -0.04 0.0 -1 -1 -0.13884106295813875 -0.0012066230613040402 -1 -1 0.08726646259971647 0.08726646259971647 0.08726646259971647 
rake ylego 4 -0.04 0.0 -1 -1 -0.1388003360163013 -0.0014934897912416358 -1 -1 0.08726646259971647 0.08726646259971647 0.5235987755982988 
rake ylego 4 -0.04 0.0 -1 -1 -0.13870576723781347 -0.00308284916883104 -1 -1 0.08726646259971647 0.08726646259971647 1.5707963267948966 
rake ylego 4 -0.04 0.0 -1 -1 -0.13896427093292374 -0.0016924944326339054 -1 -1 0.08726646259971647 0.5235987755982988 0.5235987755982988 
rake ylego 4 -0.04 0.0 -1 -1 -0.1386969805637368 -0.0018263649227062565 -1 -1 0.08726646259971647 0.5235987755982988 1.5707963267948966 
rake ylego 4 -0.04 0.0 -1 -1 -0.1434196607528689 0.003966135425266653 -1 -1 0.08726646259971647 1.5707963267948966 1.5707963267948966 
rake ylego 4 -0.04 0.0 -1 -1 -0.13904575601059058 -0.0017404428099161004 -1 -1 0.5235987755982988 0.5235987755982988 0.5235987755982988 
rake ylego 4 -0.04 0.0 -1 -1 -0.1386895192356772 -0.004066980498410755 -1 -1 0.5235987755982988 0.5235987755982988 1.5707963267948966 
rake ylego 4 -0.04 0.0 -1 -1 -0.14342016565995758 0.001437993948786094 -1 -1 0.5235987755982988 1.5707963267948966 1.5707963267948966 
rake ylego 4 -0.04 0.0 -1 -1 -0.14587185447067524 6.210855053847045e-07 -1 -1 1.5707963267948966 1.5707963267948966 1.5707963267948966 
