rake ylego 4 -0.04 0.0 -1 -1 -0.1508430849895792 -0.01770151767577407 -1 -1
rake ylego 4 -0.04 0.0 -1 -1 -0.1642652882548456 0.00010479567711504623 -1 -1
rake ylego 4 -0.04 0.0 -1 -1 -0.13893984582960656 -0.00010659805765218199 -1 -1
rake ylego 4 -0.04 0.0 -1 -1 -0.17003973223902333 0.0039976470087277 -1 -1
rake ylego 4 -0.04 0.0 -1 -1 -0.14569445058127112 0.0001151642095483467 -1 -1
rake ylego 4 -0.04 0.0 -1 -1 -0.1390255515913736 0.05061207460305986 -1 -1
rake ylego 4 -0.04 0.0 -1 -1 -0.13906998284308447 0.050584706062869765 -1 -1
rake ylego 4 -0.04 0.0 -1 -1 -0.1390181510297189 -0.000677052040394496 -1 -1
rake ylego 4 -0.04 0.0 -1 -1 -0.14623705742318432 -0.00800770998130884 -1 -1
rake ylego 4 -0.04 0.0 -1 -1 -0.14633777128408837 -0.04192687823374413 -1 -1
rake ylego 4 -0.04 0.0 -1 -1 -0.14395036700543837 5.8147946180725835e-05 -1 -1
rake ylego 4 -0.04 0.0 -1 -1 -0.14119197358488825 0.05023243197928086 -1 -1
rake ylego 4 -0.04 0.0 -1 -1 -0.14764040296080946 -0.010685298523498496 -1 -1
rake ylego 4 -0.04 0.0 -1 -1 -0.139048410512713 0.050717829133443394 -1 -1
rake ylego 4 -0.04 0.0 -1 -1 -0.15109557022226922 0.0037237974252676835 -1 -1
rake ylego 4 -0.04 0.0 -1 -1 -0.14603128185639924 0.046525583645124 -1 -1
rake ylego 4 -0.04 0.0 -1 -1 -0.145884191254445 0.04675933285073358 -1 -1
rake ylego 4 -0.04 0.0 -1 -1 -0.15610642904872235 0.00697514680292693 -1 -1
rake ylego 4 -0.04 0.0 -1 -1 -0.14314220351022072 -0.0038607128785882864 -1 -1
rake ylego 4 -0.04 0.0 -1 -1 -0.14571487205058936 0.04697777737499847 -1 -1
rake ylego 4 -0.04 0.0 -1 -1 -0.15509535203467997 0.006460588634314288 -1 -1
rake ylego 4 -0.04 0.0 -1 -1 -0.14787628812881592 -0.0006763783434906498 -1 -1
rake ylego 4 -0.04 0.0 -1 -1 -0.1390360316862387 0.05069842412735392 -1 -1
rake ylego 4 -0.04 0.0 -1 -1 -0.1464917946669722 -0.008838759963682725 -1 -1
rake ylego 4 -0.04 0.0 -1 -1 -0.1535049049960455 0.005062491121395894 -1 -1
rake ylego 4 -0.04 0.0 -1 -1 -0.1559562498995387 0.00817918914811439 -1 -1
rake ylego 4 -0.04 0.0 -1 -1 -0.1458260620066495 0.04684013002074899 -1 -1
rake ylego 4 -0.04 0.0 -1 -1 -0.15404702433187875 0.0055802893626157165 -1 -1
rake ylego 4 -0.04 0.0 -1 -1 -0.13906485192837428 0.05060006781425583 -1 -1
rake ylego 4 -0.04 0.0 -1 -1 -0.14550676437169724 -0.006975174994729648 -1 -1
rake ylego 4 -0.04 0.0 -1 -1 -0.1602123532576619 0.011827430122893967 -1 -1
rake ylego 4 -0.04 0.0 -1 -1 -0.14502090401099957 -0.038932287762766 -1 -1
rake ylego 4 -0.04 0.0 -1 -1 -0.1753112199769373 0.0036751396896801507 -1 -1
rake ylego 4 -0.04 0.0 -1 -1 -0.17550176047834812 0.006171809622303673 -1 -1
rake ylego 4 -0.04 0.0 -1 -1 -0.14614600869348895 0.00012149525863001644 -1 -1
rake ylego 4 -0.04 0.0 -1 -1 -0.1581369613811152 0.008964493474522443 -1 -1
rake ylego 4 -0.04 0.0 -1 -1 -0.14518259041200668 0.0001190489946973858 -1 -1
rake ylego 4 -0.04 0.0 -1 -1 -0.1549402481708051 0.006898898876518738 -1 -1
rake ylego 4 -0.04 0.0 -1 -1 -0.14641275381307078 0.04588191176811504 -1 -1
rake ylego 4 -0.04 0.0 -1 -1 -0.13951080750484623 0.05008160944852443 -1 -1
rake ylego 4 -0.04 0.0 -1 -1 -0.1724200503097145 0.004075356320356886 -1 -1
rake ylego 4 -0.04 0.0 -1 -1 -0.14528362638135264 -0.006652469429621548 -1 -1
rake ylego 4 -0.04 0.0 -1 -1 -0.1554246352769991 0.00751066303858574 -1 -1
rake ylego 4 -0.04 0.0 -1 -1 -0.1475769004797683 -0.010537849433889999 -1 -1
rake ylego 4 -0.04 0.0 -1 -1 -0.1390846211506707 0.05066444541223312 -1 -1
rake ylego 4 -0.04 0.0 -1 -1 -0.15176701911662407 -0.015776591631445156 -1 -1
rake ylego 4 -0.04 0.0 -1 -1 -0.1775401311111878 0.007798895125287046 -1 -1
rake ylego 4 -0.04 0.0 -1 -1 -0.13893690712638984 -0.0007067163583354605 -1 -1
rake ylego 4 -0.04 0.0 -1 -1 -0.144237465605841 -0.03746868029443155 -1 -1
rake ylego 4 -0.04 0.0 -1 -1 -0.13907336794639089 0.050719116589881284 -1 -1
rake ylego 4 -0.04 0.0 -1 -1 -0.14555384205717412 -0.04010751875830464 -1 -1
rake ylego 4 -0.04 0.0 -1 -1 -0.1490129254748722 0.04598927576607991 -1 -1
rake ylego 4 -0.04 0.0 -1 -1 -0.14519917871751917 -0.0015143115541705503 -1 -1
rake ylego 4 -0.04 0.0 -1 -1 -0.14695344009665323 -0.009346433456274486 -1 -1
rake ylego 4 -0.04 0.0 -1 -1 -0.16715219082378271 0.0017248393863473243 -1 -1
rake ylego 4 -0.04 0.0 -1 -1 -0.1539624784286627 0.005442525904695036 -1 -1
rake ylego 4 -0.04 0.0 -1 -1 -0.14497877021729996 0.04793028475359449 -1 -1
rake ylego 4 -0.04 0.0 -1 -1 -0.14554027607884715 -0.006980944317220075 -1 -1
rake ylego 4 -0.04 0.0 -1 -1 -0.14478187208098273 0.0481655067197954 -1 -1
rake ylego 4 -0.04 0.0 -1 -1 -0.1438783280672692 0.0489746727633064 -1 -1
