rake ylego 4 -0.04 0.0 -1 -1 -0.1387311017669674 -0.012959875534989878 -1 -1 0 0 -1.5707963267948966 
rake ylego 4 -0.04 0.0 -1 -1 -0.13878979010124842 0.002449667692036164 -1 -1 0 0 -1.0471975511965976 
rake ylego 4 -0.04 0.0 -1 -1 -0.1389405125138679 0.00011570217663756463 -1 -1 0 0 -0.7853981633974483 
rake ylego 4 -0.04 0.0 -1 -1 -0.1387355235786684 -0.001493258420350196 -1 -1 0 0 -0.5235987755982988 
rake ylego 4 -0.04 0.0 -1 -1 -0.13888249300567757 -0.0018101904443978184 -1 -1 0 0 -0.2617993877991494 
rake ylego 4 -0.04 0.0 -1 -1 -0.13886236398990784 -0.0011655169321927801 -1 -1 0 0 -0.08726646259971647 
rake ylego 4 -0.04 0.0 -1 -1 -0.13886505112187753 -0.0012203841208592277 -1 -1 0 0 0 
rake ylego 4 -0.04 0.0 -1 -1 -0.13874249467084887 -0.0011873016469264263 -1 -1 0 0 0.08726646259971647 
rake ylego 4 -0.04 0.0 -1 -1 -0.1387448298682801 -0.000586541309956683 -1 -1 0 0 0.2617993877991494 
rake ylego 4 -0.04 0.0 -1 -1 -0.1388792236379649 -0.0013151126825589245 -1 -1 0 0 0.5235987755982988 
rake ylego 4 -0.04 0.0 -1 -1 -0.13877842927986067 -0.0013805419215834804 -1 -1 0 0 0.7853981633974483 
rake ylego 4 -0.04 0.0 -1 -1 -0.13870586274521154 -0.00030204091655322167 -1 -1 0 0 1.0471975511965976 
rake ylego 4 -0.04 0.0 -1 -1 -0.13871472593783699 -0.00013525660027333982 -1 -1 0 0 1.5707963267948966 
