rake bball 3 0.055 0.025 -1 -1 0.16758227881713644 0.029239714986599236 -1 -1
rake bball 3 0.055 0.025 -1 -1 0.17280582543724324 0.02282814414567183 -1 -1
rake bball 3 0.055 0.025 -1 -1 0.1738249301190887 0.02778893524891111 -1 -1
rake bball 3 0.055 0.025 -1 -1 0.16764543575228386 0.02966316647541838 -1 -1
rake bball 3 0.055 0.025 -1 -1 0.16778112692396854 0.024938225019103522 -1 -1
rake bball 3 0.055 0.025 -1 -1 0.16777889726084363 0.02840990629372071 -1 -1
rake bball 3 0.055 0.025 -1 -1 0.1719819101581211 0.025752016370763155 -1 -1
rake bball 3 0.055 0.025 -1 -1 0.16770093021762367 0.02783662570552262 -1 -1
rake bball 3 0.055 0.025 -1 -1 0.16778131633633633 0.024283509203151466 -1 -1
rake bball 3 0.055 0.025 -1 -1 0.16769982049622492 0.02788842140826614 -1 -1
rake bball 3 0.055 0.025 -1 -1 0.1677427791422783 0.029330959623604647 -1 -1
rake bball 3 0.055 0.025 -1 -1 0.17085420986033528 0.026289552159487372 -1 -1
rake bball 3 0.055 0.025 -1 -1 0.1732920808823129 0.025522650699188285 -1 -1
rake bball 3 0.055 0.025 -1 -1 0.1710405621106947 0.02920563879374165 -1 -1
rake bball 3 0.055 0.025 -1 -1 0.1676380601844346 0.027277265545712262 -1 -1
rake bball 3 0.055 0.025 -1 -1 0.1737856457062496 0.029787363075241893 -1 -1
rake bball 3 0.055 0.025 -1 -1 0.1677362496737437 0.02664281490817763 -1 -1
rake bball 3 0.055 0.025 -1 -1 0.16763275392854407 0.027289236019452042 -1 -1
rake bball 3 0.055 0.025 -1 -1 0.16776644045443995 0.028205187483985365 -1 -1
rake bball 3 0.055 0.025 -1 -1 0.17301158442419742 0.029163215633861973 -1 -1
rake bball 3 0.055 0.025 -1 -1 0.1677089570662 0.027660820880579282 -1 -1
rake bball 3 0.055 0.025 -1 -1 0.1724371251486033 0.02660497061653451 -1 -1
rake bball 3 0.055 0.025 -1 -1 0.16771830679617306 0.02808204051158106 -1 -1
rake bball 3 0.055 0.025 -1 -1 0.1728698956571977 0.029178001070592336 -1 -1
rake bball 3 0.055 0.025 -1 -1 0.16790063282037723 0.02388612526213181 -1 -1
rake bball 3 0.055 0.025 -1 -1 0.16777315138665616 0.02730219609750918 -1 -1
rake bball 3 0.055 0.025 -1 -1 0.16783913933089947 0.02400825102968613 -1 -1
rake bball 3 0.055 0.025 -1 -1 0.17670667282024227 0.029627671442889383 -1 -1
rake bball 3 0.055 0.025 -1 -1 0.170966780946565 0.027331550948194755 -1 -1
rake bball 3 0.055 0.025 -1 -1 0.17035900773214888 0.0269954030562176 -1 -1
rake bball 3 0.055 0.025 -1 -1 0.1702664560087017 0.0262777142483583 -1 -1
rake bball 3 0.055 0.025 -1 -1 0.16770139609900425 0.026919316473069662 -1 -1
rake bball 3 0.055 0.025 -1 -1 0.17180938861528383 0.023378687089195146 -1 -1
rake bball 3 0.055 0.025 -1 -1 0.16755725049465472 0.028491013863388145 -1 -1
rake bball 3 0.055 0.025 -1 -1 0.16774526715888408 0.026623471394163666 -1 -1
rake bball 3 0.055 0.025 -1 -1 0.16768950895343504 0.02634397817065845 -1 -1
rake bball 3 0.055 0.025 -1 -1 0.17300673514809495 0.029618189334331066 -1 -1
rake bball 3 0.055 0.025 -1 -1 0.16772902141406149 0.026623648600304646 -1 -1
rake bball 3 0.055 0.025 -1 -1 0.16766815558501297 0.028105022946455935 -1 -1
rake bball 3 0.055 0.025 -1 -1 0.16775503448519194 0.028059364496908077 -1 -1
rake bball 3 0.055 0.025 -1 -1 0.1676152493150042 0.02654836601148792 -1 -1
rake bball 3 0.055 0.025 -1 -1 0.171745139691059 0.02638105569094233 -1 -1
rake bball 3 0.055 0.025 -1 -1 0.17127855026272232 0.02857315622040276 -1 -1
rake bball 3 0.055 0.025 -1 -1 0.16756720613587098 0.028736673468660854 -1 -1
rake bball 3 0.055 0.025 -1 -1 0.1738630073472889 0.02619525574306583 -1 -1
rake bball 3 0.055 0.025 -1 -1 0.16759197705984186 0.028122516524560524 -1 -1
rake bball 3 0.055 0.025 -1 -1 0.16774712443324152 0.026492174523995816 -1 -1
rake bball 3 0.055 0.025 -1 -1 0.16769407919351054 0.026008180184778264 -1 -1
rake bball 3 0.055 0.025 -1 -1 0.16759577293097763 0.026910152297702484 -1 -1
rake bball 3 0.055 0.025 -1 -1 0.17229677157301276 0.025566759400135797 -1 -1
rake bball 3 0.055 0.025 -1 -1 0.17188109358517067 0.025489486731657154 -1 -1
rake bball 3 0.055 0.025 -1 -1 0.17333528921817692 0.029017994183715548 -1 -1
rake bball 3 0.055 0.025 -1 -1 0.17216326712214872 0.027317216723189455 -1 -1
rake bball 3 0.055 0.025 -1 -1 0.16776077029434702 0.02855393664632427 -1 -1
rake bball 3 0.055 0.025 -1 -1 0.16782428350368236 0.02233344262937539 -1 -1
rake bball 3 0.055 0.025 -1 -1 0.1703238705000515 0.024519540774455985 -1 -1
rake bball 3 0.055 0.025 -1 -1 0.16759099333537658 0.028694274685170433 -1 -1
rake bball 3 0.055 0.025 -1 -1 0.16773864953390144 0.02687994690879356 -1 -1
rake bball 3 0.055 0.025 -1 -1 0.17151013937228865 0.026147279670999096 -1 -1
rake bball 3 0.055 0.025 -1 -1 0.1693864770136079 0.030446459351248394 -1 -1
rake bball 3 0.055 0.025 -1 -1 0.16784252786015919 0.026062862232826424 -1 -1
rake bball 3 0.055 0.025 -1 -1 0.16779305530574912 0.027061114016992606 -1 -1
rake bball 3 0.055 0.025 -1 -1 0.16776148643297809 0.02877094256881969 -1 -1
rake bball 3 0.055 0.025 -1 -1 0.1717733767184893 0.024142250123098726 -1 -1
rake bball 3 0.055 0.025 -1 -1 0.16768206187186588 0.02773071754445699 -1 -1
rake bball 3 0.055 0.025 -1 -1 0.17164493521739824 0.02704042710294643 -1 -1
rake bball 3 0.055 0.025 -1 -1 0.16781001407914165 0.02454534989677431 -1 -1
rake bball 3 0.055 0.025 -1 -1 0.16779573957564675 0.027060067742306557 -1 -1
rake bball 3 0.055 0.025 -1 -1 0.17328250084933575 0.019828646894174805 -1 -1
rake bball 3 0.055 0.025 -1 -1 0.16781576660652606 0.025815407034711076 -1 -1
rake bball 3 0.055 0.025 -1 -1 0.16756294166277286 0.02879813220214486 -1 -1
rake bball 3 0.055 0.025 -1 -1 0.1676239535695148 0.027808955323351564 -1 -1
rake bball 3 0.055 0.025 -1 -1 0.1731924737624375 0.02896646180323127 -1 -1
rake bball 3 0.055 0.025 -1 -1 0.16764874724628037 0.026416420139037625 -1 -1
rake bball 3 0.055 0.025 -1 -1 0.1678176279210094 0.023636834069477107 -1 -1
rake bball 3 0.055 0.025 -1 -1 0.17223573766783223 0.024881622845005558 -1 -1
rake bball 3 0.055 0.025 -1 -1 0.17101602233408666 0.028231588815903114 -1 -1
rake bball 3 0.055 0.025 -1 -1 0.16765007483215197 0.028656038945596332 -1 -1
rake bball 3 0.055 0.025 -1 -1 0.1677684296731591 0.02437353836382556 -1 -1
rake bball 3 0.055 0.025 -1 -1 0.17070112281139174 0.02567067847275643 -1 -1
rake bball 3 0.055 0.025 -1 -1 0.16783194371767649 0.02496158747218057 -1 -1
rake bball 3 0.055 0.025 -1 -1 0.16775048118523764 0.024210293076960657 -1 -1
rake bball 3 0.055 0.025 -1 -1 0.16776512462147722 0.022860584330537476 -1 -1
rake bball 3 0.055 0.025 -1 -1 0.16767333426377698 0.028056593041697223 -1 -1
rake bball 3 0.055 0.025 -1 -1 0.17098355856084912 0.027628421252063093 -1 -1
rake bball 3 0.055 0.025 -1 -1 0.16758501969345813 0.028295223407167013 -1 -1
rake bball 3 0.055 0.025 -1 -1 0.16752043580304463 0.029983789453912647 -1 -1
rake bball 3 0.055 0.025 -1 -1 0.16771377958610467 0.02748725194664486 -1 -1
rake bball 3 0.055 0.025 -1 -1 0.1676319737703053 0.023759451591860183 -1 -1
rake bball 3 0.055 0.025 -1 -1 0.16785492248117026 0.02282923181138696 -1 -1
rake bball 3 0.055 0.025 -1 -1 0.16762864160070473 0.02710234945707044 -1 -1
rake bball 3 0.055 0.025 -1 -1 0.1677052067094539 0.028769472829006514 -1 -1
rake bball 3 0.055 0.025 -1 -1 0.17019277834963917 0.030336523282134598 -1 -1
rake bball 3 0.055 0.025 -1 -1 0.1786469470588469 0.02991114349899764 -1 -1
rake bball 3 0.055 0.025 -1 -1 0.1714348150468787 0.024595094709082943 -1 -1
rake bball 3 0.055 0.025 -1 -1 0.167698008329012 0.02419006332779428 -1 -1
rake bball 3 0.055 0.025 -1 -1 0.17161003523709573 0.02476465605330012 -1 -1
rake bball 3 0.055 0.025 -1 -1 0.16774180923114698 0.026905271327440996 -1 -1
rake bball 3 0.055 0.025 -1 -1 0.17281411102277958 0.028286225328282667 -1 -1
rake bball 3 0.055 0.025 -1 -1 0.16765810003557824 0.02721509656472419 -1 -1
