rake ylego 2 0.02 0.14 -1 -1 -0.025892491462542307 0.1982736619097701 -1 -1 0 -1.5707963267948966 0 
rake ylego 2 0.02 0.14 -1 -1 -0.008302540268315872 0.21143521579608807 -1 -1 0 -1.0471975511965976 0 
rake ylego 2 0.02 0.14 -1 -1 -0.018392067028415723 0.19588287201048243 -1 -1 0 -0.7853981633974483 0 
rake ylego 2 0.02 0.14 -1 -1 -0.005820393995246946 0.2498735588230308 -1 -1 0 -0.5235987755982988 0 
rake ylego 2 0.02 0.14 -1 -1 -0.0035048244886533107 0.2584161227635543 -1 -1 0 -0.2617993877991494 0 
rake ylego 2 0.02 0.14 -1 -1 -0.015069813397931753 0.21423572270924612 -1 -1 0 -0.08726646259971647 0 
rake ylego 2 0.02 0.14 -1 -1 0.0017068230323727509 0.25571935719969807 -1 -1 0 0 0 
rake ylego 2 0.02 0.14 -1 -1 -0.010645856888423249 0.254643402741678 -1 -1 0 0.08726646259971647 0 
rake ylego 2 0.02 0.14 -1 -1 0.014946392909206326 0.2596984053386111 -1 -1 0 0.2617993877991494 0 
rake ylego 2 0.02 0.14 -1 -1 0.008260740171406378 0.25722260339171493 -1 -1 0 0.5235987755982988 0 
rake ylego 2 0.02 0.14 -1 -1 0.0527995350294523 0.24024081437926798 -1 -1 0 0.7853981633974483 0 
rake ylego 2 0.02 0.14 -1 -1 0.06949483380511039 0.23515241168985287 -1 -1 0 1.0471975511965976 0 
rake ylego 2 0.02 0.14 -1 -1 0.03492534701653302 0.2415302463547774 -1 -1 0 1.5707963267948966 0 
