rake ylego 2 0.02 0.14 -1 -1 0.05529368234160958 0.21069639537056847 -1 -1
rake ylego 2 0.02 0.14 -1 -1 0.0548927080501996 0.2091460602322121 -1 -1
rake ylego 2 0.02 0.14 -1 -1 0.0549171395537104 0.20925026911534195 -1 -1
rake ylego 2 0.02 0.14 -1 -1 0.04930430603041106 0.24671708071699736 -1 -1
rake ylego 2 0.02 0.14 -1 -1 0.046757773291919325 0.24974698366200937 -1 -1
rake ylego 2 0.02 0.14 -1 -1 0.04289348476718702 0.2482599514547235 -1 -1
rake ylego 2 0.02 0.14 -1 -1 0.01991678480646492 0.2451501594210617 -1 -1
rake ylego 2 0.02 0.14 -1 -1 0.02172001260390479 0.24695822415462765 -1 -1
rake ylego 2 0.02 0.14 -1 -1 0.054933358736383255 0.20932106588470475 -1 -1
rake ylego 2 0.02 0.14 -1 -1 0.03988344493650225 0.2487573375903165 -1 -1
rake ylego 2 0.02 0.14 -1 -1 0.047491351985515066 0.24968370887731364 -1 -1
rake ylego 2 0.02 0.14 -1 -1 0.01989656561588091 0.2474316816379489 -1 -1
rake ylego 2 0.02 0.14 -1 -1 0.05481004355394454 0.20891400307873556 -1 -1
rake ylego 2 0.02 0.14 -1 -1 0.019920213003051246 0.24463317552041278 -1 -1
rake ylego 2 0.02 0.14 -1 -1 0.05555636000004618 0.211790777384947 -1 -1
rake ylego 2 0.02 0.14 -1 -1 0.043493516669007144 0.24018673513365466 -1 -1
rake ylego 2 0.02 0.14 -1 -1 0.04246167082245638 0.24844493977763601 -1 -1
rake ylego 2 0.02 0.14 -1 -1 0.019973231112927595 0.2450557859760792 -1 -1
rake ylego 2 0.02 0.14 -1 -1 0.019946756582098206 0.24452356978765555 -1 -1
rake ylego 2 0.02 0.14 -1 -1 0.01991490542699387 0.24465728549527152 -1 -1
rake ylego 2 0.02 0.14 -1 -1 0.04513402199948311 0.23890314040106625 -1 -1
rake ylego 2 0.02 0.14 -1 -1 0.055494072964887606 0.21156832297727865 -1 -1
rake ylego 2 0.02 0.14 -1 -1 0.019570169461600017 0.24866870665911797 -1 -1
rake ylego 2 0.02 0.14 -1 -1 0.04596693997588004 0.23801457647642205 -1 -1
rake ylego 2 0.02 0.14 -1 -1 0.04311749189385258 0.24042492536995136 -1 -1
rake ylego 2 0.02 0.14 -1 -1 0.019911086410204764 0.24456393186348888 -1 -1
rake ylego 2 0.02 0.14 -1 -1 0.02189107196458519 0.2464150116429353 -1 -1
rake ylego 2 0.02 0.14 -1 -1 0.04480947456398204 0.2392167750331894 -1 -1
rake ylego 2 0.02 0.14 -1 -1 0.0411232626961595 0.2488963234947884 -1 -1
rake ylego 2 0.02 0.14 -1 -1 0.041795740129428625 0.2487654747360957 -1 -1
rake ylego 2 0.02 0.14 -1 -1 0.05468852748320734 0.2082796290026785 -1 -1
rake ylego 2 0.02 0.14 -1 -1 0.05489272805427068 0.20914738738845995 -1 -1
rake ylego 2 0.02 0.14 -1 -1 0.05576962781140533 0.21302669471983957 -1 -1
rake ylego 2 0.02 0.14 -1 -1 0.05616517015960765 0.21570135145580785 -1 -1
rake ylego 2 0.02 0.14 -1 -1 0.04636598927048786 0.2501648518597919 -1 -1
rake ylego 2 0.02 0.14 -1 -1 0.04574488276528868 0.23826120806432496 -1 -1
rake ylego 2 0.02 0.14 -1 -1 0.05517011936131893 0.21017328488053919 -1 -1
rake ylego 2 0.02 0.14 -1 -1 0.057795546389119504 0.2426407311893501 -1 -1
rake ylego 2 0.02 0.14 -1 -1 0.054726056234310476 0.20845227891001938 -1 -1
rake ylego 2 0.02 0.14 -1 -1 0.046520119548361015 0.23730405021128825 -1 -1
