rake ylego 2 0.02 0.14 -1 -1 0.016977493856838024 0.2392282071302947 -1 -1 -1.5707963267948966 0 0 
rake ylego 2 0.02 0.14 -1 -1 0.0004751917028754429 0.22022487691762602 -1 -1 -1.0471975511965976 0 0 
rake ylego 2 0.02 0.14 -1 -1 9.368934980702475e-05 0.19568453122502202 -1 -1 -0.7853981633974483 0 0 
rake ylego 2 0.02 0.14 -1 -1 0.02243764094306673 0.2447195269073944 -1 -1 -0.5235987755982988 0 0 
rake ylego 2 0.02 0.14 -1 -1 0.02235938356067682 0.24465739013426788 -1 -1 -0.2617993877991494 0 0 
rake ylego 2 0.02 0.14 -1 -1 0.02299736278001483 0.24473209246294603 -1 -1 -0.08726646259971647 0 0 
rake ylego 2 0.02 0.14 -1 -1 0.022577806057815727 0.24458768060943906 -1 -1 0 0 0 
rake ylego 2 0.02 0.14 -1 -1 0.023269085378093746 0.24468099770142832 -1 -1 0.08726646259971647 0 0 
rake ylego 2 0.02 0.14 -1 -1 0.006260410488202959 0.24083293433701344 -1 -1 0.2617993877991494 0 0 
rake ylego 2 0.02 0.14 -1 -1 -0.006282423032325793 0.21897505839524284 -1 -1 0.5235987755982988 0 0 
rake ylego 2 0.02 0.14 -1 -1 0.023587773740203145 0.23925399897949026 -1 -1 0.7853981633974483 0 0 
rake ylego 2 0.02 0.14 -1 -1 0.023751137521548723 0.23945900360189018 -1 -1 1.0471975511965976 0 0 
rake ylego 2 0.02 0.14 -1 -1 0.02017661027213442 0.23935377174142308 -1 -1 1.5707963267948966 0 0 
