rake ylego 2 0.02 0.14 -1 -1 0.019229634670556106 0.24033138940237467 -1 -1 -1.5707963267948966 0 0 
rake ylego 2 0.02 0.14 -1 -1 0.02113713039305011 0.25865184637027216 -1 -1 -1.0471975511965976 0 0 
rake ylego 2 0.02 0.14 -1 -1 0.012995174336293852 0.25060096417259425 -1 -1 -0.7853981633974483 0 0 
rake ylego 2 0.02 0.14 -1 -1 0.04296426121456409 0.24824377330469122 -1 -1 -0.5235987755982988 0 0 
rake ylego 2 0.02 0.14 -1 -1 0.04496211057817612 0.23907276786613105 -1 -1 -0.2617993877991494 0 0 
rake ylego 2 0.02 0.14 -1 -1 0.04304304273627781 0.24049659080704844 -1 -1 -0.08726646259971647 0 0 
rake ylego 2 0.02 0.14 -1 -1 0.02382366915173617 0.24687768979557467 -1 -1 0 0 0 
rake ylego 2 0.02 0.14 -1 -1 0.048320705341848756 0.24829344617194551 -1 -1 0.08726646259971647 0 0 
rake ylego 2 0.02 0.14 -1 -1 0.0547172599966799 0.208582388236142 -1 -1 0.2617993877991494 0 0 
rake ylego 2 0.02 0.14 -1 -1 0.05616835001568068 0.2157839897044851 -1 -1 0.5235987755982988 0 0 
rake ylego 2 0.02 0.14 -1 -1 -0.017607216957103256 0.251515498192094 -1 -1 0.7853981633974483 0 0 
rake ylego 2 0.02 0.14 -1 -1 0.05699430277513638 0.22728699745842273 -1 -1 1.0471975511965976 0 0 
rake ylego 2 0.02 0.14 -1 -1 -0.001832837194257758 0.21430616709079262 -1 -1 1.5707963267948966 0 0 
