rake ylego 2 0.02 0.14 -1 -1 0.04150058661007685 0.2489343385215608 -1 -1
rake ylego 2 0.02 0.14 -1 -1 0.04244179201637037 0.24845218575812072 -1 -1
rake ylego 2 0.02 0.14 -1 -1 0.04073227948786892 0.24885764914972114 -1 -1
rake ylego 2 0.02 0.14 -1 -1 0.01991397739506806 0.2450517323526104 -1 -1
rake ylego 2 0.02 0.14 -1 -1 0.05502003744485771 0.2095998334932223 -1 -1
rake ylego 2 0.02 0.14 -1 -1 0.019907320213618268 0.24675739537616065 -1 -1
rake ylego 2 0.02 0.14 -1 -1 0.04507469298425505 0.23896196294525246 -1 -1
rake ylego 2 0.02 0.14 -1 -1 0.05530880462008766 0.21077926636322394 -1 -1
rake ylego 2 0.02 0.14 -1 -1 0.05527667781906462 0.21060574220418415 -1 -1
rake ylego 2 0.02 0.14 -1 -1 0.04641261858010874 0.23743348790806157 -1 -1
rake ylego 2 0.02 0.14 -1 -1 0.04258835632670707 0.24838908451849054 -1 -1
rake ylego 2 0.02 0.14 -1 -1 0.047313343467058525 0.2498678851576712 -1 -1
rake ylego 2 0.02 0.14 -1 -1 0.05567477514371492 0.2124519628338174 -1 -1
rake ylego 2 0.02 0.14 -1 -1 0.04490679594092308 0.23912254955632298 -1 -1
rake ylego 2 0.02 0.14 -1 -1 0.04797751766629012 0.25192954709896226 -1 -1
rake ylego 2 0.02 0.14 -1 -1 0.05492273883135794 0.20927356380287196 -1 -1
rake ylego 2 0.02 0.14 -1 -1 0.05503060724459874 0.20964764769852803 -1 -1
rake ylego 2 0.02 0.14 -1 -1 0.019987475311253593 0.24503003863497308 -1 -1
rake ylego 2 0.02 0.14 -1 -1 0.04329621074214548 0.24030291630418477 -1 -1
rake ylego 2 0.02 0.14 -1 -1 0.043418903969147916 0.24022882251658526 -1 -1
