rake ylego 2 0.02 0.14 -1 -1 0.010860008944489472 0.25489744202666753 -1 -1
rake ylego 2 0.02 0.14 -1 -1 0.005084925323642832 0.26051980085140153 -1 -1
rake ylego 2 0.02 0.14 -1 -1 0.08658541836775105 0.18501215396702017 -1 -1
rake ylego 2 0.02 0.14 -1 -1 0.0045889177202535405 0.24183306899494686 -1 -1
rake ylego 2 0.02 0.14 -1 -1 -0.0018016797165506674 0.2444015765233583 -1 -1
rake ylego 2 0.02 0.14 -1 -1 0.01079823326101942 0.259823187082381 -1 -1
rake ylego 2 0.02 0.14 -1 -1 -0.006961013044439495 0.23480004627737402 -1 -1
rake ylego 2 0.02 0.14 -1 -1 9.034722767658095e-06 0.2603516629065625 -1 -1
rake ylego 2 0.02 0.14 -1 -1 -0.007719226488499145 0.2515423033123963 -1 -1
rake ylego 2 0.02 0.14 -1 -1 0.008389344925472523 0.2546955260508939 -1 -1
rake ylego 2 0.02 0.14 -1 -1 0.018193603299135868 0.2604869975700829 -1 -1
rake ylego 2 0.02 0.14 -1 -1 0.001680172364746691 0.24942645937820526 -1 -1
rake ylego 2 0.02 0.14 -1 -1 -0.002142447937802462 0.23549998715847814 -1 -1
rake ylego 2 0.02 0.14 -1 -1 -0.022260769876677824 0.17733371239309156 -1 -1
rake ylego 2 0.02 0.14 -1 -1 0.013554481200412766 0.2807299548396567 -1 -1
rake ylego 2 0.02 0.14 -1 -1 0.01530930238086542 0.2444396621288636 -1 -1
rake ylego 2 0.02 0.14 -1 -1 0.013090872961891483 0.2441040674796848 -1 -1
rake ylego 2 0.02 0.14 -1 -1 -0.005841401413138939 0.21712711397575687 -1 -1
rake ylego 2 0.02 0.14 -1 -1 -0.011807495327349952 0.16820333321370165 -1 -1
rake ylego 2 0.02 0.14 -1 -1 0.014691927254727637 0.2508987207707199 -1 -1
rake ylego 2 0.02 0.14 -1 -1 0.016999571125092844 0.25259353070101354 -1 -1
rake ylego 2 0.02 0.14 -1 -1 -0.0031380474082202555 0.2447744070658857 -1 -1
rake ylego 2 0.02 0.14 -1 -1 0.0036037865826034268 0.2615155258419289 -1 -1
rake ylego 2 0.02 0.14 -1 -1 0.0195775482739607 0.2523487097931961 -1 -1
rake ylego 2 0.02 0.14 -1 -1 0.019908156207990968 0.25422587974045674 -1 -1
rake ylego 2 0.02 0.14 -1 -1 0.00947563601585734 0.2448174220332017 -1 -1
rake ylego 2 0.02 0.14 -1 -1 -0.004043230708411351 0.2449596554324571 -1 -1
rake ylego 2 0.02 0.14 -1 -1 0.011131955501964974 0.2547952109517255 -1 -1
rake ylego 2 0.02 0.14 -1 -1 0.01181346373406998 0.25284941379832665 -1 -1
rake ylego 2 0.02 0.14 -1 -1 -0.009800246969325372 0.2248194136005958 -1 -1
rake ylego 2 0.02 0.14 -1 -1 0.03416802655139654 0.2829620647283855 -1 -1
rake ylego 2 0.02 0.14 -1 -1 -0.0009238107083963079 0.24541778062196323 -1 -1
rake ylego 2 0.02 0.14 -1 -1 0.014640615564235451 0.2603720707847967 -1 -1
rake ylego 2 0.02 0.14 -1 -1 0.007697595016604269 0.2422184374663885 -1 -1
rake ylego 2 0.02 0.14 -1 -1 0.005552895431838402 0.24086322026015414 -1 -1
rake ylego 2 0.02 0.14 -1 -1 -0.00811045649143823 0.25713257362618425 -1 -1
rake ylego 2 0.02 0.14 -1 -1 0.0015292291946423565 0.24623750970002176 -1 -1
rake ylego 2 0.02 0.14 -1 -1 0.038147525138448296 0.271727904247842 -1 -1
rake ylego 2 0.02 0.14 -1 -1 0.033526044188669626 0.24814175083918807 -1 -1
rake ylego 2 0.02 0.14 -1 -1 -0.02467177403178366 0.1957391396868734 -1 -1
