rake ylego 2 0.02 0.14 -1 -1 0.0017068230323727509 0.25571935719969807 -1 -1 0 0 0 
rake ylego 2 0.02 0.14 -1 -1 -0.0063321618483350925 0.21844889535776335 -1 -1 0 0 0.08726646259971647 
rake ylego 2 0.02 0.14 -1 -1 -0.0026144214041912217 0.25732691702179195 -1 -1 0 0 0.5235987755982988 
rake ylego 2 0.02 0.14 -1 -1 -0.004777178189863546 0.2350559243555352 -1 -1 0 0 1.5707963267948966 
rake ylego 2 0.02 0.14 -1 -1 0.03283392332769336 0.2596856368201066 -1 -1 0 0.08726646259971647 0.08726646259971647 
rake ylego 2 0.02 0.14 -1 -1 -0.0006679849260535065 0.2583056002180735 -1 -1 0 0.08726646259971647 0.5235987755982988 
rake ylego 2 0.02 0.14 -1 -1 0.009527552978800601 0.2517407200537322 -1 -1 0 0.08726646259971647 1.5707963267948966 
rake ylego 2 0.02 0.14 -1 -1 -0.008045271381064877 0.14939761788907124 -1 -1 0 0.5235987755982988 0.5235987755982988 
rake ylego 2 0.02 0.14 -1 -1 0.006884895233042717 0.25464615496104037 -1 -1 0 0.5235987755982988 1.5707963267948966 
rake ylego 2 0.02 0.14 -1 -1 0.015244750635029097 0.23884355283404238 -1 -1 0 1.5707963267948966 1.5707963267948966 
rake ylego 2 0.02 0.14 -1 -1 0.006330672883619849 0.2578735556557524 -1 -1 0.08726646259971647 0.08726646259971647 0.08726646259971647 
rake ylego 2 0.02 0.14 -1 -1 -0.0010831853842569025 0.2585239548280233 -1 -1 0.08726646259971647 0.08726646259971647 0.5235987755982988 
rake ylego 2 0.02 0.14 -1 -1 0.006172765992614602 0.2547154196065181 -1 -1 0.08726646259971647 0.08726646259971647 1.5707963267948966 
rake ylego 2 0.02 0.14 -1 -1 0.010480602851558966 0.256986050265646 -1 -1 0.08726646259971647 0.5235987755982988 0.5235987755982988 
rake ylego 2 0.02 0.14 -1 -1 -0.00849477001872571 0.22820845762262312 -1 -1 0.08726646259971647 0.5235987755982988 1.5707963267948966 
rake ylego 2 0.02 0.14 -1 -1 0.019155965599132862 0.23988438887139185 -1 -1 0.08726646259971647 1.5707963267948966 1.5707963267948966 
rake ylego 2 0.02 0.14 -1 -1 0.01790712011888639 0.2577457487121237 -1 -1 0.5235987755982988 0.5235987755982988 0.5235987755982988 
rake ylego 2 0.02 0.14 -1 -1 -0.011217698430960394 0.19556281501340106 -1 -1 0.5235987755982988 0.5235987755982988 1.5707963267948966 
rake ylego 2 0.02 0.14 -1 -1 -0.010590807429795611 0.206981343572487 -1 -1 0.5235987755982988 1.5707963267948966 1.5707963267948966 
rake ylego 2 0.02 0.14 -1 -1 0.03488372411553838 0.24049659888565547 -1 -1 1.5707963267948966 1.5707963267948966 1.5707963267948966 
