rake ylego 2 0.02 0.14 -1 -1 -0.012638189040087271 0.22875892710970452 -1 -1
rake ylego 2 0.02 0.14 -1 -1 -0.020688006997852112 0.183542286629833 -1 -1
rake ylego 2 0.02 0.14 -1 -1 -0.014631060823365686 0.1729815672093738 -1 -1
rake ylego 2 0.02 0.14 -1 -1 -0.0040367620045068785 0.18092259555620757 -1 -1
rake ylego 2 0.02 0.14 -1 -1 -0.014077667108817664 0.20215858272349918 -1 -1
rake ylego 2 0.02 0.14 -1 -1 -0.004664111098509746 0.21505432294070692 -1 -1
rake ylego 2 0.02 0.14 -1 -1 -0.0020794052058596955 0.18383308658163755 -1 -1
rake ylego 2 0.02 0.14 -1 -1 0.06280094108274678 0.17997906952056972 -1 -1
rake ylego 2 0.02 0.14 -1 -1 -0.00289232352693595 0.21314127412744396 -1 -1
rake ylego 2 0.02 0.14 -1 -1 -0.002477741406850706 0.26304753256401087 -1 -1
rake ylego 2 0.02 0.14 -1 -1 0.001887067516057843 0.24016350352778024 -1 -1
rake ylego 2 0.02 0.14 -1 -1 0.0006392919412798666 0.23085368991344038 -1 -1
rake ylego 2 0.02 0.14 -1 -1 -0.0033735035724028594 0.1519685607506865 -1 -1
rake ylego 2 0.02 0.14 -1 -1 0.00567893961173346 0.2445363636055691 -1 -1
rake ylego 2 0.02 0.14 -1 -1 0.05731450861661943 0.23484057918825843 -1 -1
rake ylego 2 0.02 0.14 -1 -1 -0.015139845466360448 0.1603949721521392 -1 -1
rake ylego 2 0.02 0.14 -1 -1 -0.013422407237137677 0.16276232607770114 -1 -1
rake ylego 2 0.02 0.14 -1 -1 0.01275604624147482 0.24322233819370598 -1 -1
rake ylego 2 0.02 0.14 -1 -1 0.014935218322119937 0.24261711914629344 -1 -1
rake ylego 2 0.02 0.14 -1 -1 0.058754642349794974 0.23219156780665678 -1 -1
rake ylego 2 0.02 0.14 -1 -1 0.02818900739360837 0.24560657228078153 -1 -1
rake ylego 2 0.02 0.14 -1 -1 -0.003050546125225012 0.23472651176112733 -1 -1
rake ylego 2 0.02 0.14 -1 -1 -0.0036794912482809783 0.20828558403983724 -1 -1
rake ylego 2 0.02 0.14 -1 -1 0.04087737866259084 0.2612561023437663 -1 -1
rake ylego 2 0.02 0.14 -1 -1 -0.0059318603480175225 0.21549668594242202 -1 -1
rake ylego 2 0.02 0.14 -1 -1 0.027378567685066635 0.24895217670426475 -1 -1
rake ylego 2 0.02 0.14 -1 -1 -0.014403945696158972 0.20097823666287518 -1 -1
rake ylego 2 0.02 0.14 -1 -1 -0.007104192230409878 0.1960025030734363 -1 -1
rake ylego 2 0.02 0.14 -1 -1 -0.024748394352569612 0.2301658151274071 -1 -1
rake ylego 2 0.02 0.14 -1 -1 0.05831125938934773 0.23451500260940972 -1 -1
rake ylego 2 0.02 0.14 -1 -1 -0.0062281653945823095 0.2047198138872868 -1 -1
rake ylego 2 0.02 0.14 -1 -1 0.031147117624948314 0.25337138419817334 -1 -1
rake ylego 2 0.02 0.14 -1 -1 0.040206345563915225 0.26281246583773826 -1 -1
rake ylego 2 0.02 0.14 -1 -1 0.04290279445120523 0.24971578773810285 -1 -1
rake ylego 2 0.02 0.14 -1 -1 0.04741029311551003 0.25361775303489575 -1 -1
rake ylego 2 0.02 0.14 -1 -1 0.06714181942300657 0.2203075096230396 -1 -1
rake ylego 2 0.02 0.14 -1 -1 0.0045543966017882595 0.2667096332618315 -1 -1
rake ylego 2 0.02 0.14 -1 -1 -0.012470604292158417 0.18003423790891937 -1 -1
rake ylego 2 0.02 0.14 -1 -1 -0.011108493613715607 0.2341781990146164 -1 -1
rake ylego 2 0.02 0.14 -1 -1 0.021071965976396385 0.24336237963193183 -1 -1
