rake ylego 2 0.02 0.14 -1 -1 0.003938120753444513 0.2553315003194159 -1 -1
rake ylego 2 0.02 0.14 -1 -1 0.011177552028687221 0.259597624669583 -1 -1
rake ylego 2 0.02 0.14 -1 -1 0.0038851820332803776 0.2562562087086351 -1 -1
rake ylego 2 0.02 0.14 -1 -1 -0.005856569958965414 0.2161361961660233 -1 -1
rake ylego 2 0.02 0.14 -1 -1 0.0038815987266236046 0.2561951322317045 -1 -1
rake ylego 2 0.02 0.14 -1 -1 -0.0071636741466719585 0.21465538236686416 -1 -1
rake ylego 2 0.02 0.14 -1 -1 0.011417627368460286 0.25941720307812854 -1 -1
rake ylego 2 0.02 0.14 -1 -1 -0.006316511667161493 0.21909061410078903 -1 -1
rake ylego 2 0.02 0.14 -1 -1 0.01096691867663564 0.26084255665208417 -1 -1
rake ylego 2 0.02 0.14 -1 -1 0.014974142827057548 0.26053892178175053 -1 -1
rake ylego 2 0.02 0.14 -1 -1 -0.007261634662235669 0.217729645928461 -1 -1
rake ylego 2 0.02 0.14 -1 -1 0.015134673598540866 0.2603502399202687 -1 -1
rake ylego 2 0.02 0.14 -1 -1 0.004123749430250127 0.25564995936857815 -1 -1
rake ylego 2 0.02 0.14 -1 -1 0.011319855348833785 0.26004107328846815 -1 -1
rake ylego 2 0.02 0.14 -1 -1 0.008801375555117947 0.25621331981317336 -1 -1
rake ylego 2 0.02 0.14 -1 -1 0.00460161130786953 0.2561436267910588 -1 -1
rake ylego 2 0.02 0.14 -1 -1 0.023074558137331332 0.25945509433691827 -1 -1
rake ylego 2 0.02 0.14 -1 -1 -0.006578627609852692 0.2192387399927351 -1 -1
rake ylego 2 0.02 0.14 -1 -1 0.015257365862108678 0.2601231924456906 -1 -1
rake ylego 2 0.02 0.14 -1 -1 -0.006854465700622386 0.21878500116589716 -1 -1
rake ylego 2 0.02 0.14 -1 -1 0.013564352554736214 0.26040529191958917 -1 -1
rake ylego 2 0.02 0.14 -1 -1 0.012788690935236378 0.2606388860917652 -1 -1
rake ylego 2 0.02 0.14 -1 -1 -0.026634146551852488 0.19903547980433262 -1 -1
rake ylego 2 0.02 0.14 -1 -1 -0.007431839073667276 0.21751589723754186 -1 -1
rake ylego 2 0.02 0.14 -1 -1 0.005425689921014686 0.2574099904287857 -1 -1
rake ylego 2 0.02 0.14 -1 -1 0.01575245708114472 0.2607709659261866 -1 -1
rake ylego 2 0.02 0.14 -1 -1 0.01220275635881901 0.2598701957027811 -1 -1
rake ylego 2 0.02 0.14 -1 -1 0.003890789560015939 0.2553334106404036 -1 -1
rake ylego 2 0.02 0.14 -1 -1 0.005127760503878662 0.2565155021937375 -1 -1
rake ylego 2 0.02 0.14 -1 -1 0.010721878132730235 0.26102607031456765 -1 -1
rake ylego 2 0.02 0.14 -1 -1 0.01333076198379079 0.2602659345773293 -1 -1
rake ylego 2 0.02 0.14 -1 -1 -0.006948768871246217 0.21506192581100356 -1 -1
rake ylego 2 0.02 0.14 -1 -1 0.003713362098936729 0.2565786277219641 -1 -1
rake ylego 2 0.02 0.14 -1 -1 0.009024681085137426 0.25818039113691654 -1 -1
rake ylego 2 0.02 0.14 -1 -1 0.004759834019135822 0.25623786238405677 -1 -1
rake ylego 2 0.02 0.14 -1 -1 -0.007166931157973975 0.21915766240511184 -1 -1
rake ylego 2 0.02 0.14 -1 -1 0.010890600864966423 0.2595385560404179 -1 -1
rake ylego 2 0.02 0.14 -1 -1 -0.007227016718827174 0.21701296738292863 -1 -1
rake ylego 2 0.02 0.14 -1 -1 0.009359265179914736 0.25989157944006497 -1 -1
rake ylego 2 0.02 0.14 -1 -1 0.010743520393166955 0.2592560019679111 -1 -1
