rake ylego 2 0.02 0.14 -1 -1 0.011562721475886108 0.2568234126006394 -1 -1
rake ylego 2 0.02 0.14 -1 -1 0.015613830033742301 0.24532354598206849 -1 -1
rake ylego 2 0.02 0.14 -1 -1 0.005523401819909957 0.2611027098586912 -1 -1
rake ylego 2 0.02 0.14 -1 -1 0.016513850431399465 0.25882923560179694 -1 -1
rake ylego 2 0.02 0.14 -1 -1 0.0031293755615433828 0.25963790862303304 -1 -1
rake ylego 2 0.02 0.14 -1 -1 0.009485842455070089 0.24902293893503719 -1 -1
rake ylego 2 0.02 0.14 -1 -1 0.0506928541296941 0.25987037898524007 -1 -1
rake ylego 2 0.02 0.14 -1 -1 -0.002578621969087639 0.23104585601907268 -1 -1
rake ylego 2 0.02 0.14 -1 -1 0.0076517287218949865 0.25442346012163497 -1 -1
rake ylego 2 0.02 0.14 -1 -1 -0.0017477627440369709 0.23461781569397688 -1 -1
rake ylego 2 0.02 0.14 -1 -1 0.023667575297557846 0.24804581124725109 -1 -1
rake ylego 2 0.02 0.14 -1 -1 0.0013924133660299495 0.24238307691295172 -1 -1
rake ylego 2 0.02 0.14 -1 -1 0.026157206268542746 0.24950614632167425 -1 -1
rake ylego 2 0.02 0.14 -1 -1 0.019439430037210007 0.24920080493657149 -1 -1
rake ylego 2 0.02 0.14 -1 -1 0.0029670685330133273 0.2552105027563178 -1 -1
rake ylego 2 0.02 0.14 -1 -1 -0.00031008713634374626 0.2579905273781677 -1 -1
rake ylego 2 0.02 0.14 -1 -1 -0.0008297588473964147 0.2601843029949265 -1 -1
rake ylego 2 0.02 0.14 -1 -1 0.013862213847639384 0.2588342819547269 -1 -1
rake ylego 2 0.02 0.14 -1 -1 0.0010466880764953362 0.24745888465421315 -1 -1
rake ylego 2 0.02 0.14 -1 -1 0.0017353494733702173 0.24283468746169407 -1 -1
rake ylego 2 0.02 0.14 -1 -1 -0.0074031535128255685 0.2572495765820106 -1 -1
rake ylego 2 0.02 0.14 -1 -1 -0.006553296134880386 0.22066293348043153 -1 -1
rake ylego 2 0.02 0.14 -1 -1 0.020533348172608636 0.24970495788017455 -1 -1
rake ylego 2 0.02 0.14 -1 -1 -0.0047478361109648546 0.2584420083979475 -1 -1
rake ylego 2 0.02 0.14 -1 -1 0.0038124880641397505 0.25812779656920704 -1 -1
rake ylego 2 0.02 0.14 -1 -1 0.01817651485540298 0.2591456386063313 -1 -1
rake ylego 2 0.02 0.14 -1 -1 -0.003772486451678221 0.26027893536914376 -1 -1
rake ylego 2 0.02 0.14 -1 -1 0.006773792495217945 0.25335757934502945 -1 -1
rake ylego 2 0.02 0.14 -1 -1 0.034478547765677554 0.2518187521701973 -1 -1
rake ylego 2 0.02 0.14 -1 -1 0.02292415278338002 0.2599010541253157 -1 -1
rake ylego 2 0.02 0.14 -1 -1 0.009037491718500278 0.25674240917467356 -1 -1
rake ylego 2 0.02 0.14 -1 -1 -0.002326420953819033 0.2559287129320423 -1 -1
rake ylego 2 0.02 0.14 -1 -1 0.002210145196143595 0.2606001099516639 -1 -1
rake ylego 2 0.02 0.14 -1 -1 0.01785353779696135 0.246527786298422 -1 -1
rake ylego 2 0.02 0.14 -1 -1 0.006355581985629106 0.2614823954065461 -1 -1
rake ylego 2 0.02 0.14 -1 -1 0.020869004855840725 0.25765666957905986 -1 -1
rake ylego 2 0.02 0.14 -1 -1 0.013296649914340954 0.2481674705314269 -1 -1
rake ylego 2 0.02 0.14 -1 -1 -0.0035896705141970427 0.25851121769701163 -1 -1
rake ylego 2 0.02 0.14 -1 -1 -0.00727867566399402 0.21745499216220118 -1 -1
rake ylego 2 0.02 0.14 -1 -1 -0.002697694016390195 0.2578925879920978 -1 -1
