rake ylego 2 0.02 0.14 -1 -1 0.013552748160088125 0.25606703234186606 -1 -1
rake ylego 2 0.02 0.14 -1 -1 0.059083876832025664 0.23960246083670653 -1 -1
rake ylego 2 0.02 0.14 -1 -1 -0.009385127923848316 0.17769136753734951 -1 -1
rake ylego 2 0.02 0.14 -1 -1 0.014964686564826676 0.25656955066083037 -1 -1
rake ylego 2 0.02 0.14 -1 -1 0.006335778046561494 0.25379236471534 -1 -1
rake ylego 2 0.02 0.14 -1 -1 0.04456783057873053 0.2598282642933 -1 -1
rake ylego 2 0.02 0.14 -1 -1 -0.00958713053508933 0.17365985294211125 -1 -1
rake ylego 2 0.02 0.14 -1 -1 0.019602767113329537 0.25781387436382663 -1 -1
rake ylego 2 0.02 0.14 -1 -1 -0.005623773714148345 0.2008480327369928 -1 -1
rake ylego 2 0.02 0.14 -1 -1 0.0634091980251362 0.1936231147685492 -1 -1
rake ylego 2 0.02 0.14 -1 -1 -0.007004734706896781 0.2348826541713709 -1 -1
rake ylego 2 0.02 0.14 -1 -1 -0.011618458933248194 0.13335729976092917 -1 -1
rake ylego 2 0.02 0.14 -1 -1 -0.019285885907540923 0.18566448729978985 -1 -1
rake ylego 2 0.02 0.14 -1 -1 0.009445602654828664 0.24460803138431242 -1 -1
rake ylego 2 0.02 0.14 -1 -1 -0.006838463023092631 0.1743366630902156 -1 -1
rake ylego 2 0.02 0.14 -1 -1 -0.013238186403885395 0.1922497991992952 -1 -1
rake ylego 2 0.02 0.14 -1 -1 0.0006086784851074323 0.24286335936989326 -1 -1
rake ylego 2 0.02 0.14 -1 -1 0.00909813281322631 0.24776950661191563 -1 -1
rake ylego 2 0.02 0.14 -1 -1 0.030192197918748682 0.2584336862948601 -1 -1
rake ylego 2 0.02 0.14 -1 -1 -0.011372347944395693 0.23190178429609645 -1 -1
rake ylego 2 0.02 0.14 -1 -1 0.01630148442100664 0.24673043065667757 -1 -1
rake ylego 2 0.02 0.14 -1 -1 0.008117304024801502 0.26154631148444346 -1 -1
rake ylego 2 0.02 0.14 -1 -1 0.02050105893797383 0.25688489459744235 -1 -1
rake ylego 2 0.02 0.14 -1 -1 0.006659890725780164 0.24377823988741187 -1 -1
rake ylego 2 0.02 0.14 -1 -1 -0.013394863969998212 0.19303880945736845 -1 -1
rake ylego 2 0.02 0.14 -1 -1 0.07364686415429984 0.24455076362765835 -1 -1
rake ylego 2 0.02 0.14 -1 -1 0.07561644193410784 0.22145017665062788 -1 -1
rake ylego 2 0.02 0.14 -1 -1 -0.01926959627089341 0.22997561801208 -1 -1
rake ylego 2 0.02 0.14 -1 -1 -0.01921940638722601 0.18573760302629 -1 -1
rake ylego 2 0.02 0.14 -1 -1 -0.006741515274122981 0.1630361429061127 -1 -1
rake ylego 2 0.02 0.14 -1 -1 0.011352244419353936 0.25953441965273627 -1 -1
rake ylego 2 0.02 0.14 -1 -1 0.0008641018083888318 0.21443655979538648 -1 -1
rake ylego 2 0.02 0.14 -1 -1 0.009797991226628203 0.24501928975498624 -1 -1
rake ylego 2 0.02 0.14 -1 -1 0.014047196114554803 0.24910964300869057 -1 -1
rake ylego 2 0.02 0.14 -1 -1 -0.005229876777153987 0.25917386779251794 -1 -1
rake ylego 2 0.02 0.14 -1 -1 0.011318947962152878 0.2436380998417392 -1 -1
rake ylego 2 0.02 0.14 -1 -1 -0.007970185391189996 0.13778869248354908 -1 -1
rake ylego 2 0.02 0.14 -1 -1 0.005743921558278081 0.2447356227199906 -1 -1
rake ylego 2 0.02 0.14 -1 -1 -0.004559743343456635 0.2578432065970817 -1 -1
rake ylego 2 0.02 0.14 -1 -1 -0.02082387112657886 0.22863718909132402 -1 -1
