rake ylego 2 0.02 0.14 -1 -1 -0.005375155936166703 0.2299314874136076 -1 -1
rake ylego 2 0.02 0.14 -1 -1 -0.0061060961347501165 0.22646829867508644 -1 -1
rake ylego 2 0.02 0.14 -1 -1 0.006639490167833 0.2608445216218855 -1 -1
rake ylego 2 0.02 0.14 -1 -1 0.014288721540386032 0.26054880180989964 -1 -1
rake ylego 2 0.02 0.14 -1 -1 -0.005915869812432505 0.22442584055899403 -1 -1
rake ylego 2 0.02 0.14 -1 -1 0.009666390223587775 0.2619130501151191 -1 -1
rake ylego 2 0.02 0.14 -1 -1 0.005339951949095186 0.2569293539823281 -1 -1
rake ylego 2 0.02 0.14 -1 -1 -0.005210697074004819 0.22827257143726792 -1 -1
rake ylego 2 0.02 0.14 -1 -1 -0.006744487105976359 0.22206302014687218 -1 -1
rake ylego 2 0.02 0.14 -1 -1 0.010354437061393579 0.25933134225795157 -1 -1
rake ylego 2 0.02 0.14 -1 -1 0.013685651809702002 0.26046417292731316 -1 -1
rake ylego 2 0.02 0.14 -1 -1 0.013523719652125142 0.2603838194489562 -1 -1
rake ylego 2 0.02 0.14 -1 -1 0.005551862468798938 0.2605291730534808 -1 -1
rake ylego 2 0.02 0.14 -1 -1 0.005737278604506389 0.2611714212144423 -1 -1
rake ylego 2 0.02 0.14 -1 -1 -0.0071551660203821085 0.25825616488852166 -1 -1
rake ylego 2 0.02 0.14 -1 -1 0.008767832004934792 0.25685826064681255 -1 -1
rake ylego 2 0.02 0.14 -1 -1 0.011548816852342861 0.263099813423276 -1 -1
rake ylego 2 0.02 0.14 -1 -1 0.005403250060238012 0.26086125277150074 -1 -1
rake ylego 2 0.02 0.14 -1 -1 -0.0060223311544022945 0.21941175317203312 -1 -1
rake ylego 2 0.02 0.14 -1 -1 -0.005375131875049094 0.221296326283666 -1 -1
rake ylego 2 0.02 0.14 -1 -1 -0.0003028628351165836 0.2523164403207832 -1 -1
rake ylego 2 0.02 0.14 -1 -1 0.006859840792762067 0.26101452733161373 -1 -1
rake ylego 2 0.02 0.14 -1 -1 0.013213112182078521 0.26030515754395944 -1 -1
rake ylego 2 0.02 0.14 -1 -1 0.006388277694437205 0.26072687408029166 -1 -1
rake ylego 2 0.02 0.14 -1 -1 -0.004788788647641902 0.21990402684895602 -1 -1
rake ylego 2 0.02 0.14 -1 -1 0.0019394767719030964 0.25948210240067515 -1 -1
rake ylego 2 0.02 0.14 -1 -1 0.010922258277548794 0.26102920812447383 -1 -1
rake ylego 2 0.02 0.14 -1 -1 -0.012337520198868988 0.25781071764042407 -1 -1
rake ylego 2 0.02 0.14 -1 -1 0.010388593343989373 0.2605798907433894 -1 -1
rake ylego 2 0.02 0.14 -1 -1 0.004176005220683688 0.25634435459932275 -1 -1
rake ylego 2 0.02 0.14 -1 -1 0.012805555692962331 0.260292577067961 -1 -1
rake ylego 2 0.02 0.14 -1 -1 -0.005211701551128551 0.2278103649348132 -1 -1
rake ylego 2 0.02 0.14 -1 -1 -0.00460841942149823 0.2183874782787754 -1 -1
rake ylego 2 0.02 0.14 -1 -1 -0.023573097081171675 0.24842051303523988 -1 -1
rake ylego 2 0.02 0.14 -1 -1 0.012885724182308806 0.2602951163637985 -1 -1
rake ylego 2 0.02 0.14 -1 -1 0.010467641012735967 0.26106710772117103 -1 -1
rake ylego 2 0.02 0.14 -1 -1 0.011056280316036775 0.2610775592905486 -1 -1
rake ylego 2 0.02 0.14 -1 -1 -0.019931912879997286 0.2508038707519163 -1 -1
rake ylego 2 0.02 0.14 -1 -1 0.006560477653767043 0.26111455956072444 -1 -1
rake ylego 2 0.02 0.14 -1 -1 0.005236548060632431 0.2589875951454618 -1 -1
