rake ylego 2 0.02 0.14 -1 -1 0.02015638407101812 0.2444319047895279 -1 -1 0 -1.5707963267948966 0 
rake ylego 2 0.02 0.14 -1 -1 0.018230757618384406 0.24438744140632884 -1 -1 0 -1.0471975511965976 0 
rake ylego 2 0.02 0.14 -1 -1 -0.004007915506940006 0.16692822334768528 -1 -1 0 -0.7853981633974483 0 
rake ylego 2 0.02 0.14 -1 -1 0.02245251254177201 0.24474248488980796 -1 -1 0 -0.5235987755982988 0 
rake ylego 2 0.02 0.14 -1 -1 0.022956034369034244 0.2447202017788611 -1 -1 0 -0.2617993877991494 0 
rake ylego 2 0.02 0.14 -1 -1 0.022943207966265425 0.2446318222565791 -1 -1 0 -0.08726646259971647 0 
rake ylego 2 0.02 0.14 -1 -1 0.022577806057815727 0.24458768060943906 -1 -1 0 0 0 
rake ylego 2 0.02 0.14 -1 -1 0.02282952311206807 0.24466344545575175 -1 -1 0 0.08726646259971647 0 
rake ylego 2 0.02 0.14 -1 -1 0.02290606984525119 0.24463884473030736 -1 -1 0 0.2617993877991494 0 
rake ylego 2 0.02 0.14 -1 -1 0.023061355941970115 0.24474360998583009 -1 -1 0 0.5235987755982988 0 
rake ylego 2 0.02 0.14 -1 -1 0.018219900421218908 0.24441604817284415 -1 -1 0 0.7853981633974483 0 
rake ylego 2 0.02 0.14 -1 -1 0.01768866018649976 0.24434664231582193 -1 -1 0 1.0471975511965976 0 
rake ylego 2 0.02 0.14 -1 -1 0.017824382507844152 0.24438881181051658 -1 -1 0 1.5707963267948966 0 
