rake ylego 2 0.02 0.14 -1 -1 0.025755703136893054 0.25679080787624425 -1 -1
rake ylego 2 0.02 0.14 -1 -1 -0.009613086028548674 0.1773385291845614 -1 -1
rake ylego 2 0.02 0.14 -1 -1 0.01730668958029232 0.25960565827294685 -1 -1
rake ylego 2 0.02 0.14 -1 -1 0.004014741175852067 0.2558889348090866 -1 -1
rake ylego 2 0.02 0.14 -1 -1 -0.0071884020208648316 0.21752222675869856 -1 -1
rake ylego 2 0.02 0.14 -1 -1 -0.01695095628847022 0.2556874079312087 -1 -1
rake ylego 2 0.02 0.14 -1 -1 -0.001942177358928473 0.2299957985781139 -1 -1
rake ylego 2 0.02 0.14 -1 -1 -0.002217164264071177 0.23960870085718194 -1 -1
rake ylego 2 0.02 0.14 -1 -1 -0.00926915854767642 0.17390617777717537 -1 -1
rake ylego 2 0.02 0.14 -1 -1 0.005304727566163498 0.26089718301854137 -1 -1
rake ylego 2 0.02 0.14 -1 -1 0.0624512485983511 0.22213297232452875 -1 -1
rake ylego 2 0.02 0.14 -1 -1 0.03456382098123945 0.2578542340507405 -1 -1
rake ylego 2 0.02 0.14 -1 -1 0.0012618070293019877 0.2579186781022335 -1 -1
rake ylego 2 0.02 0.14 -1 -1 -0.008683830735916529 0.17522135510744646 -1 -1
rake ylego 2 0.02 0.14 -1 -1 -0.0047753365719699365 0.2181210558455052 -1 -1
rake ylego 2 0.02 0.14 -1 -1 0.014630763323157336 0.2585044965095321 -1 -1
rake ylego 2 0.02 0.14 -1 -1 0.013842541301077519 0.26066480121413577 -1 -1
rake ylego 2 0.02 0.14 -1 -1 -0.006927336795696565 0.25742729282814836 -1 -1
rake ylego 2 0.02 0.14 -1 -1 -0.008847335325057992 0.15539839801072347 -1 -1
rake ylego 2 0.02 0.14 -1 -1 -0.006930143772443111 0.2245448771200951 -1 -1
rake ylego 2 0.02 0.14 -1 -1 -0.008934256335309622 0.17289501466277848 -1 -1
rake ylego 2 0.02 0.14 -1 -1 -0.010725204091753157 0.2558542687011859 -1 -1
rake ylego 2 0.02 0.14 -1 -1 0.03286386151359569 0.2560460867747732 -1 -1
rake ylego 2 0.02 0.14 -1 -1 -0.004068667817757568 0.2595566513742195 -1 -1
rake ylego 2 0.02 0.14 -1 -1 0.008393472845113463 0.26244380204851064 -1 -1
rake ylego 2 0.02 0.14 -1 -1 -0.01679616932796312 0.14946279871884344 -1 -1
rake ylego 2 0.02 0.14 -1 -1 0.013598673962055515 0.25672238646540835 -1 -1
rake ylego 2 0.02 0.14 -1 -1 -0.006287112500028981 0.25456350800492256 -1 -1
rake ylego 2 0.02 0.14 -1 -1 -0.00912290659212171 0.17609149504523378 -1 -1
rake ylego 2 0.02 0.14 -1 -1 0.0010783004439070675 0.26109875178849906 -1 -1
rake ylego 2 0.02 0.14 -1 -1 0.011982588557859265 0.2618095730063819 -1 -1
rake ylego 2 0.02 0.14 -1 -1 0.0005495048775673605 0.25910118396620496 -1 -1
rake ylego 2 0.02 0.14 -1 -1 0.018880146203187845 0.255491712870905 -1 -1
rake ylego 2 0.02 0.14 -1 -1 0.07867083753192321 0.17308536747809147 -1 -1
rake ylego 2 0.02 0.14 -1 -1 -0.0015911647077497277 0.2593830756982504 -1 -1
rake ylego 2 0.02 0.14 -1 -1 -0.01698323989481348 0.1487671226884255 -1 -1
rake ylego 2 0.02 0.14 -1 -1 -0.003599553843400755 0.25743822974016745 -1 -1
rake ylego 2 0.02 0.14 -1 -1 0.07832015296984716 0.15895798231439984 -1 -1
rake ylego 2 0.02 0.14 -1 -1 -0.016763335233697944 0.18916834230373927 -1 -1
rake ylego 2 0.02 0.14 -1 -1 0.005226168572237295 0.26053164223867553 -1 -1
