rake ylego 2 0.02 0.14 -1 -1 0.05638105948228336 0.2460916478093877 -1 -1
rake ylego 2 0.02 0.14 -1 -1 0.04260945200627627 0.2483682071870519 -1 -1
rake ylego 2 0.02 0.14 -1 -1 0.019915876492699016 0.24455694805416514 -1 -1
rake ylego 2 0.02 0.14 -1 -1 0.055281150700144416 0.2106281772024953 -1 -1
rake ylego 2 0.02 0.14 -1 -1 0.04284207095321447 0.24063102867631309 -1 -1
rake ylego 2 0.02 0.14 -1 -1 0.04263344933009485 0.24835922977586763 -1 -1
rake ylego 2 0.02 0.14 -1 -1 0.019981242492520503 0.247590344447385 -1 -1
rake ylego 2 0.02 0.14 -1 -1 0.05128432624437469 0.24995368827005923 -1 -1
rake ylego 2 0.02 0.14 -1 -1 0.05575932281433667 0.21292630307791474 -1 -1
rake ylego 2 0.02 0.14 -1 -1 0.056159318615945045 0.21558449255190462 -1 -1
rake ylego 2 0.02 0.14 -1 -1 0.042628910890975494 0.24836345191351608 -1 -1
rake ylego 2 0.02 0.14 -1 -1 0.055745328654681056 0.2127966265415889 -1 -1
rake ylego 2 0.02 0.14 -1 -1 0.0547207207123765 0.20836838080016654 -1 -1
rake ylego 2 0.02 0.14 -1 -1 0.05616025306361588 0.21561190652454446 -1 -1
rake ylego 2 0.02 0.14 -1 -1 0.042419022748193785 0.2484606785415983 -1 -1
rake ylego 2 0.02 0.14 -1 -1 0.020203035553687684 0.24564622211919518 -1 -1
rake ylego 2 0.02 0.14 -1 -1 0.05495121409631463 0.20939527399465488 -1 -1
rake ylego 2 0.02 0.14 -1 -1 0.0557455384956037 0.21278774091664493 -1 -1
rake ylego 2 0.02 0.14 -1 -1 0.046140231116044046 0.2378037091367765 -1 -1
rake ylego 2 0.02 0.14 -1 -1 0.059487268212541265 0.2435686197262161 -1 -1
rake ylego 2 0.02 0.14 -1 -1 0.055205485790913396 0.210348751156055 -1 -1
rake ylego 2 0.02 0.14 -1 -1 0.049113977890498345 0.24732334006951545 -1 -1
rake ylego 2 0.02 0.14 -1 -1 0.041875626264078904 0.24872681579726733 -1 -1
rake ylego 2 0.02 0.14 -1 -1 0.05582322913460007 0.21325904049285158 -1 -1
rake ylego 2 0.02 0.14 -1 -1 0.04132634742394502 0.24886883675358099 -1 -1
rake ylego 2 0.02 0.14 -1 -1 0.019912724755889337 0.2467348510268435 -1 -1
rake ylego 2 0.02 0.14 -1 -1 0.042185547467840624 0.2409965925906416 -1 -1
rake ylego 2 0.02 0.14 -1 -1 0.05682795021799806 0.2094387217502718 -1 -1
rake ylego 2 0.02 0.14 -1 -1 0.04270022446380544 0.248334912707264 -1 -1
rake ylego 2 0.02 0.14 -1 -1 0.05730265320915836 0.24759501921875274 -1 -1
rake ylego 2 0.02 0.14 -1 -1 0.019980994164781964 0.2444913844130031 -1 -1
rake ylego 2 0.02 0.14 -1 -1 0.055467966797520064 0.21140181123939147 -1 -1
rake ylego 2 0.02 0.14 -1 -1 0.04098032015785606 0.24886673874447426 -1 -1
rake ylego 2 0.02 0.14 -1 -1 0.04301525173502193 0.24051425371114418 -1 -1
rake ylego 2 0.02 0.14 -1 -1 0.04315175653846805 0.24041635783323081 -1 -1
rake ylego 2 0.02 0.14 -1 -1 0.06026702580565225 0.2149744533608485 -1 -1
rake ylego 2 0.02 0.14 -1 -1 0.04363213069289701 0.24006845574359972 -1 -1
rake ylego 2 0.02 0.14 -1 -1 0.05557929592317245 0.2119595561815346 -1 -1
rake ylego 2 0.02 0.14 -1 -1 0.01992633108073672 0.2446634592847847 -1 -1
rake ylego 2 0.02 0.14 -1 -1 0.04612164884083232 0.23779090404032138 -1 -1
rake ylego 2 0.02 0.14 -1 -1 0.04566690799418464 0.23834868963378583 -1 -1
rake ylego 2 0.02 0.14 -1 -1 0.055200077858733494 0.2103287584166081 -1 -1
rake ylego 2 0.02 0.14 -1 -1 0.019918305160050897 0.24463492724788563 -1 -1
rake ylego 2 0.02 0.14 -1 -1 0.019909405096882993 0.2445660366520055 -1 -1
rake ylego 2 0.02 0.14 -1 -1 0.04789057584004796 0.2525241182167577 -1 -1
rake ylego 2 0.02 0.14 -1 -1 0.05536896701840755 0.21097212038012927 -1 -1
rake ylego 2 0.02 0.14 -1 -1 0.04838250656959332 0.251693426560892 -1 -1
rake ylego 2 0.02 0.14 -1 -1 0.045505873523535224 0.23852335947899342 -1 -1
rake ylego 2 0.02 0.14 -1 -1 0.04152407190757692 0.24892250152068293 -1 -1
rake ylego 2 0.02 0.14 -1 -1 0.05545946470811594 0.21134597334976965 -1 -1
rake ylego 2 0.02 0.14 -1 -1 0.020482173418812418 0.24544375043624045 -1 -1
rake ylego 2 0.02 0.14 -1 -1 0.04623384677732947 0.23768732475154072 -1 -1
rake ylego 2 0.02 0.14 -1 -1 0.055754821101937205 0.2129060029031115 -1 -1
rake ylego 2 0.02 0.14 -1 -1 0.01997113707744864 0.2475672214357564 -1 -1
rake ylego 2 0.02 0.14 -1 -1 0.04794158110902081 0.25259629137699463 -1 -1
rake ylego 2 0.02 0.14 -1 -1 0.041610944653537936 0.24887864527244094 -1 -1
rake ylego 2 0.02 0.14 -1 -1 0.055184353282110916 0.2102432832582306 -1 -1
rake ylego 2 0.02 0.14 -1 -1 0.04650488243077164 0.23732523512615017 -1 -1
rake ylego 2 0.02 0.14 -1 -1 0.019930295743064864 0.2450543582640414 -1 -1
rake ylego 2 0.02 0.14 -1 -1 0.05573498460706465 0.21269509019915114 -1 -1
