rake ylego 2 0.02 0.14 -1 -1 0.01581878889382934 0.25112271857055574 -1 -1 0 0 -1.5707963267948966 
rake ylego 2 0.02 0.14 -1 -1 0.013166686934683106 0.26463592688814475 -1 -1 0 0 -1.0471975511965976 
rake ylego 2 0.02 0.14 -1 -1 -0.019178739776153947 0.23712027925266238 -1 -1 0 0 -0.7853981633974483 
rake ylego 2 0.02 0.14 -1 -1 0.01742460190769955 0.2579078495820479 -1 -1 0 0 -0.5235987755982988 
rake ylego 2 0.02 0.14 -1 -1 0.007303896193489319 0.2557169831161371 -1 -1 0 0 -0.2617993877991494 
rake ylego 2 0.02 0.14 -1 -1 -0.008962181073431356 0.2574715433690117 -1 -1 0 0 -0.08726646259971647 
rake ylego 2 0.02 0.14 -1 -1 0.0017068230323727509 0.25571935719969807 -1 -1 0 0 0 
rake ylego 2 0.02 0.14 -1 -1 -0.0063321618483350925 0.21844889535776335 -1 -1 0 0 0.08726646259971647 
rake ylego 2 0.02 0.14 -1 -1 0.0743452303123541 0.22128654139326276 -1 -1 0 0 0.2617993877991494 
rake ylego 2 0.02 0.14 -1 -1 -0.0026144214041912217 0.25732691702179195 -1 -1 0 0 0.5235987755982988 
rake ylego 2 0.02 0.14 -1 -1 -0.006681514048146902 0.25632997915728306 -1 -1 0 0 0.7853981633974483 
rake ylego 2 0.02 0.14 -1 -1 0.011899538503254745 0.25524354039287783 -1 -1 0 0 1.0471975511965976 
rake ylego 2 0.02 0.14 -1 -1 -0.004777178189863546 0.2350559243555352 -1 -1 0 0 1.5707963267948966 
