rake ylego 2 0.02 0.14 -1 -1 0.042172831266974194 0.24857933751710345 -1 -1
rake ylego 2 0.02 0.14 -1 -1 0.05170776262331766 0.2483886954294802 -1 -1
rake ylego 2 0.02 0.14 -1 -1 0.05512471586792201 0.20993609262209886 -1 -1
rake ylego 2 0.02 0.14 -1 -1 0.05534923169433721 0.2108479465571437 -1 -1
rake ylego 2 0.02 0.14 -1 -1 0.03969196118950179 0.2487288262426509 -1 -1
rake ylego 2 0.02 0.14 -1 -1 0.019935401063706 0.24719971291863582 -1 -1
rake ylego 2 0.02 0.14 -1 -1 0.020902412396498166 0.2454550566241038 -1 -1
rake ylego 2 0.02 0.14 -1 -1 0.05471880827546323 0.2085863449226729 -1 -1
rake ylego 2 0.02 0.14 -1 -1 0.0464839538182269 0.2373428944777644 -1 -1
rake ylego 2 0.02 0.14 -1 -1 0.055270164315882025 0.21057037303417664 -1 -1
rake ylego 2 0.02 0.14 -1 -1 0.04362185121120061 0.2400804814952104 -1 -1
rake ylego 2 0.02 0.14 -1 -1 0.05761433455242088 0.21034410116597116 -1 -1
rake ylego 2 0.02 0.14 -1 -1 0.05605389531467826 0.21477037275072214 -1 -1
rake ylego 2 0.02 0.14 -1 -1 0.05588272596413253 0.2136282556218121 -1 -1
rake ylego 2 0.02 0.14 -1 -1 0.019919520501037336 0.24473804116996878 -1 -1
rake ylego 2 0.02 0.14 -1 -1 0.05597320486103648 0.21427461884237295 -1 -1
rake ylego 2 0.02 0.14 -1 -1 0.05484542196642432 0.20897843814006462 -1 -1
rake ylego 2 0.02 0.14 -1 -1 0.0549873585137375 0.2094514598594706 -1 -1
rake ylego 2 0.02 0.14 -1 -1 0.04368857842434737 0.2400408568025297 -1 -1
rake ylego 2 0.02 0.14 -1 -1 0.024084486507690486 0.2469822144526754 -1 -1
