rake ylego 2 0.02 0.14 -1 -1 0.015424598981368743 0.253457889001053 -1 -1
rake ylego 2 0.02 0.14 -1 -1 0.021888515516387614 0.2671011065648113 -1 -1
rake ylego 2 0.02 0.14 -1 -1 -0.006119184662951507 0.1896362665858182 -1 -1
rake ylego 2 0.02 0.14 -1 -1 0.00460753244045009 0.2712118142456197 -1 -1
rake ylego 2 0.02 0.14 -1 -1 0.012256604506729342 0.27243852140118574 -1 -1
rake ylego 2 0.02 0.14 -1 -1 -0.02950414602672455 0.20488781596021757 -1 -1
rake ylego 2 0.02 0.14 -1 -1 0.005770277800683259 0.2543457400697885 -1 -1
rake ylego 2 0.02 0.14 -1 -1 0.018839685046415755 0.2712229306524744 -1 -1
rake ylego 2 0.02 0.14 -1 -1 0.025747380507430702 0.2721356799468064 -1 -1
rake ylego 2 0.02 0.14 -1 -1 0.019180943319316836 0.25441537853841095 -1 -1
rake ylego 2 0.02 0.14 -1 -1 0.009584958879033283 0.2513759075213811 -1 -1
rake ylego 2 0.02 0.14 -1 -1 0.003881697457038518 0.2602791359803358 -1 -1
rake ylego 2 0.02 0.14 -1 -1 0.0696813707876358 0.1753785998738145 -1 -1
rake ylego 2 0.02 0.14 -1 -1 0.003739092153449475 0.2393652340075435 -1 -1
rake ylego 2 0.02 0.14 -1 -1 0.029452988044435493 0.2546489433890031 -1 -1
rake ylego 2 0.02 0.14 -1 -1 2.6172835201493526e-05 0.2591941226659699 -1 -1
rake ylego 2 0.02 0.14 -1 -1 -0.010466815771296701 0.22905910157391263 -1 -1
rake ylego 2 0.02 0.14 -1 -1 0.0019485280219166965 0.2360870593955863 -1 -1
rake ylego 2 0.02 0.14 -1 -1 0.009181866102213493 0.24361447378206394 -1 -1
rake ylego 2 0.02 0.14 -1 -1 0.03701366459786597 0.26115128820316214 -1 -1
rake ylego 2 0.02 0.14 -1 -1 -0.0013177730918250122 0.23266235861767742 -1 -1
rake ylego 2 0.02 0.14 -1 -1 0.011739178120835204 0.2512198489762248 -1 -1
rake ylego 2 0.02 0.14 -1 -1 0.003299805150861428 0.26109942467493313 -1 -1
rake ylego 2 0.02 0.14 -1 -1 -0.0011514007316179335 0.2353641218739802 -1 -1
rake ylego 2 0.02 0.14 -1 -1 0.012421371094037544 0.2539002061469739 -1 -1
rake ylego 2 0.02 0.14 -1 -1 -0.007912586843581074 0.21672934484854728 -1 -1
rake ylego 2 0.02 0.14 -1 -1 0.005995289963480902 0.25701063702703386 -1 -1
rake ylego 2 0.02 0.14 -1 -1 0.07782134392675544 0.17351989424717704 -1 -1
rake ylego 2 0.02 0.14 -1 -1 0.005337939700209198 0.26148422261018317 -1 -1
rake ylego 2 0.02 0.14 -1 -1 0.00026115599109973554 0.2353542461887879 -1 -1
rake ylego 2 0.02 0.14 -1 -1 -0.008840884133430708 0.23007799997328085 -1 -1
rake ylego 2 0.02 0.14 -1 -1 -0.0050644406997577005 0.23240135943894136 -1 -1
rake ylego 2 0.02 0.14 -1 -1 -0.006219150820960894 0.1890094201019012 -1 -1
rake ylego 2 0.02 0.14 -1 -1 0.006910827669624729 0.2452434703770069 -1 -1
rake ylego 2 0.02 0.14 -1 -1 -0.00913638811601297 0.22967830855523225 -1 -1
rake ylego 2 0.02 0.14 -1 -1 0.003081419207775485 0.24054729147887619 -1 -1
rake ylego 2 0.02 0.14 -1 -1 -0.001008502468467364 0.2602917884517761 -1 -1
rake ylego 2 0.02 0.14 -1 -1 0.006152263703829344 0.26075688377408623 -1 -1
rake ylego 2 0.02 0.14 -1 -1 -0.0007159614024203256 0.23448560501751742 -1 -1
rake ylego 2 0.02 0.14 -1 -1 0.0774454042989813 0.1631352668553306 -1 -1
