rake ylego 2 0.02 0.14 -1 -1 0.05583421014272435 0.21339952993259306 -1 -1
rake ylego 2 0.02 0.14 -1 -1 0.055469418141870556 0.2114140432721133 -1 -1
rake ylego 2 0.02 0.14 -1 -1 0.05567976443463025 0.2125005191707775 -1 -1
rake ylego 2 0.02 0.14 -1 -1 0.04684927166365147 0.24965486447713425 -1 -1
rake ylego 2 0.02 0.14 -1 -1 0.042614368753174973 0.24836645926615267 -1 -1
rake ylego 2 0.02 0.14 -1 -1 0.04614603663573453 0.23779705114398897 -1 -1
rake ylego 2 0.02 0.14 -1 -1 0.05574940552935012 0.2128277828403146 -1 -1
rake ylego 2 0.02 0.14 -1 -1 0.049875822111314735 0.24795851148267417 -1 -1
rake ylego 2 0.02 0.14 -1 -1 0.05523445293193209 0.21036980378067796 -1 -1
rake ylego 2 0.02 0.14 -1 -1 0.04602186409563383 0.23795086937326218 -1 -1
rake ylego 2 0.02 0.14 -1 -1 0.04602571673001237 0.2379451882761434 -1 -1
rake ylego 2 0.02 0.14 -1 -1 0.01997275033415532 0.24450764641332162 -1 -1
rake ylego 2 0.02 0.14 -1 -1 0.0430142601442314 0.2405110382520665 -1 -1
rake ylego 2 0.02 0.14 -1 -1 0.019889995562506924 0.2445000891882777 -1 -1
rake ylego 2 0.02 0.14 -1 -1 0.04894671628633458 0.2513131710953337 -1 -1
rake ylego 2 0.02 0.14 -1 -1 0.05476885941901879 0.20875764227186222 -1 -1
rake ylego 2 0.02 0.14 -1 -1 0.019908984534786896 0.24697246395752462 -1 -1
rake ylego 2 0.02 0.14 -1 -1 0.042862684481108866 0.24061910916657875 -1 -1
rake ylego 2 0.02 0.14 -1 -1 0.055595064298529756 0.21207131049852293 -1 -1
rake ylego 2 0.02 0.14 -1 -1 0.05471060631794641 0.20854174388207292 -1 -1
rake ylego 2 0.02 0.14 -1 -1 0.019912194886077976 0.2467876921695722 -1 -1
rake ylego 2 0.02 0.14 -1 -1 0.05547815716409178 0.21146680611691404 -1 -1
rake ylego 2 0.02 0.14 -1 -1 0.04897237917791397 0.2518946370434049 -1 -1
rake ylego 2 0.02 0.14 -1 -1 0.021708828983320237 0.24622682946067082 -1 -1
rake ylego 2 0.02 0.14 -1 -1 0.05603340277384628 0.2146960948351033 -1 -1
rake ylego 2 0.02 0.14 -1 -1 0.06019845772446357 0.2148616716069843 -1 -1
rake ylego 2 0.02 0.14 -1 -1 0.05553358014656519 0.24792717958869778 -1 -1
rake ylego 2 0.02 0.14 -1 -1 0.054708411782842165 0.20852514221741855 -1 -1
rake ylego 2 0.02 0.14 -1 -1 0.0429323141352392 0.24056778347764537 -1 -1
rake ylego 2 0.02 0.14 -1 -1 0.04564663711831137 0.2383788511923415 -1 -1
rake ylego 2 0.02 0.14 -1 -1 0.01984157273676924 0.2453877516143877 -1 -1
rake ylego 2 0.02 0.14 -1 -1 0.04223189766887375 0.2485436895861327 -1 -1
rake ylego 2 0.02 0.14 -1 -1 0.046551755453541 0.23726034871083856 -1 -1
rake ylego 2 0.02 0.14 -1 -1 0.04689803264198695 0.23671299352047837 -1 -1
rake ylego 2 0.02 0.14 -1 -1 0.04079122829265222 0.24886307249034578 -1 -1
rake ylego 2 0.02 0.14 -1 -1 0.05588043630821477 0.2135633499159512 -1 -1
rake ylego 2 0.02 0.14 -1 -1 0.01990624841354237 0.24692863255651734 -1 -1
rake ylego 2 0.02 0.14 -1 -1 0.05546706752274453 0.21139751313742447 -1 -1
rake ylego 2 0.02 0.14 -1 -1 0.055151367489974464 0.2100740203524001 -1 -1
rake ylego 2 0.02 0.14 -1 -1 0.04378474306689553 0.2399654192379665 -1 -1
rake ylego 2 0.02 0.14 -1 -1 0.04377855278094917 0.23996339368580585 -1 -1
rake ylego 2 0.02 0.14 -1 -1 0.019976164074143824 0.24449669715874317 -1 -1
rake ylego 2 0.02 0.14 -1 -1 0.05575564986890043 0.21289933970904953 -1 -1
rake ylego 2 0.02 0.14 -1 -1 0.04176080064505373 0.24878876372665712 -1 -1
rake ylego 2 0.02 0.14 -1 -1 0.043427634372373465 0.24022218029125283 -1 -1
rake ylego 2 0.02 0.14 -1 -1 0.01987019906145809 0.2445900279130685 -1 -1
rake ylego 2 0.02 0.14 -1 -1 0.043022383722827275 0.24050483372112275 -1 -1
rake ylego 2 0.02 0.14 -1 -1 0.020506459867742344 0.24544503149229593 -1 -1
rake ylego 2 0.02 0.14 -1 -1 0.04854490323233883 0.24967969021022077 -1 -1
rake ylego 2 0.02 0.14 -1 -1 0.01983373129343218 0.2452806788513912 -1 -1
rake ylego 2 0.02 0.14 -1 -1 0.055355152359856455 0.20809980347415874 -1 -1
rake ylego 2 0.02 0.14 -1 -1 0.01996789035525572 0.24449878367656513 -1 -1
rake ylego 2 0.02 0.14 -1 -1 0.05495024516121759 0.20939211372355013 -1 -1
rake ylego 2 0.02 0.14 -1 -1 0.04168013734669996 0.24883312249460302 -1 -1
rake ylego 2 0.02 0.14 -1 -1 0.0433459492743717 0.240275816986057 -1 -1
rake ylego 2 0.02 0.14 -1 -1 0.045894297565568405 0.2380972294767254 -1 -1
rake ylego 2 0.02 0.14 -1 -1 0.05484762622880822 0.2089865948648369 -1 -1
rake ylego 2 0.02 0.14 -1 -1 0.04279574213298747 0.2482989387963984 -1 -1
rake ylego 2 0.02 0.14 -1 -1 0.019970700651989852 0.24449837146598938 -1 -1
rake ylego 2 0.02 0.14 -1 -1 0.0460054240919145 0.237969918875288 -1 -1
