rake ylego 2 0.02 0.14 -1 -1 0.022577806057815727 0.24458768060943906 -1 -1 0 0 0 
rake ylego 2 0.02 0.14 -1 -1 0.022897521759199527 0.24461257168640738 -1 -1 0 0 0.08726646259971647 
rake ylego 2 0.02 0.14 -1 -1 0.022806678874095498 0.24464598367713164 -1 -1 0 0 0.5235987755982988 
rake ylego 2 0.02 0.14 -1 -1 0.015553447188000603 0.24634416559027641 -1 -1 0 0 1.5707963267948966 
rake ylego 2 0.02 0.14 -1 -1 0.02314119882819302 0.2447936525891284 -1 -1 0 0.08726646259971647 0.08726646259971647 
rake ylego 2 0.02 0.14 -1 -1 0.02273381510354325 0.24469474275972766 -1 -1 0 0.08726646259971647 0.5235987755982988 
rake ylego 2 0.02 0.14 -1 -1 0.005838501269366872 0.24279771526332466 -1 -1 0 0.08726646259971647 1.5707963267948966 
rake ylego 2 0.02 0.14 -1 -1 0.021753891601364674 0.24468655383152407 -1 -1 0 0.5235987755982988 0.5235987755982988 
rake ylego 2 0.02 0.14 -1 -1 0.01688354410925378 0.24634784783390656 -1 -1 0 0.5235987755982988 1.5707963267948966 
rake ylego 2 0.02 0.14 -1 -1 0.0220404411029231 0.2463132545795799 -1 -1 0 1.5707963267948966 1.5707963267948966 
rake ylego 2 0.02 0.14 -1 -1 0.02333453746267699 0.24480317920960953 -1 -1 0.08726646259971647 0.08726646259971647 0.08726646259971647 
rake ylego 2 0.02 0.14 -1 -1 0.023459186277299177 0.24451474719830216 -1 -1 0.08726646259971647 0.08726646259971647 0.5235987755982988 
rake ylego 2 0.02 0.14 -1 -1 0.02212458476559059 0.2464930523976353 -1 -1 0.08726646259971647 0.08726646259971647 1.5707963267948966 
rake ylego 2 0.02 0.14 -1 -1 0.023220927228946305 0.24468582226197402 -1 -1 0.08726646259971647 0.5235987755982988 0.5235987755982988 
rake ylego 2 0.02 0.14 -1 -1 0.011837667336898164 0.24541469304294333 -1 -1 0.08726646259971647 0.5235987755982988 1.5707963267948966 
rake ylego 2 0.02 0.14 -1 -1 0.022583656475057442 0.24636801692388885 -1 -1 0.08726646259971647 1.5707963267948966 1.5707963267948966 
rake ylego 2 0.02 0.14 -1 -1 0.022094529527052938 0.24468589558482304 -1 -1 0.5235987755982988 0.5235987755982988 0.5235987755982988 
rake ylego 2 0.02 0.14 -1 -1 0.02394281398790787 0.23926170545884942 -1 -1 0.5235987755982988 0.5235987755982988 1.5707963267948966 
rake ylego 2 0.02 0.14 -1 -1 -0.006082840711084237 0.22288595400109742 -1 -1 0.5235987755982988 1.5707963267948966 1.5707963267948966 
rake ylego 2 0.02 0.14 -1 -1 0.01782438250723893 0.24438881181049174 -1 -1 1.5707963267948966 1.5707963267948966 1.5707963267948966 
