rake ylego 2 0.02 0.14 -1 -1 0.02501284183329048 0.2492845063110915 -1 -1 0 0 -1.5707963267948966 
rake ylego 2 0.02 0.14 -1 -1 -0.00931793592232498 0.20864743041335926 -1 -1 0 0 -1.0471975511965976 
rake ylego 2 0.02 0.14 -1 -1 -0.004952906509343119 0.2252117969986036 -1 -1 0 0 -0.7853981633974483 
rake ylego 2 0.02 0.14 -1 -1 0.023063063405988415 0.2446963438440805 -1 -1 0 0 -0.5235987755982988 
rake ylego 2 0.02 0.14 -1 -1 0.021497803216174498 0.24467682480093467 -1 -1 0 0 -0.2617993877991494 
rake ylego 2 0.02 0.14 -1 -1 0.022647972401495468 0.24471758889084613 -1 -1 0 0 -0.08726646259971647 
rake ylego 2 0.02 0.14 -1 -1 0.022577806057815727 0.24458768060943906 -1 -1 0 0 0 
rake ylego 2 0.02 0.14 -1 -1 0.022897521759199527 0.24461257168640738 -1 -1 0 0 0.08726646259971647 
rake ylego 2 0.02 0.14 -1 -1 0.023232148596826815 0.2446291466620887 -1 -1 0 0 0.2617993877991494 
rake ylego 2 0.02 0.14 -1 -1 0.022806678874095498 0.24464598367713164 -1 -1 0 0 0.5235987755982988 
rake ylego 2 0.02 0.14 -1 -1 0.023060174876070143 0.2446161205719739 -1 -1 0 0 0.7853981633974483 
rake ylego 2 0.02 0.14 -1 -1 0.014605800975660109 0.24605132604314678 -1 -1 0 0 1.0471975511965976 
rake ylego 2 0.02 0.14 -1 -1 0.015553447188000603 0.24634416559027641 -1 -1 0 0 1.5707963267948966 
