0.19636011667686326
0.3523843970270246
4.939611239028
0.8024136391243577
1.1152453456351163
0.5811146304978722
0.21782357290755483
0.22423207940997325
0.5365728280623723
0.32050913237657475
5.4489619233579
0.6012104559182937
0.8577410783440127
0.17728413754989897
0.24268674391176964
0.2882670174836823
0.3366779380605407
0.2766841567190002
3.579149742725564
0.20660128362234248
1.972885251254163
0.10586039786908813
0.2991589952073832
0.6231821320085864
0.28172145943694477
0.46377392876332174
1.2107016028760729
0.32201902751194206
1.692153392186976
0.4034761193851242
0.15601480811566465
0.12899010250326512
0.44047194793912225
0.27389263405175845
1.7733704009696747
0.5298226415758357
0.2198531272833695
0.35894936289636886
0.27807154404647383
0.05358084723574756
0.10632767106471697
0.3717338839596216
0.566691877463649
0.11817167200222567
2.409108148018636
0.5247799449734621
0.026327520713810323
0.6186052537595
0.4854791747879082
0.25657258677104816
6.036403789829972
0.07279466480974237
0.48662280745981024
0.8679174260985447
0.08547132873348062
0.15412517316203572
0.31458530709496174
0.3808652670636331
3.296442115247882
0.3957200283506604
1.0925716619643995
0.30290199762694164
0.07549941168963178
0.1368849806117187
0.694796185798968
1.069609023988582
1.3929833194625152
0.817832567728561
2.752311124064293
0.7433174255685411
0.026539867801041783
0.26159902800090123
0.38732907851648823
0.048898677874244956
1.7425874548449065
0.9731977475799531
0.43651602594821637
0.6991352989838504
0.023983744367921715
0.4293042625988795
0.7020485829535781
0.4544645020727293
0.8955376548482452
0.21535533418288857
5.512300402199715
0.3895338117962829
0.03833447897508547
0.3390000237587696
0.24406572303149043
0.12949245801008535
11.095706447610937
0.3129391283907407
1.464940801511481
0.13225640937447442
0.04258865285915799
0.47773083786692583
1.230619750355474
0.8468860655808937
0.5138991485903693
0.346336860008983
2.1793561130179104
0.35816753398871226
0.05475772384021131
0.2552141470050453
0.6685786692351299
0.6149477719893888
4.0059907240936985
1.1506341815563532
3.7393857223837124
0.25131582580170364
0.26135003839150694
0.30261339772224993
0.32217895394368007
0.7410203683558515
2.08894962077108
0.3470448136808615
1.6019877276962298
0.22708455762413043
0.050863404304556825
0.3923462907628441
0.12088159031766771
0.27766511604782834
12.404819642460415
0.8110781031962185
1.0886597996459186
0.2078202876152988
0.03876578950680906
0.10056484677903346
0.2288306229233512
0.8506534396728835
11.865769589110597
0.9001858651513999
0.40890644776199103
0.409101649081433
0.10641608362902555
0.2660772088661513
0.5244984695951731
0.2683355572875319
1.114972665667826
1.9595494917537
2.119452344114648
0.12636295207597842
0.053899969747308416
0.26814771197572734
0.059627805215712905
0.4206707713735387
3.593954910806369
0.44480411755349414
1.88701139799439
0.641801071499071
0.05770741413916941
0.10162150937173961
0.17041320468510773
0.58118809776194
4.506120436052817
0.2738788786745763
1.0860638903335178
0.8490053993571959
0.2618927953959978
0.8197396341188626
0.2076984544234035
0.710314719861679
1.4714928098625881
0.45090363664352556
1.65546547193965
0.5694076210638483
0.16819705378860106
0.0777552895290256
1.0973667053245038
0.6076743750114094
0.12872297410158315
0.33578808091113677
0.11570302754629436
0.27986438193100216
0.1462949474042244
0.19289347123683745
0.8777726045140062
1.140928071654382
6.679860636859942
0.35200964087877656
3.302692693017944
0.23738324553892118
0.1043676401165412
1.0481945377239197
0.5385855685751013
0.4155715796302116
6.640762239666312
0.2625702359196648
1.9910619623360528
0.19664903533088302
0.34137808288384897
0.716476530454677
0.2911759550581836
1.186910171653457
2.495874197576147
0.16501430641131476
0.44573027360651296
0.21260178003874355
0.1047055783505964
0.2966962146384967
0.08126088785080976
0.45652563970009485
16.334488891181103
0.24297709058434563
0.7091008013322038
0.20864946310128812
0.15174019175143427
0.1994581982353336
0.501233927308929
0.2715444838850433
1.4646836855323908
0.33385690676833635
0.9047840402972316
0.4651084025342447
0.055644166970728895
0.32861448748911215
0.0462696542831868
0.29367431780898634
7.348515382548152
0.6484919526129064
0.6358120257649187
0.24427277885030307
0.026740646792540138
1.4031970002083303
0.40757760721694775
0.95152840829299
3.7296588824147685
1.2804243333255663
1.5503704226762904
0.7271942072045112
0.5825427340017676
0.2965877475998159
0.28231803841602854
0.34844116543838605
9.268888336307512
0.22493785256848547
2.8519568020237056
0.5887505287025224
0.0623748860484665
0.4589091221090904
